1 0.08774038461538461 0.5432692307692307 0.17548076923076922 0.1778846153846154
1 0.1875 0.5072115384615384 0.13701923076923078 0.14423076923076922
1 0.28725961538461536 0.4963942307692308 0.08173076923076923 0.09375
1 0.3786057692307692 0.4639423076923077 0.042067307692307696 0.037259615384615384
1 0.5432692307692307 0.47475961538461536 0.05048076923076923 0.05048076923076923
1 0.6814903846153846 0.5132211538461539 0.109375 0.11298076923076923
1 0.8064903846153846 0.5757211538461539 0.22355769230769232 0.1971153846153846
0 0.9435096153846154 0.5564903846153846 0.11057692307692307 0.09735576923076923
2 0.9302884615384616 0.47716346153846156 0.030048076923076924 0.09975961538461539
2 0.49158653846153844 0.47596153846153844 0.020432692307692308 0.052884615384615384
2 0.46274038461538464 0.47115384615384615 0.021634615384615384 0.046875
1 0.9591346153846154 0.7524038461538461 0.07932692307692307 0.25600961538461536
1 0.5216346153846154 0.4651442307692308 0.026442307692307692 0.04326923076923077