2 0.5360576923076923 0.4651442307692308 0.019230769230769232 0.05048076923076923
2 0.5264423076923077 0.46634615384615385 0.019230769230769232 0.055288461538461536
2 0.4338942307692308 0.46274038461538464 0.019230769230769232 0.04326923076923077
1 0.8473557692307693 0.6033653846153846 0.2980769230769231 0.3125
1 0.9495192307692307 0.7884615384615384 0.09375 0.29086538461538464
1 0.39302884615384615 0.47115384615384615 0.04807692307692308 0.04447115384615385
1 0.28365384615384615 0.46875 0.051682692307692304 0.04326923076923077
1 0.03245192307692308 0.5612980769230769 0.06490384615384616 0.1658653846153846
1 0.5805288461538461 0.47115384615384615 0.057692307692307696 0.0625
1 0.3449519230769231 0.48197115384615385 0.06610576923076923 0.05889423076923077
1 0.1971153846153846 0.4651442307692308 0.051682692307692304 0.0625
1 0.13942307692307693 0.46634615384615385 0.09014423076923077 0.08173076923076923
1 0.078125 0.47836538461538464 0.14423076923076922 0.078125
1 0.4519230769230769 0.4543269230769231 0.02403846153846154 0.03365384615384615