2 0.6586538461538461 0.5925480769230769 0.07932692307692307 0.27163461538461536
2 0.375 0.6129807692307693 0.08774038461538461 0.2536057692307692
0 0.3786057692307692 0.7091346153846154 0.037259615384615384 0.14903846153846154
1 0.0673076923076923 0.6346153846153846 0.1346153846153846 0.234375
1 0.030048076923076924 0.47836538461538464 0.05889423076923077 0.078125
1 0.25841346153846156 0.4879807692307692 0.11057692307692307 0.06610576923076923
1 0.30288461538461536 0.5048076923076923 0.0985576923076923 0.08413461538461539
1 0.3701923076923077 0.47475961538461536 0.056490384615384616 0.055288461538461536
1 0.41225961538461536 0.46274038461538464 0.036057692307692304 0.046875
1 0.42908653846153844 0.453125 0.026442307692307692 0.038461538461538464
1 0.4362980769230769 0.4519230769230769 0.02403846153846154 0.037259615384615384
1 0.4699519230769231 0.4543269230769231 0.03125 0.03365384615384615
1 0.49399038461538464 0.4362980769230769 0.025240384615384616 0.025240384615384616
1 0.5793269230769231 0.46875 0.051682692307692304 0.0625
1 0.6189903846153846 0.49158653846153844 0.0829326923076923 0.10336538461538461
1 0.6887019230769231 0.5264423076923077 0.06129807692307692 0.10336538461538461
1 0.7391826923076923 0.47716346153846156 0.12860576923076922 0.06850961538461539
1 0.8786057692307693 0.46875 0.1201923076923077 0.08653846153846154
1 0.921875 0.47596153846153844 0.1466346153846154 0.07211538461538461
1 0.8689903846153846 0.6862980769230769 0.2548076923076923 0.29086538461538464
1 0.9651442307692307 0.859375 0.0625 0.2692307692307692