0 0.04807692307692308 0.5528846153846154 0.08653846153846154 0.12860576923076922
0 0.19591346153846154 0.5252403846153846 0.06129807692307692 0.08173076923076923
2 0.24278846153846154 0.47836538461538464 0.030048076923076924 0.109375
2 0.38100961538461536 0.46153846153846156 0.020432692307692308 0.05889423076923077
1 0.7223557692307693 0.5168269230769231 0.06971153846153846 0.10336538461538461
1 0.8052884615384616 0.5540865384615384 0.1971153846153846 0.1778846153846154
2 0.4795673076923077 0.46033653846153844 0.019230769230769232 0.04447115384615385
2 0.4675480769230769 0.46153846153846156 0.015625 0.04326923076923077
1 0.7007211538461539 0.49278846153846156 0.08653846153846154 0.09134615384615384
2 0.42788461538461536 0.46274038461538464 0.019230769230769232 0.046875
1 0.6526442307692307 0.47475961538461536 0.046875 0.05048076923076923
2 0.21875 0.4411057692307692 0.019230769230769232 0.046875
2 0.40024038461538464 0.46634615384615385 0.020432692307692308 0.055288461538461536