2 0.13221153846153846 0.5540865384615384 0.12860576923076922 0.30288461538461536
2 0.8786057692307693 0.49278846153846156 0.055288461538461536 0.22596153846153846
2 0.8197115384615384 0.49399038461538464 0.07211538461538461 0.23798076923076922
1 0.9483173076923077 0.43028846153846156 0.09975961538461539 0.10576923076923077
1 0.9507211538461539 0.49399038461538464 0.09254807692307693 0.11778846153846154
2 0.5504807692307693 0.4579326923076923 0.019230769230769232 0.04447115384615385
2 0.6418269230769231 0.46274038461538464 0.03125 0.06610576923076923
2 0.6201923076923077 0.46153846153846156 0.021634615384615384 0.06850961538461539
2 0.6081730769230769 0.4579326923076923 0.020432692307692308 0.056490384615384616
2 0.36658653846153844 0.46274038461538464 0.014423076923076924 0.027644230769230768
2 0.3762019230769231 0.46153846153846156 0.01201923076923077 0.028846153846153848
1 0.7271634615384616 0.46033653846153844 0.036057692307692304 0.06009615384615385