1 0.027644230769230768 0.5444711538461539 0.052884615384615384 0.10697115384615384
1 0.09495192307692307 0.5024038461538461 0.040865384615384616 0.06850961538461539
1 0.13822115384615385 0.48677884615384615 0.08653846153846154 0.056490384615384616
1 0.19471153846153846 0.46033653846153844 0.12139423076923077 0.08774038461538461
1 0.3245192307692308 0.5180288461538461 0.09735576923076923 0.09375
1 0.4987980769230769 0.44471153846153844 0.02403846153846154 0.027644230769230768
1 0.6081730769230769 0.5096153846153846 0.07451923076923077 0.08173076923076923
1 0.6682692307692307 0.5384615384615384 0.125 0.109375
1 0.7752403846153846 0.6105769230769231 0.1971153846153846 0.20072115384615385
1 0.8653846153846154 0.7331730769230769 0.2548076923076923 0.33413461538461536
1 0.28125 0.46634615384615385 0.052884615384615384 0.04447115384615385
1 0.3641826923076923 0.46153846153846156 0.046875 0.037259615384615384
1 0.44591346153846156 0.4543269230769231 0.026442307692307692 0.025240384615384616
1 0.5625 0.46634615384615385 0.037259615384615384 0.04447115384615385