2 0.6947115384615384 0.4807692307692308 0.030048076923076924 0.078125
2 0.6754807692307693 0.47115384615384615 0.026442307692307692 0.07451923076923077
2 0.5372596153846154 0.4639423076923077 0.025240384615384616 0.06850961538461539
1 0.8197115384615384 0.4723557692307692 0.171875 0.07451923076923077
1 0.5661057692307693 0.46153846153846156 0.040865384615384616 0.046875
1 0.375 0.4735576923076923 0.046875 0.052884615384615384
1 0.3317307692307692 0.49158653846153844 0.051682692307692304 0.06009615384615385
1 0.25961538461538464 0.5084134615384616 0.11778846153846154 0.11899038461538461
0 0.5384615384615384 0.49759615384615385 0.019230769230769232 0.040865384615384616
1 0.49038461538461536 0.4375 0.02403846153846154 0.02403846153846154
1 0.39663461538461536 0.46033653846153844 0.036057692307692304 0.040865384615384616