2 0.09735576923076923 0.5084134615384616 0.03485576923076923 0.10336538461538461
2 0.13221153846153846 0.49759615384615385 0.025240384615384616 0.08413461538461539
2 0.15384615384615385 0.4879807692307692 0.020432692307692308 0.09375
1 0.4963942307692308 0.4411057692307692 0.026442307692307692 0.03125
1 0.5588942307692307 0.44711538461538464 0.030048076923076924 0.038461538461538464
1 0.6105769230769231 0.4855769230769231 0.03125 0.06009615384615385
1 0.6466346153846154 0.49038461538461536 0.07451923076923077 0.08173076923076923
2 0.9423076923076923 0.5240384615384616 0.025240384615384616 0.09975961538461539
2 0.28846153846153844 0.45552884615384615 0.020432692307692308 0.046875
2 0.31971153846153844 0.46153846153846156 0.030048076923076924 0.055288461538461536
2 0.4098557692307692 0.44711538461538464 0.014423076923076924 0.03125