0 0.9314903846153846 0.5540865384615384 0.13221153846153846 0.25961538461538464
0 0.06009615384615385 0.5324519230769231 0.030048076923076924 0.04447115384615385
2 0.4230769230769231 0.48197115384615385 0.027644230769230768 0.08653846153846154
2 0.31971153846153844 0.48197115384615385 0.021634615384615384 0.08653846153846154
2 0.22115384615384615 0.46634615384615385 0.02403846153846154 0.055288461538461536
1 0.3786057692307692 0.47115384615384615 0.046875 0.04927884615384615
2 0.06370192307692307 0.48197115384615385 0.016826923076923076 0.052884615384615384
2 0.33653846153846156 0.46153846153846156 0.010817307692307692 0.040865384615384616
2 0.5564903846153846 0.46153846153846156 0.009615384615384616 0.038461538461538464
2 0.7175480769230769 0.45072115384615385 0.009615384615384616 0.025240384615384616
2 0.7007211538461539 0.4483173076923077 0.016826923076923076 0.028846153846153848
2 0.7271634615384616 0.4423076923076923 0.007211538461538462 0.021634615384615384
0 0.037259615384615384 0.5240384615384616 0.021634615384615384 0.0625
0 0.014423076923076924 0.5204326923076923 0.028846153846153848 0.06971153846153846