1 0.9435096153846154 0.5180288461538461 0.11057692307692307 0.1622596153846154
1 0.8786057692307693 0.4831730769230769 0.2403846153846154 0.18509615384615385
1 0.8004807692307693 0.47716346153846156 0.1346153846153846 0.15384615384615385
1 0.7199519230769231 0.48197115384615385 0.025240384615384616 0.046875
1 0.5925480769230769 0.49278846153846156 0.2283653846153846 0.3004807692307692
2 0.296875 0.48197115384615385 0.11899038461538461 0.29086538461538464
0 0.27163461538461536 0.6225961538461539 0.07451923076923077 0.1971153846153846
1 0.15504807692307693 0.4807692307692308 0.1814903846153846 0.234375
1 0.06850961538461539 0.5576923076923077 0.13581730769230768 0.23197115384615385
1 0.375 0.48677884615384615 0.04326923076923077 0.12740384615384615
1 0.41346153846153844 0.47115384615384615 0.14423076923076922 0.15264423076923078
1 0.33413461538461536 0.4723557692307692 0.07211538461538461 0.17548076923076922