1 0.1346153846153846 0.5264423076923077 0.22596153846153846 0.1346153846153846
1 0.41586538461538464 0.4831730769230769 0.1045673076923077 0.06850961538461539
1 0.8088942307692307 0.47115384615384615 0.09014423076923077 0.046875
1 0.8846153846153846 0.46153846153846156 0.07451923076923077 0.038461538461538464
2 0.6310096153846154 0.4699519230769231 0.020432692307692308 0.07211538461538461
2 0.6826923076923077 0.4699519230769231 0.025240384615384616 0.07211538461538461
2 0.7139423076923077 0.46634615384615385 0.027644230769230768 0.06490384615384616
2 0.3425480769230769 0.5 0.02403846153846154 0.09375
2 0.32572115384615385 0.4963942307692308 0.020432692307692308 0.10096153846153846
2 0.3112980769230769 0.4987980769230769 0.020432692307692308 0.10336538461538461
2 0.2824519230769231 0.4879807692307692 0.027644230769230768 0.10576923076923077
2 0.2620192307692308 0.49278846153846156 0.020432692307692308 0.11298076923076923
2 0.9290865384615384 0.4567307692307692 0.014423076923076924 0.04326923076923077
2 0.921875 0.45072115384615385 0.01201923076923077 0.038461538461538464
2 0.9098557692307693 0.4483173076923077 0.019230769230769232 0.03365384615384615
2 0.8413461538461539 0.44711538461538464 0.020432692307692308 0.03125
1 0.9807692307692307 0.46153846153846156 0.026442307692307692 0.040865384615384616
2 0.9759615384615384 0.44471153846153844 0.014423076923076924 0.027644230769230768
2 0.23557692307692307 0.46634615384615385 0.021634615384615384 0.046875
2 0.2127403846153846 0.46153846153846156 0.02403846153846154 0.040865384615384616