2 0.8185096153846154 0.5120192307692307 0.052884615384615384 0.16346153846153846
1 0.9026442307692307 0.49158653846153844 0.15625 0.09975961538461539
1 0.7668269230769231 0.5036057692307693 0.07692307692307693 0.10096153846153846
1 0.6742788461538461 0.4735576923076923 0.036057692307692304 0.06850961538461539
1 0.6069711538461539 0.49158653846153844 0.09495192307692307 0.09134615384615384
1 0.5408653846153846 0.45552884615384615 0.03245192307692308 0.040865384615384616
1 0.5096153846153846 0.46634615384615385 0.0625 0.0625
1 0.44591346153846156 0.4579326923076923 0.051682692307692304 0.056490384615384616
1 0.24759615384615385 0.48197115384615385 0.1045673076923077 0.10096153846153846
1 0.3918269230769231 0.45913461538461536 0.04326923076923077 0.046875
1 0.34975961538461536 0.46153846153846156 0.052884615384615384 0.0625
1 0.33774038461538464 0.4735576923076923 0.03125 0.06009615384615385
1 0.3076923076923077 0.47716346153846156 0.046875 0.07211538461538461
1 0.9759615384615384 0.47115384615384615 0.04567307692307692 0.07451923076923077