1 0.11778846153846154 0.5204326923076923 0.23317307692307693 0.1935096153846154
1 0.2644230769230769 0.5132211538461539 0.08653846153846154 0.11298076923076923
1 0.3016826923076923 0.484375 0.09735576923076923 0.109375
1 0.3605769230769231 0.47716346153846156 0.046875 0.040865384615384616
1 0.43028846153846156 0.46274038461538464 0.04807692307692308 0.04326923076923077
1 0.5144230769230769 0.4543269230769231 0.02403846153846154 0.028846153846153848
1 0.5949519230769231 0.47115384615384615 0.05048076923076923 0.04447115384615385
1 0.7463942307692307 0.546875 0.1310096153846154 0.140625
1 0.8713942307692307 0.5877403846153846 0.25 0.21514423076923078
2 0.7355769230769231 0.4639423076923077 0.019230769230769232 0.037259615384615384
1 0.671875 0.5024038461538461 0.08413461538461539 0.09134615384615384
1 0.4567307692307692 0.46033653846153844 0.026442307692307692 0.040865384615384616
2 0.4891826923076923 0.45552884615384615 0.01201923076923077 0.03125
1 0.5625 0.4579326923076923 0.025240384615384616 0.028846153846153848
1 0.8894230769230769 0.47836538461538464 0.11778846153846154 0.03485576923076923