1 0.09134615384615384 0.5408653846153846 0.18028846153846154 0.15985576923076922
1 0.25961538461538464 0.49278846153846156 0.1875 0.12860576923076922
1 0.38221153846153844 0.46153846153846156 0.037259615384615384 0.028846153846153848
1 0.4675480769230769 0.45913461538461536 0.040865384615384616 0.03485576923076923
1 0.6189903846153846 0.47716346153846156 0.0625 0.07211538461538461
1 0.6346153846153846 0.49759615384615385 0.06610576923076923 0.078125
1 0.71875 0.5384615384615384 0.1778846153846154 0.140625
1 0.8713942307692307 0.6454326923076923 0.2548076923076923 0.30649038461538464
1 0.7127403846153846 0.4543269230769231 0.06850961538461539 0.037259615384615384
1 0.8942307692307693 0.47475961538461536 0.08653846153846154 0.04326923076923077
1 0.9615384615384616 0.4831730769230769 0.06129807692307692 0.04447115384615385
1 0.36658653846153844 0.47596153846153844 0.030048076923076924 0.06009615384615385
2 0.5096153846153846 0.4675480769230769 0.016826923076923076 0.040865384615384616
2 0.4891826923076923 0.4675480769230769 0.019230769230769232 0.040865384615384616