1 0.9495192307692307 0.5180288461538461 0.09375 0.06009615384615385
1 0.8317307692307693 0.49158653846153844 0.05889423076923077 0.04447115384615385
1 0.7175480769230769 0.48677884615384615 0.17307692307692307 0.06610576923076923
1 0.6262019230769231 0.49399038461538464 0.051682692307692304 0.038461538461538464
1 0.5709134615384616 0.5120192307692307 0.036057692307692304 0.03125
1 0.5276442307692307 0.49038461538461536 0.12379807692307693 0.0625
1 0.46274038461538464 0.49278846153846156 0.0829326923076923 0.038461538461538464
1 0.3737980769230769 0.49158653846153844 0.04807692307692308 0.040865384615384616
1 0.20432692307692307 0.47596153846153844 0.09375 0.06971153846153846
1 0.8918269230769231 0.4951923076923077 0.0829326923076923 0.06850961538461539
1 0.9627403846153846 0.48197115384615385 0.05889423076923077 0.06490384615384616