1 0.03485576923076923 0.6310096153846154 0.06971153846153846 0.24278846153846154
1 0.18629807692307693 0.5480769230769231 0.16826923076923078 0.1778846153846154
1 0.29086538461538464 0.5240384615384616 0.0673076923076923 0.09975961538461539
1 0.3894230769230769 0.46634615384615385 0.052884615384615384 0.06971153846153846
1 0.5793269230769231 0.47115384615384615 0.04567307692307692 0.04447115384615385
1 0.6045673076923077 0.49158653846153844 0.052884615384615384 0.06490384615384616
1 0.6213942307692307 0.5072115384615384 0.04807692307692308 0.07572115384615384
1 0.6814903846153846 0.5408653846153846 0.09375 0.12139423076923077
1 0.7716346153846154 0.5865384615384616 0.2283653846153846 0.21875
1 0.8737980769230769 0.7247596153846154 0.24519230769230768 0.34375
1 0.41586538461538464 0.46274038461538464 0.02403846153846154 0.038461538461538464
1 0.43149038461538464 0.45552884615384615 0.021634615384615384 0.03125
2 0.4495192307692308 0.44711538461538464 0.020432692307692308 0.04326923076923077
2 0.47475961538461536 0.44711538461538464 0.020432692307692308 0.03485576923076923
2 0.49278846153846156 0.44591346153846156 0.019230769230769232 0.040865384615384616
1 0.5504807692307693 0.45072115384615385 0.03485576923076923 0.04447115384615385