1 0.07451923076923077 0.6021634615384616 0.1466346153846154 0.30649038461538464
1 0.18629807692307693 0.5625 0.11778846153846154 0.16826923076923078
1 0.26802884615384615 0.5396634615384616 0.0673076923076923 0.10697115384615384
1 0.3942307692307692 0.47115384615384615 0.0625 0.06850961538461539
1 0.4387019230769231 0.46153846153846156 0.040865384615384616 0.04447115384615385
1 0.46153846153846156 0.4519230769230769 0.036057692307692304 0.056490384615384616
1 0.6213942307692307 0.47836538461538464 0.0673076923076923 0.06971153846153846
1 0.7752403846153846 0.45072115384615385 0.052884615384615384 0.05889423076923077
1 0.8004807692307693 0.45552884615384615 0.04567307692307692 0.06009615384615385
1 0.8064903846153846 0.46634615384615385 0.051682692307692304 0.07451923076923077
1 0.9146634615384616 0.4543269230769231 0.16706730769230768 0.09134615384615384
1 0.49759615384615385 0.4495192307692308 0.026442307692307692 0.03125
1 0.5144230769230769 0.44471153846153844 0.02403846153846154 0.027644230769230768
1 0.5360576923076923 0.43990384615384615 0.021634615384615384 0.025240384615384616