2 0.9098557692307693 0.7259615384615384 0.1346153846153846 0.46875
2 0.3858173076923077 0.6153846153846154 0.09735576923076923 0.25
2 0.3942307692307692 0.48677884615384615 0.030048076923076924 0.08173076923076923
0 0.3737980769230769 0.6947115384615384 0.05889423076923077 0.15865384615384615
1 0.037259615384615384 0.6778846153846154 0.06971153846153846 0.21514423076923078
1 0.10697115384615384 0.609375 0.21153846153846154 0.21514423076923078
1 0.28846153846153844 0.5180288461538461 0.1201923076923077 0.11778846153846154
1 0.3329326923076923 0.4891826923076923 0.0625 0.09615384615384616
1 0.4230769230769231 0.46875 0.042067307692307696 0.05048076923076923
1 0.46153846153846156 0.4543269230769231 0.036057692307692304 0.03365384615384615
1 0.5865384615384616 0.45552884615384615 0.036057692307692304 0.037259615384615384
1 0.6153846153846154 0.49278846153846156 0.04326923076923077 0.07211538461538461
1 0.6514423076923077 0.49759615384615385 0.06610576923076923 0.07211538461538461
1 0.6730769230769231 0.5132211538461539 0.08774038461538461 0.08774038461538461
1 0.6850961538461539 0.5288461538461539 0.07932692307692307 0.08774038461538461
1 0.7560096153846154 0.5600961538461539 0.15625 0.140625
1 0.6802884615384616 0.4375 0.025240384615384616 0.038461538461538464
1 0.7283653846153846 0.4362980769230769 0.0829326923076923 0.037259615384615384
1 0.49399038461538464 0.43990384615384615 0.02403846153846154 0.03365384615384615
1 0.5144230769230769 0.44350961538461536 0.019230769230769232 0.02403846153846154
1 0.53125 0.43990384615384615 0.019230769230769232 0.027644230769230768