1 0.09014423076923077 0.5336538461538461 0.07932692307692307 0.05889423076923077
1 0.15985576923076922 0.5336538461538461 0.05889423076923077 0.052884615384615384
2 0.019230769230769232 0.5264423076923077 0.02403846153846154 0.052884615384615384
2 0.04567307692307692 0.5240384615384616 0.02403846153846154 0.06009615384615385
2 0.7331730769230769 0.5384615384615384 0.026442307692307692 0.12139423076923077
2 0.7043269230769231 0.5649038461538461 0.026442307692307692 0.078125
2 0.5901442307692307 0.5661057692307693 0.025240384615384616 0.07451923076923077
2 0.5637019230769231 0.5492788461538461 0.027644230769230768 0.10336538461538461
2 0.8221153846153846 0.5492788461538461 0.026442307692307692 0.08413461538461539
2 0.8798076923076923 0.5829326923076923 0.03125 0.06490384615384616
2 0.8317307692307693 0.5757211538461539 0.026442307692307692 0.052884615384615384