2 0.33052884615384615 0.5132211538461539 0.057692307692307696 0.19471153846153846
2 0.47596153846153844 0.49759615384615385 0.051682692307692304 0.19471153846153846
2 0.5564903846153846 0.4951923076923077 0.055288461538461536 0.18509615384615385
2 0.6141826923076923 0.5168269230769231 0.08413461538461539 0.23197115384615385
1 0.19110576923076922 0.4795673076923077 0.04807692307692308 0.06850961538461539
1 0.09975961538461539 0.48197115384615385 0.14423076923076922 0.09134615384615384
2 0.6442307692307693 0.49759615384615385 0.05889423076923077 0.25961538461538464
0 0.9807692307692307 0.5288461538461539 0.03485576923076923 0.08173076923076923
1 0.12620192307692307 0.46153846153846156 0.0889423076923077 0.055288461538461536
1 0.04807692307692308 0.47716346153846156 0.09615384615384616 0.09375
1 0.052884615384615384 0.49759615384615385 0.055288461538461536 0.06971153846153846
1 0.015625 0.4963942307692308 0.03125 0.09735576923076923