2 0.6033653846153846 0.46033653846153844 0.02403846153846154 0.08774038461538461
2 0.6274038461538461 0.4639423076923077 0.020432692307692308 0.08413461538461539
2 0.6730769230769231 0.4579326923076923 0.03245192307692308 0.11899038461538461
2 0.24158653846153846 0.48677884615384615 0.026442307692307692 0.08413461538461539
2 0.21995192307692307 0.4951923076923077 0.025240384615384616 0.07211538461538461
1 0.8112980769230769 0.4651442307692308 0.06129807692307692 0.08173076923076923
1 0.9254807692307693 0.4483173076923077 0.14543269230769232 0.13822115384615385
1 0.8317307692307693 0.4675480769230769 0.03125 0.07211538461538461
1 0.9555288461538461 0.48677884615384615 0.0829326923076923 0.12740384615384615
1 0.7295673076923077 0.46033653846153844 0.03485576923076923 0.052884615384615384
2 0.3762019230769231 0.4639423076923077 0.01201923076923077 0.028846153846153848
2 0.171875 0.47836538461538464 0.019230769230769232 0.04326923076923077
2 0.12860576923076922 0.48677884615384615 0.021634615384615384 0.03485576923076923