1 0.06370192307692307 0.6382211538461539 0.12139423076923077 0.22235576923076922
1 0.140625 0.5685096153846154 0.1622596153846154 0.18389423076923078
1 0.27884615384615385 0.5180288461538461 0.10817307692307693 0.09014423076923077
1 0.5877403846153846 0.47836538461538464 0.051682692307692304 0.05048076923076923
1 0.6009615384615384 0.49278846153846156 0.04567307692307692 0.06009615384615385
1 0.640625 0.5084134615384616 0.08774038461538461 0.08774038461538461
1 0.7512019230769231 0.5925480769230769 0.171875 0.1658653846153846
1 0.8737980769230769 0.6802884615384616 0.24879807692307693 0.25600961538461536
1 0.9615384615384616 0.8088942307692307 0.0625 0.2848557692307692
1 0.3473557692307692 0.45913461538461536 0.03485576923076923 0.038461538461538464
1 0.40024038461538464 0.46634615384615385 0.03485576923076923 0.046875
1 0.38100961538461536 0.47596153846153844 0.04326923076923077 0.046875
1 0.08173076923076923 0.48197115384615385 0.07451923076923077 0.052884615384615384
2 0.4254807692307692 0.4483173076923077 0.014423076923076924 0.037259615384615384
2 0.4519230769230769 0.4483173076923077 0.014423076923076924 0.040865384615384616
1 0.5036057692307693 0.4362980769230769 0.021634615384615384 0.025240384615384616
1 0.5432692307692307 0.45072115384615385 0.030048076923076924 0.03125