0 0.03125 0.5216346153846154 0.0625 0.08173076923076923
0 0.13221153846153846 0.5 0.03485576923076923 0.05048076923076923
0 0.17067307692307693 0.5072115384615384 0.027644230769230768 0.06850961538461539
0 0.2668269230769231 0.5384615384615384 0.0625 0.11778846153846154
2 0.036057692307692304 0.45552884615384615 0.046875 0.13701923076923078
2 0.13581730769230768 0.4411057692307692 0.040865384615384616 0.09375
2 0.17307692307692307 0.44471153846153844 0.040865384615384616 0.11899038461538461
2 0.25961538461538464 0.4735576923076923 0.06610576923076923 0.1814903846153846
2 0.6766826923076923 0.46875 0.040865384615384616 0.15264423076923078
1 0.09014423076923077 0.453125 0.078125 0.09735576923076923
1 0.46274038461538464 0.4254807692307692 0.07692307692307693 0.09014423076923077
1 0.48677884615384615 0.45552884615384615 0.09495192307692307 0.11298076923076923
1 0.4182692307692308 0.42427884615384615 0.026442307692307692 0.0625
1 0.39663461538461536 0.40384615384615385 0.03125 0.03485576923076923