2 0.7800480769230769 0.43509615384615385 0.019230769230769232 0.07211538461538461
2 0.7644230769230769 0.43509615384615385 0.019230769230769232 0.06850961538461539
2 0.7367788461538461 0.45072115384615385 0.04567307692307692 0.11538461538461539
2 0.5012019230769231 0.4338942307692308 0.019230769230769232 0.03485576923076923
1 0.4675480769230769 0.43990384615384615 0.027644230769230768 0.03125
1 0.3942307692307692 0.43990384615384615 0.03125 0.027644230769230768
2 0.2091346153846154 0.43990384615384615 0.01201923076923077 0.05048076923076923
2 0.19471153846153846 0.42788461538461536 0.009615384615384616 0.038461538461538464
2 0.13942307692307693 0.49038461538461536 0.08653846153846154 0.4411057692307692
2 0.04447115384615385 0.49158653846153844 0.0889423076923077 0.5096153846153846
2 0.24639423076923078 0.4362980769230769 0.014423076923076924 0.04927884615384615