2 0.1658653846153846 0.49759615384615385 0.056490384615384616 0.16947115384615385
2 0.12139423076923077 0.45552884615384615 0.025240384615384616 0.07451923076923077
2 0.6935096153846154 0.45072115384615385 0.02403846153846154 0.08052884615384616
2 0.7524038461538461 0.43509615384615385 0.020432692307692308 0.038461538461538464
2 0.7259615384615384 0.43509615384615385 0.025240384615384616 0.038461538461538464
2 0.7980769230769231 0.4326923076923077 0.016826923076923076 0.028846153846153848
1 0.33653846153846156 0.46634615384615385 0.06610576923076923 0.06009615384615385
2 0.5204326923076923 0.4543269230769231 0.015625 0.06009615384615385
2 0.2704326923076923 0.4543269230769231 0.021634615384615384 0.06009615384615385
2 0.30649038461538464 0.44471153846153844 0.010817307692307692 0.03125
2 0.3713942307692308 0.4639423076923077 0.01201923076923077 0.052884615384615384
1 0.38461538461538464 0.45072115384615385 0.01201923076923077 0.019230769230769232
2 0.8497596153846154 0.42427884615384615 0.009615384615384616 0.021634615384615384
2 0.010817307692307692 0.5108173076923077 0.021634615384615384 0.1502403846153846