1 0.8088942307692307 0.4639423076923077 0.056490384615384616 0.06490384615384616
1 0.9254807692307693 0.44711538461538464 0.1466346153846154 0.13701923076923078
1 0.9519230769230769 0.49158653846153844 0.09254807692307693 0.11899038461538461
2 0.7067307692307693 0.47836538461538464 0.03245192307692308 0.10576923076923077
2 0.6826923076923077 0.47115384615384615 0.027644230769230768 0.11538461538461539
2 0.6538461538461539 0.46875 0.02403846153846154 0.08653846153846154
2 0.6346153846153846 0.4699519230769231 0.02403846153846154 0.08774038461538461
1 0.44711538461538464 0.4723557692307692 0.036057692307692304 0.038461538461538464
2 0.5492788461538461 0.45913461538461536 0.014423076923076924 0.046875
2 0.5793269230769231 0.4639423076923077 0.025240384615384616 0.056490384615384616
2 0.6009615384615384 0.4579326923076923 0.025240384615384616 0.06009615384615385
2 0.16826923076923078 0.4807692307692308 0.019230769230769232 0.04326923076923077
2 0.12620192307692307 0.4879807692307692 0.019230769230769232 0.03485576923076923
2 0.11177884615384616 0.49038461538461536 0.020432692307692308 0.046875
2 0.3629807692307692 0.46274038461538464 0.01201923076923077 0.027644230769230768
2 0.3737980769230769 0.46153846153846156 0.009615384615384616 0.027644230769230768
2 0.3798076923076923 0.46033653846153844 0.009615384615384616 0.025240384615384616