2 0.7800480769230769 0.5252403846153846 0.06850961538461539 0.11778846153846154
2 0.6983173076923077 0.4411057692307692 0.021634615384615384 0.03125
1 0.6490384615384616 0.5132211538461539 0.17067307692307693 0.140625
1 0.5697115384615384 0.48197115384615385 0.11538461538461539 0.12860576923076922
1 0.515625 0.47596153846153844 0.03485576923076923 0.08653846153846154
1 0.4891826923076923 0.4723557692307692 0.037259615384615384 0.05048076923076923
1 0.44711538461538464 0.46153846153846156 0.025240384615384616 0.03365384615384615
1 0.41346153846153844 0.46875 0.03485576923076923 0.04326923076923077
1 0.33052884615384615 0.4651442307692308 0.057692307692307696 0.06610576923076923
1 0.2608173076923077 0.4723557692307692 0.025240384615384616 0.06971153846153846
1 0.21153846153846154 0.47716346153846156 0.06971153846153846 0.07572115384615384