1 0.6526442307692307 0.4483173076923077 0.07211538461538461 0.10336538461538461
2 0.6069711538461539 0.45072115384615385 0.03245192307692308 0.09615384615384616
2 0.5793269230769231 0.44711538461538464 0.03245192307692308 0.10096153846153846
2 0.3870192307692308 0.4326923076923077 0.03245192307692308 0.07572115384615384
1 0.3485576923076923 0.43509615384615385 0.05889423076923077 0.0625
1 0.19591346153846154 0.43149038461538464 0.0673076923076923 0.05889423076923077
1 0.051682692307692304 0.43028846153846156 0.08413461538461539 0.09735576923076923
1 0.11899038461538461 0.4230769230769231 0.05048076923076923 0.06490384615384616
1 0.2620192307692308 0.45072115384615385 0.11778846153846154 0.10336538461538461
1 0.10216346153846154 0.4014423076923077 0.10817307692307693 0.07572115384615384
1 0.4074519230769231 0.43149038461538464 0.03125 0.05048076923076923
1 0.4326923076923077 0.42908653846153844 0.025240384615384616 0.04447115384615385
1 0.4519230769230769 0.4266826923076923 0.021634615384615384 0.037259615384615384
1 0.46274038461538464 0.41947115384615385 0.027644230769230768 0.037259615384615384