2 0.44471153846153844 0.45913461538461536 0.03485576923076923 0.05889423076923077
2 0.5012019230769231 0.46153846153846156 0.036057692307692304 0.056490384615384616
2 0.6862980769230769 0.5084134615384616 0.052884615384615384 0.26322115384615385
2 0.7572115384615384 0.5192307692307693 0.06971153846153846 0.24278846153846154
2 0.6502403846153846 0.515625 0.051682692307692304 0.296875
1 0.8052884615384616 0.42427884615384615 0.109375 0.052884615384615384
1 0.8846153846153846 0.5108173076923077 0.203125 0.15865384615384615
1 0.6153846153846154 0.49399038461538464 0.04326923076923077 0.08173076923076923
1 0.5769230769230769 0.4795673076923077 0.10336538461538461 0.09134615384615384
1 0.11658653846153846 0.4182692307692308 0.0889423076923077 0.06610576923076923
1 0.15264423076923078 0.4807692307692308 0.09254807692307693 0.078125
1 0.08653846153846154 0.4879807692307692 0.17067307692307693 0.12139423076923077
1 0.3329326923076923 0.46634615384615385 0.06850961538461539 0.055288461538461536
1 0.4326923076923077 0.4495192307692308 0.07451923076923077 0.10096153846153846
1 0.3870192307692308 0.4735576923076923 0.05048076923076923 0.056490384615384616