2 0.5649038461538461 0.47596153846153844 0.026442307692307692 0.08173076923076923
2 0.5925480769230769 0.4699519230769231 0.021634615384615384 0.09134615384615384
2 0.6742788461538461 0.43028846153846156 0.020432692307692308 0.03125
1 0.6478365384615384 0.4495192307692308 0.020432692307692308 0.027644230769230768
2 0.6346153846153846 0.46033653846153844 0.027644230769230768 0.08413461538461539
1 0.7307692307692307 0.4567307692307692 0.03485576923076923 0.055288461538461536
1 0.8064903846153846 0.46153846153846156 0.055288461538461536 0.07451923076923077
1 0.921875 0.41947115384615385 0.140625 0.08653846153846154
1 0.9242788461538461 0.45552884615384615 0.12980769230769232 0.109375
1 0.9471153846153846 0.49158653846153844 0.08413461538461539 0.09975961538461539
2 0.16826923076923078 0.47836538461538464 0.019230769230769232 0.038461538461538464
2 0.12740384615384615 0.4879807692307692 0.020432692307692308 0.03125
1 0.34134615384615385 0.5889423076923077 0.5204326923076923 0.25961538461538464