1 0.27283653846153844 0.47115384615384615 0.11778846153846154 0.0625
1 0.5408653846153846 0.47115384615384615 0.026442307692307692 0.04326923076923077
1 0.5793269230769231 0.4831730769230769 0.0625 0.06850961538461539
2 0.6899038461538461 0.46634615384615385 0.020432692307692308 0.08774038461538461
2 0.49759615384615385 0.48197115384615385 0.057692307692307696 0.12860576923076922
2 0.8209134615384616 0.6081730769230769 0.10096153846153846 0.40865384615384615
2 0.13701923076923078 0.6153846153846154 0.11778846153846154 0.578125
2 0.8653846153846154 0.43990384615384615 0.027644230769230768 0.04326923076923077
2 0.9831730769230769 0.4495192307692308 0.027644230769230768 0.05048076923076923
2 0.05889423076923077 0.43990384615384615 0.02403846153846154 0.03125
2 0.0985576923076923 0.43990384615384615 0.019230769230769232 0.027644230769230768
2 0.078125 0.4387019230769231 0.019230769230769232 0.028846153846153848
2 0.7043269230769231 0.4639423076923077 0.021634615384615384 0.07572115384615384