1 0.5865384615384616 0.43990384615384615 0.1045673076923077 0.05048076923076923
0 0.5408653846153846 0.4639423076923077 0.025240384615384616 0.037259615384615384
1 0.4963942307692308 0.4254807692307692 0.04807692307692308 0.046875
1 0.46274038461538464 0.421875 0.02403846153846154 0.046875
1 0.44591346153846156 0.4206730769230769 0.02403846153846154 0.040865384615384616
1 0.4387019230769231 0.41947115384615385 0.02403846153846154 0.038461538461538464
0 0.5048076923076923 0.46274038461538464 0.025240384615384616 0.03125
1 0.4050480769230769 0.40625 0.03245192307692308 0.01201923076923077
2 0.4098557692307692 0.44350961538461536 0.020432692307692308 0.06610576923076923
2 0.390625 0.44471153846153844 0.025240384615384616 0.06850961538461539
2 0.3401442307692308 0.40384615384615385 0.01201923076923077 0.025240384615384616
2 0.3245192307692308 0.40024038461538464 0.010817307692307692 0.027644230769230768
2 0.3161057692307692 0.4026442307692308 0.009615384615384616 0.02403846153846154
1 0.10697115384615384 0.5216346153846154 0.21394230769230768 0.359375