1 0.03365384615384615 0.5348557692307693 0.0673076923076923 0.1875
1 0.11778846153846154 0.5384615384615384 0.1502403846153846 0.1466346153846154
1 0.21875 0.5168269230769231 0.09975961538461539 0.10697115384615384
1 0.3401442307692308 0.4879807692307692 0.06610576923076923 0.0625
1 0.9134615384615384 0.49038461538461536 0.15985576923076922 0.14423076923076922
1 0.8545673076923077 0.4723557692307692 0.05889423076923077 0.08173076923076923
2 0.38461538461538464 0.48677884615384615 0.03125 0.08173076923076923
1 0.41466346153846156 0.4699519230769231 0.030048076923076924 0.052884615384615384
1 0.4362980769230769 0.4723557692307692 0.020432692307692308 0.03485576923076923
1 0.4579326923076923 0.46153846153846156 0.025240384615384616 0.03365384615384615
1 0.5817307692307693 0.47475961538461536 0.037259615384615384 0.038461538461538464
1 0.6574519230769231 0.46634615384615385 0.030048076923076924 0.040865384615384616
1 0.7884615384615384 0.4723557692307692 0.06971153846153846 0.05048076923076923
2 0.5360576923076923 0.46153846153846156 0.01201923076923077 0.037259615384615384
2 0.5492788461538461 0.4639423076923077 0.014423076923076924 0.037259615384615384
1 0.453125 0.4675480769230769 0.019230769230769232 0.037259615384615384
1 0.47475961538461536 0.46634615384615385 0.020432692307692308 0.027644230769230768
1 0.48677884615384615 0.46033653846153844 0.020432692307692308 0.025240384615384616