1 0.5757211538461539 0.46274038461538464 0.055288461538461536 0.055288461538461536
1 0.4026442307692308 0.4579326923076923 0.057692307692307696 0.06850961538461539
2 0.7091346153846154 0.4831730769230769 0.019230769230769232 0.04447115384615385
2 0.7067307692307693 0.45072115384615385 0.020432692307692308 0.03125
2 0.6935096153846154 0.4639423076923077 0.019230769230769232 0.06009615384615385
2 0.23317307692307693 0.47115384615384615 0.019230769230769232 0.056490384615384616
1 0.7487980769230769 0.4423076923076923 0.04326923076923077 0.052884615384615384
1 0.7596153846153846 0.4639423076923077 0.037259615384615384 0.040865384615384616
1 0.8449519230769231 0.45913461538461536 0.055288461538461536 0.046875
2 0.8605769230769231 0.4735576923076923 0.019230769230769232 0.037259615384615384
2 0.8822115384615384 0.453125 0.02403846153846154 0.046875
2 0.8858173076923077 0.48197115384615385 0.025240384615384616 0.03485576923076923
2 0.9387019230769231 0.4807692307692308 0.026442307692307692 0.038461538461538464
2 0.953125 0.47596153846153844 0.019230769230769232 0.040865384615384616
2 0.46274038461538464 0.44471153846153844 0.01201923076923077 0.03125