1 0.9543269230769231 0.5240384615384616 0.0889423076923077 0.15985576923076922
1 0.8822115384615384 0.4807692307692308 0.22235576923076922 0.19471153846153846
1 0.8137019230769231 0.47596153846153844 0.13581730769230768 0.15985576923076922
1 0.5973557692307693 0.49759615384615385 0.24879807692307693 0.32211538461538464
1 0.4098557692307692 0.47115384615384615 0.14543269230769232 0.1622596153846154
1 0.36778846153846156 0.48197115384615385 0.037259615384615384 0.12860576923076922
1 0.29447115384615385 0.4699519230769231 0.13942307692307693 0.1778846153846154
2 0.2247596153846154 0.5120192307692307 0.1466346153846154 0.31971153846153844
0 0.265625 0.5949519230769231 0.08173076923076923 0.23197115384615385
1 0.09014423076923077 0.4807692307692308 0.1658653846153846 0.25
1 0.037259615384615384 0.5228365384615384 0.0733173076923077 0.1778846153846154
1 0.2776442307692308 0.49038461538461536 0.09975961538461539 0.15264423076923078
0 0.18629807692307693 0.65625 0.07211538461538461 0.19951923076923078