1 0.6213942307692307 0.5204326923076923 0.09735576923076923 0.09975961538461539
1 0.5697115384615384 0.48197115384615385 0.042067307692307696 0.07211538461538461
1 0.609375 0.484375 0.05889423076923077 0.11778846153846154
1 0.38100961538461536 0.47475961538461536 0.037259615384615384 0.06610576923076923
1 0.359375 0.49158653846153844 0.03125 0.056490384615384616
1 0.3425480769230769 0.5 0.026442307692307692 0.06610576923076923
1 0.28846153846153844 0.5024038461538461 0.09375 0.09375
2 0.5324519230769231 0.5132211538461539 0.037259615384615384 0.12860576923076922
2 0.4050480769230769 0.5180288461538461 0.042067307692307696 0.13822115384615385
2 0.42788461538461536 0.4639423076923077 0.019230769230769232 0.037259615384615384
0 0.4050480769230769 0.5685096153846154 0.020432692307692308 0.078125