1 0.8293269230769231 0.5444711538461539 0.33653846153846156 0.24759615384615385
1 0.45072115384615385 0.4735576923076923 0.06129807692307692 0.06009615384615385
0 0.12620192307692307 0.5048076923076923 0.03245192307692308 0.06850961538461539
0 0.06129807692307692 0.5180288461538461 0.078125 0.06850961538461539
2 0.016826923076923076 0.45072115384615385 0.021634615384615384 0.10096153846153846
2 0.13701923076923078 0.4483173076923077 0.021634615384615384 0.052884615384615384
2 0.7067307692307693 0.4483173076923077 0.02403846153846154 0.056490384615384616
2 0.6526442307692307 0.46153846153846156 0.027644230769230768 0.08774038461538461
2 0.6129807692307693 0.46634615384615385 0.020432692307692308 0.08052884615384616
2 0.5841346153846154 0.4675480769230769 0.019230769230769232 0.07572115384615384
0 0.5733173076923077 0.48197115384615385 0.015625 0.046875
1 0.40865384615384615 0.46634615384615385 0.036057692307692304 0.03485576923076923