1 0.5588942307692307 0.39903846153846156 0.057692307692307696 0.06009615384615385
1 0.5252403846153846 0.39903846153846156 0.019230769230769232 0.052884615384615384
1 0.5084134615384616 0.390625 0.020432692307692308 0.04326923076923077
1 0.44350961538461536 0.4014423076923077 0.05889423076923077 0.052884615384615384
1 0.38100961538461536 0.3737980769230769 0.016826923076923076 0.021634615384615384
1 0.35697115384615385 0.38221153846153844 0.02403846153846154 0.028846153846153848
1 0.3317307692307692 0.38100961538461536 0.021634615384615384 0.038461538461538464
1 0.3125 0.390625 0.019230769230769232 0.038461538461538464
1 0.2764423076923077 0.38822115384615385 0.052884615384615384 0.05048076923076923
1 0.27163461538461536 0.4014423076923077 0.03125 0.04447115384615385
1 0.2403846153846154 0.4026442307692308 0.042067307692307696 0.06971153846153846
1 0.19951923076923078 0.40865384615384615 0.06129807692307692 0.08774038461538461
1 0.125 0.4182692307692308 0.11899038461538461 0.109375
1 0.02403846153846154 0.43028846153846156 0.046875 0.1658653846153846
1 0.39903846153846156 0.3713942307692308 0.016826923076923076 0.019230769230769232
1 0.43028846153846156 0.3701923076923077 0.019230769230769232 0.013221153846153846