0 0.9603365384615384 0.5685096153846154 0.07692307692307693 0.203125
0 0.5625 0.48677884615384615 0.025240384615384616 0.1310096153846154
0 0.47836538461538464 0.49759615384615385 0.021634615384615384 0.1310096153846154
2 0.6826923076923077 0.4182692307692308 0.027644230769230768 0.13701923076923078
1 0.4074519230769231 0.41947115384615385 0.03125 0.025240384615384616
0 0.14423076923076922 0.4387019230769231 0.036057692307692304 0.07211538461538461
2 0.6550480769230769 0.40625 0.019230769230769232 0.038461538461538464
2 0.9459134615384616 0.4338942307692308 0.0985576923076923 0.3161057692307692
2 0.5685096153846154 0.41947115384615385 0.06370192307692307 0.2283653846153846
2 0.47596153846153844 0.4230769230769231 0.05889423076923077 0.2091346153846154
0 0.6129807692307693 0.4362980769230769 0.016826923076923076 0.056490384615384616
1 0.3894230769230769 0.41947115384615385 0.021634615384615384 0.028846153846153848
0 0.1875 0.43990384615384615 0.019230769230769232 0.04447115384615385
0 0.1310096153846154 0.4387019230769231 0.026442307692307692 0.04447115384615385