1 0.09014423076923077 0.5528846153846154 0.18028846153846154 0.21153846153846154
1 0.19110576923076922 0.5096153846153846 0.13942307692307693 0.15985576923076922
1 0.27524038461538464 0.5024038461538461 0.052884615384615384 0.09615384615384616
1 0.3125 0.4807692307692308 0.08173076923076923 0.10576923076923077
1 0.3737980769230769 0.47836538461538464 0.056490384615384616 0.05889423076923077
1 0.7764423076923077 0.49399038461538464 0.07451923076923077 0.078125
1 0.8557692307692307 0.5132211538461539 0.11298076923076923 0.109375
1 0.9314903846153846 0.5192307692307693 0.1346153846153846 0.14423076923076922
1 0.6394230769230769 0.49399038461538464 0.08413461538461539 0.09014423076923077
1 0.5961538461538461 0.47596153846153844 0.036057692307692304 0.056490384615384616
1 0.45552884615384615 0.4579326923076923 0.036057692307692304 0.037259615384615384
1 0.4050480769230769 0.47596153846153844 0.025240384615384616 0.04447115384615385
1 0.41586538461538464 0.4675480769230769 0.021634615384615384 0.037259615384615384
1 0.42788461538461536 0.46634615384615385 0.021634615384615384 0.040865384615384616
1 0.5516826923076923 0.46153846153846156 0.025240384615384616 0.02403846153846154
1 0.6875 0.4831730769230769 0.040865384615384616 0.056490384615384616
1 0.4807692307692308 0.45913461538461536 0.02403846153846154 0.02403846153846154