1 0.8846153846153846 0.7728365384615384 0.22596153846153846 0.44711538461538464
1 0.7127403846153846 0.4651442307692308 0.11899038461538461 0.07451923076923077
1 0.6682692307692307 0.5552884615384616 0.16826923076923078 0.15384615384615385
1 0.609375 0.5144230769230769 0.08173076923076923 0.09975961538461539
1 0.3629807692307692 0.46634615384615385 0.040865384615384616 0.040865384615384616
1 0.13221153846153846 0.5360576923076923 0.12620192307692307 0.12740384615384615
1 0.22115384615384615 0.5805288461538461 0.21153846153846154 0.18509615384615385
1 0.4338942307692308 0.4567307692307692 0.030048076923076924 0.03125
1 0.3112980769230769 0.4567307692307692 0.042067307692307696 0.04326923076923077
1 0.20192307692307693 0.4651442307692308 0.0733173076923077 0.046875
2 0.2848557692307692 0.45913461538461536 0.020432692307692308 0.04326923076923077
2 0.27403846153846156 0.4567307692307692 0.019230769230769232 0.04326923076923077
2 0.5889423076923077 0.4387019230769231 0.019230769230769232 0.040865384615384616
2 0.5649038461538461 0.44591346153846156 0.020432692307692308 0.04447115384615385
2 0.3942307692307692 0.46153846153846156 0.020432692307692308 0.037259615384615384