2 0.4735576923076923 0.45552884615384615 0.040865384615384616 0.13701923076923078
1 0.6947115384615384 0.47115384615384615 0.21754807692307693 0.19951923076923078
1 0.9735576923076923 0.47115384615384615 0.046875 0.09014423076923077
1 0.5492788461538461 0.4483173076923077 0.0829326923076923 0.08052884615384616
1 0.02283653846153846 0.49158653846153844 0.04567307692307692 0.14302884615384615
1 0.08173076923076923 0.4795673076923077 0.11778846153846154 0.09975961538461539
1 0.15625 0.46153846153846156 0.09375 0.10336538461538461
1 0.2127403846153846 0.46153846153846156 0.046875 0.08653846153846154
1 0.3137019230769231 0.4519230769230769 0.020432692307692308 0.04447115384615385
1 0.33413461538461536 0.45072115384615385 0.021634615384615384 0.040865384615384616
1 0.35096153846153844 0.44591346153846156 0.01201923076923077 0.028846153846153848
1 0.578125 0.4987980769230769 0.025240384615384616 0.052884615384615384
1 0.5048076923076923 0.45552884615384615 0.021634615384615384 0.04447115384615385
1 0.4519230769230769 0.44471153846153844 0.019230769230769232 0.02403846153846154
1 0.4375 0.44471153846153844 0.01201923076923077 0.019230769230769232
1 0.3942307692307692 0.44471153846153844 0.019230769230769232 0.019230769230769232
1 0.38100961538461536 0.44471153846153844 0.015625 0.019230769230769232
1 0.36778846153846156 0.44471153846153844 0.019230769230769232 0.028846153846153848
1 0.28966346153846156 0.45552884615384615 0.04567307692307692 0.040865384615384616