1 0.49399038461538464 0.5228365384615384 0.14182692307692307 0.1346153846153846
1 0.9350961538461539 0.4495192307692308 0.12620192307692307 0.14423076923076922
1 0.9519230769230769 0.4891826923076923 0.09014423076923077 0.11899038461538461
2 0.8569711538461539 0.48197115384615385 0.055288461538461536 0.18389423076923078
2 0.7932692307692307 0.49158653846153844 0.056490384615384616 0.18509615384615385
2 0.6213942307692307 0.46634615384615385 0.027644230769230768 0.07572115384615384
2 0.010817307692307692 0.5204326923076923 0.021634615384615384 0.08774038461538461
2 0.5877403846153846 0.46033653846153844 0.02403846153846154 0.052884615384615384
1 0.3449519230769231 0.47716346153846156 0.08173076923076923 0.037259615384615384
2 0.125 0.49278846153846156 0.025240384615384616 0.03125
1 0.7259615384615384 0.45913461538461536 0.037259615384615384 0.0625
1 0.6454326923076923 0.45072115384615385 0.025240384615384616 0.03365384615384615
2 0.6670673076923077 0.4362980769230769 0.019230769230769232 0.040865384615384616