1 0.36778846153846156 0.49399038461538464 0.08774038461538461 0.078125
1 0.42908653846153844 0.48677884615384615 0.055288461538461536 0.0625
1 0.49399038461538464 0.4795673076923077 0.046875 0.04447115384615385
1 0.8269230769230769 0.5072115384615384 0.12620192307692307 0.09975961538461539
1 0.8870192307692307 0.5216346153846154 0.11899038461538461 0.14423076923076922
1 0.9855769230769231 0.5204326923076923 0.025240384615384616 0.12740384615384615
2 0.953125 0.5180288461538461 0.09014423076923077 0.23076923076923078
0 0.9579326923076923 0.609375 0.06610576923076923 0.13221153846153846
0 0.7199519230769231 0.5180288461538461 0.030048076923076924 0.06490384615384616
2 0.7223557692307693 0.47836538461538464 0.03485576923076923 0.10096153846153846
1 0.5661057692307693 0.47596153846153844 0.027644230769230768 0.03125
1 0.021634615384615384 0.5480769230769231 0.042067307692307696 0.1778846153846154