1 0.7788461538461539 0.43509615384615385 0.04807692307692308 0.055288461538461536
1 0.9543269230769231 0.42908653846153844 0.0733173076923077 0.08774038461538461
1 0.20072115384615385 0.421875 0.15745192307692307 0.09375
0 0.25961538461538464 0.49399038461538464 0.05889423076923077 0.055288461538461536
2 0.25961538461538464 0.45913461538461536 0.037259615384615384 0.08173076923076923
2 0.08413461538461539 0.4362980769230769 0.06129807692307692 0.11538461538461539
0 0.0889423076923077 0.4987980769230769 0.06610576923076923 0.07211538461538461
2 0.34375 0.43990384615384615 0.037259615384615384 0.09134615384615384
0 0.34134615384615385 0.48197115384615385 0.0673076923076923 0.05048076923076923
2 0.42788461538461536 0.4338942307692308 0.026442307692307692 0.10576923076923077
2 0.5889423076923077 0.43149038461538464 0.03125 0.07451923076923077
2 0.5528846153846154 0.43509615384615385 0.027644230769230768 0.06009615384615385
2 0.5168269230769231 0.4375 0.030048076923076924 0.06971153846153846
2 0.4807692307692308 0.41947115384615385 0.03125 0.08173076923076923
2 0.46274038461538464 0.4338942307692308 0.03245192307692308 0.078125
0 0.1814903846153846 0.4963942307692308 0.056490384615384616 0.06971153846153846
0 0.4723557692307692 0.46634615384615385 0.04326923076923077 0.055288461538461536
2 0.18028846153846154 0.4423076923076923 0.046875 0.08413461538461539
2 0.40625 0.43028846153846156 0.03125 0.038461538461538464
0 0.038461538461538464 0.5096153846153846 0.030048076923076924 0.05048076923076923