2 0.06850961538461539 0.5 0.026442307692307692 0.05889423076923077
2 0.0889423076923077 0.5108173076923077 0.027644230769230768 0.09615384615384616
2 0.6826923076923077 0.5348557692307693 0.046875 0.11298076923076923
2 0.8197115384615384 0.4963942307692308 0.03125 0.08173076923076923
2 0.8449519230769231 0.5036057692307693 0.030048076923076924 0.07451923076923077
2 0.9254807692307693 0.49278846153846156 0.025240384615384616 0.052884615384615384
2 0.9483173076923077 0.5012019230769231 0.03125 0.04447115384615385
1 0.5432692307692307 0.6598557692307693 0.33774038461538464 0.3401442307692308
1 0.3918269230769231 0.5012019230769231 0.056490384615384616 0.06009615384615385
2 0.671875 0.49278846153846156 0.015625 0.038461538461538464
2 0.44711538461538464 0.5024038461538461 0.03245192307692308 0.05048076923076923
2 0.2536057692307692 0.5048076923076923 0.014423076923076924 0.06009615384615385
2 0.2644230769230769 0.5036057692307693 0.014423076923076924 0.06971153846153846
2 0.328125 0.4831730769230769 0.015625 0.025240384615384616
2 0.6346153846153846 0.4891826923076923 0.019230769230769232 0.03365384615384615