0 0.23076923076923078 0.5552884615384616 0.04567307692307692 0.109375
1 0.8846153846153846 0.6526442307692307 0.22235576923076922 0.3161057692307692
1 0.8112980769230769 0.5588942307692307 0.21153846153846154 0.21875
1 0.6862980769230769 0.5120192307692307 0.10817307692307693 0.11298076923076923
1 0.6574519230769231 0.4963942307692308 0.078125 0.125
1 0.5408653846153846 0.4519230769230769 0.027644230769230768 0.025240384615384616
1 0.38461538461538464 0.4807692307692308 0.036057692307692304 0.06971153846153846
1 0.40024038461538464 0.4483173076923077 0.046875 0.037259615384615384
1 0.578125 0.45552884615384615 0.027644230769230768 0.03365384615384615
1 0.4495192307692308 0.4495192307692308 0.030048076923076924 0.027644230769230768
2 0.4675480769230769 0.45072115384615385 0.010817307692307692 0.028846153846153848
2 0.9663461538461539 0.4735576923076923 0.051682692307692304 0.06009615384615385
2 0.6033653846153846 0.49278846153846156 0.038461538461538464 0.13221153846153846
2 0.359375 0.4807692307692308 0.027644230769230768 0.10096153846153846
2 0.3401442307692308 0.47596153846153844 0.026442307692307692 0.109375
2 0.31971153846153844 0.4831730769230769 0.030048076923076924 0.09975961538461539
1 0.04567307692307692 0.49759615384615385 0.09014423076923077 0.11899038461538461
2 0.23557692307692307 0.5108173076923077 0.056490384615384616 0.1622596153846154