2 0.8425480769230769 0.41225961538461536 0.02403846153846154 0.06971153846153846
2 0.8149038461538461 0.41346153846153844 0.02403846153846154 0.06009615384615385
2 0.8401442307692307 0.4170673076923077 0.020432692307692308 0.052884615384615384
0 0.8653846153846154 0.4675480769230769 0.025240384615384616 0.04447115384615385
0 0.8221153846153846 0.46875 0.040865384615384616 0.046875
0 0.796875 0.46634615384615385 0.027644230769230768 0.05048076923076923
1 0.6394230769230769 0.41586538461538464 0.019230769230769232 0.078125
1 0.6057692307692307 0.41586538461538464 0.042067307692307696 0.078125
1 0.4831730769230769 0.4338942307692308 0.03485576923076923 0.05048076923076923
1 0.4483173076923077 0.41466346153846156 0.019230769230769232 0.021634615384615384
1 0.45913461538461536 0.4254807692307692 0.025240384615384616 0.02403846153846154
1 0.4423076923076923 0.40384615384615385 0.015625 0.019230769230769232
1 0.421875 0.39903846153846156 0.015625 0.018028846153846152
1 0.3894230769230769 0.39663461538461536 0.015625 0.019230769230769232
1 0.3786057692307692 0.43028846153846156 0.03245192307692308 0.055288461538461536
1 0.36177884615384615 0.4338942307692308 0.026442307692307692 0.038461538461538464
1 0.31971153846153844 0.4411057692307692 0.08653846153846154 0.09375