2 0.6394230769230769 0.4831730769230769 0.019230769230769232 0.10697115384615384
2 0.6237980769230769 0.4963942307692308 0.02403846153846154 0.125
2 0.6754807692307693 0.5120192307692307 0.056490384615384616 0.19110576923076922
1 0.1141826923076923 0.46033653846153844 0.1310096153846154 0.09134615384615384
1 0.1310096153846154 0.5300480769230769 0.23557692307692307 0.1658653846153846
1 0.3605769230769231 0.4891826923076923 0.08653846153846154 0.06850961538461539
1 0.41225961538461536 0.4735576923076923 0.03245192307692308 0.06009615384615385
1 0.4879807692307692 0.4567307692307692 0.03245192307692308 0.038461538461538464
1 0.8173076923076923 0.49158653846153844 0.08173076923076923 0.09134615384615384
1 0.9050480769230769 0.48197115384615385 0.052884615384615384 0.078125
1 0.7548076923076923 0.5360576923076923 0.125 0.11538461538461539
1 0.9026442307692307 0.6466346153846154 0.19110576923076922 0.2776442307692308
2 0.3737980769230769 0.44350961538461536 0.02403846153846154 0.02403846153846154
1 0.3713942307692308 0.43990384615384615 0.046875 0.025240384615384616
1 0.4254807692307692 0.47596153846153844 0.03125 0.046875
1 0.4338942307692308 0.4675480769230769 0.040865384615384616 0.052884615384615384
1 0.4543269230769231 0.4639423076923077 0.03125 0.04447115384615385
1 0.5060096153846154 0.4543269230769231 0.020432692307692308 0.025240384615384616
1 0.7415865384615384 0.4579326923076923 0.07932692307692307 0.040865384615384616
1 0.5973557692307693 0.4519230769230769 0.025240384615384616 0.028846153846153848