2 0.6081730769230769 0.4543269230769231 0.021634615384615384 0.025240384615384616
2 0.5901442307692307 0.4579326923076923 0.021634615384615384 0.04447115384615385
0 0.609375 0.47596153846153844 0.015625 0.021634615384615384
1 0.5432692307692307 0.48197115384615385 0.078125 0.07451923076923077
1 0.4807692307692308 0.4675480769230769 0.030048076923076924 0.037259615384615384
1 0.46274038461538464 0.46033653846153844 0.020432692307692308 0.03365384615384615
1 0.453125 0.45913461538461536 0.015625 0.019230769230769232
1 0.41346153846153844 0.4567307692307692 0.019230769230769232 0.02403846153846154
1 0.3786057692307692 0.4639423076923077 0.040865384615384616 0.052884615384615384
1 0.36899038461538464 0.4735576923076923 0.036057692307692304 0.037259615384615384
1 0.36778846153846156 0.47596153846153844 0.027644230769230768 0.03485576923076923
1 0.34375 0.47836538461538464 0.027644230769230768 0.06610576923076923
1 0.2920673076923077 0.4831730769230769 0.09975961538461539 0.10697115384615384
1 0.20552884615384615 0.48677884615384615 0.07932692307692307 0.09375
2 0.06370192307692307 0.49759615384615385 0.036057692307692304 0.125