0 0.8473557692307693 0.625 0.20673076923076922 0.16346153846153846
2 0.7836538461538461 0.44711538461538464 0.020432692307692308 0.046875
2 0.06009615384615385 0.5384615384615384 0.055288461538461536 0.13221153846153846
0 0.06490384615384616 0.5913461538461539 0.055288461538461536 0.10096153846153846
1 0.4543269230769231 0.44471153846153844 0.02403846153846154 0.027644230769230768
1 0.47475961538461536 0.45072115384615385 0.036057692307692304 0.04326923076923077
1 0.3449519230769231 0.48197115384615385 0.07932692307692307 0.08774038461538461
1 0.5528846153846154 0.45072115384615385 0.042067307692307696 0.038461538461538464
1 0.5841346153846154 0.4735576923076923 0.027644230769230768 0.052884615384615384
1 0.6057692307692307 0.4855769230769231 0.057692307692307696 0.06490384615384616
1 0.640625 0.5072115384615384 0.08413461538461539 0.09014423076923077
1 0.734375 0.5480769230769231 0.17548076923076922 0.1778846153846154