1 0.0625 0.41586538461538464 0.125 0.09014423076923077
2 0.026442307692307692 0.4411057692307692 0.04326923076923077 0.125
2 0.08653846153846154 0.45552884615384615 0.04567307692307692 0.11778846153846154
0 0.03125 0.4951923076923077 0.0625 0.06850961538461539
0 0.08774038461538461 0.4879807692307692 0.05048076923076923 0.055288461538461536
2 0.1502403846153846 0.4411057692307692 0.03485576923076923 0.05048076923076923
2 0.18870192307692307 0.4254807692307692 0.027644230769230768 0.06971153846153846
2 0.21394230769230768 0.4411057692307692 0.05048076923076923 0.125
2 0.265625 0.4375 0.040865384615384616 0.10096153846153846
2 0.296875 0.44350961538461536 0.027644230769230768 0.06971153846153846
2 0.3737980769230769 0.42427884615384615 0.04326923076923077 0.04326923076923077
2 0.4230769230769231 0.42908653846153844 0.03245192307692308 0.06850961538461539
1 0.7800480769230769 0.4230769230769231 0.0733173076923077 0.07572115384615384
1 0.9399038461538461 0.43509615384615385 0.11057692307692307 0.10336538461538461
0 0.37740384615384615 0.4579326923076923 0.030048076923076924 0.03365384615384615
0 0.5408653846153846 0.4483173076923077 0.027644230769230768 0.028846153846153848
0 0.30408653846153844 0.4699519230769231 0.02403846153846154 0.028846153846153848