2 0.96875 0.38461538461538464 0.021634615384615384 0.03485576923076923
1 0.9783653846153846 0.42427884615384615 0.040865384615384616 0.06610576923076923
2 0.8725961538461539 0.47115384615384615 0.0733173076923077 0.2692307692307692
1 0.7908653846153846 0.44471153846153844 0.08653846153846154 0.09014423076923077
1 0.7956730769230769 0.38221153846153844 0.09014423076923077 0.037259615384615384
2 0.5721153846153846 0.4879807692307692 0.04326923076923077 0.171875
1 0.5408653846153846 0.4411057692307692 0.027644230769230768 0.078125
1 0.4831730769230769 0.44471153846153844 0.040865384615384616 0.055288461538461536
2 0.33413461538461536 0.45552884615384615 0.019230769230769232 0.06850961538461539
2 0.3401442307692308 0.44471153846153844 0.01201923076923077 0.056490384615384616
1 0.2644230769230769 0.4483173076923077 0.036057692307692304 0.040865384615384616
1 0.234375 0.45072115384615385 0.025240384615384616 0.028846153846153848
1 0.21153846153846154 0.45072115384615385 0.026442307692307692 0.027644230769230768
1 0.13341346153846154 0.4579326923076923 0.055288461538461536 0.06009615384615385
1 0.04567307692307692 0.4651442307692308 0.08774038461538461 0.11298076923076923