1 0.5360576923076923 0.4963942307692308 0.10336538461538461 0.109375
1 0.4375 0.484375 0.021634615384615384 0.027644230769230768
1 0.3762019230769231 0.4855769230769231 0.03485576923076923 0.037259615384615384
2 0.2860576923076923 0.48677884615384615 0.01201923076923077 0.037259615384615384
2 0.27403846153846156 0.49038461538461536 0.010817307692307692 0.03485576923076923
2 0.25841346153846156 0.48677884615384615 0.010817307692307692 0.037259615384615384
2 0.2512019230769231 0.4879807692307692 0.010817307692307692 0.038461538461538464
2 0.23798076923076922 0.49158653846153844 0.014423076923076924 0.04447115384615385
2 0.21754807692307693 0.4891826923076923 0.015625 0.052884615384615384
2 0.203125 0.4891826923076923 0.01201923076923077 0.04927884615384615
2 0.18870192307692307 0.4891826923076923 0.014423076923076924 0.052884615384615384
2 0.17307692307692307 0.4891826923076923 0.014423076923076924 0.056490384615384616
2 0.15985576923076922 0.49278846153846156 0.010817307692307692 0.04927884615384615
2 0.14903846153846154 0.49278846153846156 0.010817307692307692 0.05048076923076923
2 0.13581730769230768 0.49759615384615385 0.01201923076923077 0.040865384615384616
2 0.11778846153846154 0.49158653846153844 0.014423076923076924 0.04927884615384615
2 0.09495192307692307 0.4951923076923077 0.014423076923076924 0.04927884615384615
2 0.07451923076923077 0.49399038461538464 0.015625 0.06610576923076923
2 0.06129807692307692 0.49399038461538464 0.01201923076923077 0.0625
2 0.04927884615384615 0.49399038461538464 0.010817307692307692 0.0625
2 0.037259615384615384 0.49759615384615385 0.014423076923076924 0.06850961538461539
2 0.016826923076923076 0.49759615384615385 0.016826923076923076 0.07451923076923077
2 0.004807692307692308 0.5036057692307693 0.009615384615384616 0.06971153846153846