1 0.6153846153846154 0.4639423076923077 0.08413461538461539 0.08413461538461539
1 0.5685096153846154 0.4495192307692308 0.046875 0.06971153846153846
1 0.5372596153846154 0.4543269230769231 0.019230769230769232 0.04447115384615385
1 0.5300480769230769 0.45072115384615385 0.019230769230769232 0.046875
2 0.49399038461538464 0.47716346153846156 0.027644230769230768 0.1502403846153846
0 0.5360576923076923 0.5168269230769231 0.046875 0.06490384615384616
0 0.4579326923076923 0.515625 0.04326923076923077 0.05889423076923077
1 0.44711538461538464 0.45552884615384615 0.051682692307692304 0.05889423076923077
1 0.3425480769230769 0.46153846153846156 0.051682692307692304 0.07451923076923077
1 0.27524038461538464 0.4723557692307692 0.0985576923076923 0.09375
1 0.4170673076923077 0.4326923076923077 0.037259615384615384 0.052884615384615384