1 0.6165865384615384 0.46634615384615385 0.0829326923076923 0.08413461538461539
1 0.5649038461538461 0.45072115384615385 0.036057692307692304 0.07211538461538461
1 0.5420673076923077 0.453125 0.021634615384615384 0.055288461538461536
1 0.5276442307692307 0.4483173076923077 0.021634615384615384 0.040865384615384616
1 0.5108173076923077 0.44471153846153844 0.019230769230769232 0.03125
1 0.4951923076923077 0.4423076923076923 0.019230769230769232 0.018028846153846152
1 0.46274038461538464 0.45552884615384615 0.025240384615384616 0.046875
2 0.4362980769230769 0.47716346153846156 0.03125 0.1502403846153846
0 0.47596153846153844 0.5132211538461539 0.040865384615384616 0.06490384615384616
0 0.39903846153846156 0.5120192307692307 0.046875 0.0625
1 0.3449519230769231 0.46153846153846156 0.051682692307692304 0.07451923076923077
1 0.2776442307692308 0.47115384615384615 0.09975961538461539 0.09134615384615384
1 0.41225961538461536 0.43509615384615385 0.025240384615384616 0.056490384615384616