2 0.5829326923076923 0.5144230769230769 0.03485576923076923 0.10336538461538461
2 0.5168269230769231 0.5072115384615384 0.03245192307692308 0.109375
0 0.5817307692307693 0.5504807692307693 0.02403846153846154 0.06610576923076923
0 0.515625 0.5396634615384616 0.025240384615384616 0.06009615384615385
1 0.765625 0.578125 0.19110576923076922 0.140625
1 0.6622596153846154 0.5360576923076923 0.08774038461538461 0.08413461538461539
0 0.6730769230769231 0.5673076923076923 0.06971153846153846 0.07572115384615384
1 0.07692307692307693 0.5757211538461539 0.15144230769230768 0.2127403846153846
1 0.26802884615384615 0.53125 0.12620192307692307 0.09375
1 0.34975961538461536 0.5072115384615384 0.06850961538461539 0.078125
1 0.3918269230769231 0.4987980769230769 0.05048076923076923 0.037259615384615384
1 0.9615384615384616 0.6875 0.0733173076923077 0.3786057692307692
1 0.6346153846153846 0.5132211538461539 0.0733173076923077 0.09375
1 0.41466346153846156 0.49278846153846156 0.036057692307692304 0.05048076923076923
1 0.4423076923076923 0.4951923076923077 0.021634615384615384 0.037259615384615384
1 0.4519230769230769 0.48677884615384615 0.027644230769230768 0.040865384615384616
1 0.47836538461538464 0.4879807692307692 0.019230769230769232 0.02403846153846154