0 0.6622596153846154 0.5552884615384616 0.02403846153846154 0.055288461538461536
2 0.6574519230769231 0.5336538461538461 0.03245192307692308 0.08413461538461539
2 0.7848557692307693 0.5228365384615384 0.03245192307692308 0.09615384615384616
2 0.859375 0.5216346153846154 0.03125 0.09014423076923077
2 0.29927884615384615 0.4951923076923077 0.020432692307692308 0.040865384615384616
2 0.19471153846153846 0.4879807692307692 0.026442307692307692 0.038461538461538464
1 0.38100961538461536 0.5096153846153846 0.04326923076923077 0.046875
1 0.4206730769230769 0.5192307692307693 0.05889423076923077 0.06971153846153846
1 0.5228365384615384 0.515625 0.051682692307692304 0.05889423076923077
1 0.4807692307692308 0.5745192307692307 0.1466346153846154 0.16346153846153846
1 0.21514423076923078 0.5757211538461539 0.22355769230769232 0.16826923076923078
2 0.8173076923076923 0.5180288461538461 0.027644230769230768 0.06009615384615385