2 0.8161057692307693 0.47115384615384615 0.06610576923076923 0.125
1 0.5757211538461539 0.4543269230769231 0.07692307692307693 0.07211538461538461
1 0.5240384615384616 0.4387019230769231 0.03245192307692308 0.06490384615384616
1 0.5072115384615384 0.4266826923076923 0.026442307692307692 0.056490384615384616
1 0.4891826923076923 0.421875 0.021634615384615384 0.055288461538461536
1 0.4723557692307692 0.36177884615384615 0.026442307692307692 0.025240384615384616
1 0.4723557692307692 0.39302884615384615 0.027644230769230768 0.037259615384615384
1 0.453125 0.3629807692307692 0.019230769230769232 0.027644230769230768
1 0.4254807692307692 0.36538461538461536 0.025240384615384616 0.027644230769230768
1 0.36538461538461536 0.3605769230769231 0.03485576923076923 0.03365384615384615
1 0.3449519230769231 0.3786057692307692 0.025240384615384616 0.03485576923076923
1 0.33653846153846156 0.3894230769230769 0.030048076923076924 0.03365384615384615
1 0.32572115384615385 0.39663461538461536 0.036057692307692304 0.03485576923076923
1 0.3161057692307692 0.41346153846153844 0.03245192307692308 0.040865384615384616
1 0.29086538461538464 0.42427884615384615 0.051682692307692304 0.046875
1 0.2247596153846154 0.453125 0.08653846153846154 0.07451923076923077
1 0.10096153846153846 0.42427884615384615 0.0733173076923077 0.056490384615384616
1 0.04326923076923077 0.4230769230769231 0.027644230769230768 0.06009615384615385
2 0.6778846153846154 0.4338942307692308 0.02403846153846154 0.03125