1 0.8521634615384616 0.44350961538461536 0.042067307692307696 0.03485576923076923
1 0.8088942307692307 0.45072115384615385 0.03125 0.038461538461538464
1 0.7716346153846154 0.453125 0.042067307692307696 0.03485576923076923
1 0.6598557692307693 0.44350961538461536 0.18269230769230768 0.055288461538461536
1 0.5576923076923077 0.4651442307692308 0.021634615384615384 0.046875
1 0.4963942307692308 0.45552884615384615 0.06610576923076923 0.06490384615384616
1 0.4050480769230769 0.47596153846153844 0.1045673076923077 0.09975961538461539
1 0.33774038461538464 0.4675480769230769 0.036057692307692304 0.06009615384615385
2 0.31009615384615385 0.47596153846153844 0.020432692307692308 0.056490384615384616
1 0.26802884615384615 0.4735576923076923 0.036057692307692304 0.06009615384615385
1 0.9471153846153846 0.4651442307692308 0.10096153846153846 0.09735576923076923