1 0.9362980769230769 0.47115384615384615 0.036057692307692304 0.04447115384615385
1 0.8810096153846154 0.47475961538461536 0.05889423076923077 0.05048076923076923
2 0.8149038461538461 0.4723557692307692 0.010817307692307692 0.038461538461538464
2 0.8076923076923077 0.47475961538461536 0.009615384615384616 0.03125
2 0.7872596153846154 0.47475961538461536 0.010817307692307692 0.027644230769230768
1 0.6995192307692307 0.47716346153846156 0.025240384615384616 0.03365384615384615
1 0.6598557692307693 0.4855769230769231 0.05889423076923077 0.06490384615384616
1 0.6201923076923077 0.48677884615384615 0.025240384615384616 0.028846153846153848
1 0.5036057692307693 0.49399038461538464 0.06610576923076923 0.05889423076923077
1 0.3605769230769231 0.4987980769230769 0.09254807692307693 0.04927884615384615
1 0.2091346153846154 0.53125 0.2091346153846154 0.14423076923076922
1 0.05889423076923077 0.49759615384615385 0.08173076923076923 0.040865384615384616
1 0.12379807692307693 0.4951923076923077 0.02403846153846154 0.04447115384615385