1 0.2824519230769231 0.4639423076923077 0.09735576923076923 0.08413461538461539
1 0.3762019230769231 0.47475961538461536 0.10817307692307693 0.08173076923076923
2 0.6189903846153846 0.47716346153846156 0.05048076923076923 0.11899038461538461
0 0.6225961538461539 0.5132211538461539 0.030048076923076924 0.07211538461538461
2 0.6971153846153846 0.4723557692307692 0.025240384615384616 0.046875
2 0.609375 0.4495192307692308 0.019230769230769232 0.03125
2 0.6490384615384616 0.46153846153846156 0.019230769230769232 0.055288461538461536
1 0.4651442307692308 0.4519230769230769 0.02403846153846154 0.028846153846153848
1 0.49038461538461536 0.4495192307692308 0.020432692307692308 0.019230769230769232
1 0.5096153846153846 0.4543269230769231 0.02403846153846154 0.028846153846153848
1 0.5240384615384616 0.44711538461538464 0.016826923076923076 0.019230769230769232