0 0.41225961538461536 0.546875 0.109375 0.08173076923076923
0 0.2956730769230769 0.5492788461538461 0.057692307692307696 0.07451923076923077
2 0.7043269230769231 0.5444711538461539 0.06129807692307692 0.19471153846153846
1 0.7463942307692307 0.5348557692307693 0.0829326923076923 0.12139423076923077
1 0.6646634615384616 0.5336538461538461 0.06129807692307692 0.11778846153846154
1 0.6153846153846154 0.5120192307692307 0.09735576923076923 0.11298076923076923
1 0.84375 0.5072115384615384 0.140625 0.10336538461538461
1 0.9387019230769231 0.5024038461538461 0.109375 0.09975961538461539
1 0.9771634615384616 0.5252403846153846 0.042067307692307696 0.078125
0 0.17067307692307693 0.5600961538461539 0.03485576923076923 0.07572115384615384
0 0.21514423076923078 0.5588942307692307 0.04567307692307692 0.07451923076923077
2 0.008413461538461538 0.3581730769230769 0.016826923076923076 0.021634615384615384
2 0.027644230769230768 0.3605769230769231 0.019230769230769232 0.025240384615384616
2 0.014423076923076924 0.3605769230769231 0.010817307692307692 0.025240384615384616