1 0.8713942307692307 0.7367788461538461 0.25 0.39663461538461536
1 0.7932692307692307 0.5817307692307693 0.25 0.22596153846153846
1 0.6682692307692307 0.5516826923076923 0.0673076923076923 0.1346153846153846
1 0.6538461538461539 0.5168269230769231 0.07932692307692307 0.09134615384615384
1 0.3786057692307692 0.48677884615384615 0.05048076923076923 0.05889423076923077
1 0.3401442307692308 0.5024038461538461 0.0673076923076923 0.06971153846153846
1 0.2668269230769231 0.5288461538461539 0.0829326923076923 0.09975961538461539
1 0.1971153846153846 0.5600961538461539 0.09975961538461539 0.11899038461538461
1 0.08653846153846154 0.5901442307692307 0.17067307692307693 0.1875
1 0.5216346153846154 0.4651442307692308 0.055288461538461536 0.06610576923076923
2 0.41586538461538464 0.47115384615384615 0.020432692307692308 0.052884615384615384
1 0.765625 0.4495192307692308 0.04326923076923077 0.027644230769230768
1 0.8064903846153846 0.4423076923076923 0.06850961538461539 0.040865384615384616
1 0.8569711538461539 0.4483173076923077 0.12379807692307693 0.037259615384615384
1 0.5769230769230769 0.46875 0.027644230769230768 0.055288461538461536
1 0.6129807692307693 0.47716346153846156 0.07211538461538461 0.08413461538461539
1 0.45913461538461536 0.45072115384615385 0.025240384615384616 0.027644230769230768
1 0.4206730769230769 0.45913461538461536 0.042067307692307696 0.038461538461538464
1 0.02283653846153846 0.6598557692307693 0.042067307692307696 0.140625