2 0.6995192307692307 0.5120192307692307 0.0673076923076923 0.27403846153846156
0 0.3137019230769231 0.5060096153846154 0.019230769230769232 0.03485576923076923
1 0.16346153846153846 0.5024038461538461 0.1201923076923077 0.08774038461538461
1 0.23557692307692307 0.49759615384615385 0.027644230769230768 0.07572115384615384
1 0.2644230769230769 0.49158653846153844 0.036057692307692304 0.07211538461538461
1 0.2932692307692308 0.4807692307692308 0.020432692307692308 0.0625
1 0.8040865384615384 0.5180288461538461 0.14903846153846154 0.1778846153846154
1 0.6454326923076923 0.5084134615384616 0.040865384615384616 0.11177884615384616
1 0.5961538461538461 0.4963942307692308 0.06129807692307692 0.08653846153846154
1 0.5552884615384616 0.49158653846153844 0.02403846153846154 0.06850961538461539
1 0.5384615384615384 0.48197115384615385 0.016826923076923076 0.055288461538461536
1 0.5384615384615384 0.4699519230769231 0.04326923076923077 0.06850961538461539
1 0.5120192307692307 0.4807692307692308 0.021634615384615384 0.03485576923076923
1 0.49278846153846156 0.47475961538461536 0.021634615384615384 0.027644230769230768
1 0.4519230769230769 0.4735576923076923 0.020432692307692308 0.025240384615384616
2 0.3137019230769231 0.46634615384615385 0.02403846153846154 0.04447115384615385
1 0.3389423076923077 0.47836538461538464 0.027644230769230768 0.03485576923076923