1 0.8100961538461539 0.46153846153846156 0.057692307692307696 0.07572115384615384
1 0.9254807692307693 0.4495192307692308 0.14423076923076922 0.14423076923076922
1 0.9507211538461539 0.4855769230769231 0.09495192307692307 0.11538461538461539
2 0.4074519230769231 0.4795673076923077 0.036057692307692304 0.10697115384615384
2 0.6838942307692307 0.4230769230769231 0.020432692307692308 0.028846153846153848
2 0.16947115384615385 0.4807692307692308 0.020432692307692308 0.046875
2 0.3762019230769231 0.46153846153846156 0.015625 0.028846153846153848
1 0.6454326923076923 0.4483173076923077 0.025240384615384616 0.028846153846153848
1 0.7283653846153846 0.45913461538461536 0.037259615384615384 0.0625
0 0.4074519230769231 0.5132211538461539 0.019230769230769232 0.055288461538461536
2 0.1310096153846154 0.4879807692307692 0.020432692307692308 0.03125