1 0.9242788461538461 0.5444711538461539 0.14903846153846154 0.296875
1 0.8365384615384616 0.5 0.2692307692307692 0.265625
1 0.6887019230769231 0.5048076923076923 0.08653846153846154 0.1622596153846154
1 0.6370192307692307 0.49399038461538464 0.09254807692307693 0.10576923076923077
1 0.5144230769230769 0.46153846153846156 0.055288461538461536 0.056490384615384616
1 0.4855769230769231 0.46153846153846156 0.016826923076923076 0.04326923076923077
1 0.30528846153846156 0.4699519230769231 0.056490384615384616 0.040865384615384616
1 0.4699519230769231 0.45913461538461536 0.020432692307692308 0.03125
1 0.4543269230769231 0.45913461538461536 0.019230769230769232 0.02403846153846154
1 0.4411057692307692 0.4579326923076923 0.014423076923076924 0.018028846153846152
1 0.39903846153846156 0.45913461538461536 0.014423076923076924 0.019230769230769232
1 0.3858173076923077 0.46153846153846156 0.019230769230769232 0.027644230769230768
1 0.36538461538461536 0.46153846153846156 0.021634615384615384 0.027644230769230768
1 0.3449519230769231 0.46274038461538464 0.02403846153846154 0.03485576923076923
1 0.2548076923076923 0.45913461538461536 0.019230769230769232 0.03125
1 0.23798076923076922 0.45913461538461536 0.019230769230769232 0.027644230769230768