1 0.5048076923076923 0.5180288461538461 0.1310096153846154 0.12259615384615384
1 0.8112980769230769 0.4651442307692308 0.055288461538461536 0.06971153846153846
1 0.9050480769230769 0.44711538461538464 0.10336538461538461 0.13221153846153846
1 0.9206730769230769 0.49759615384615385 0.04326923076923077 0.06850961538461539
2 0.9627403846153846 0.5108173076923077 0.07211538461538461 0.27524038461538464
2 0.6394230769230769 0.46634615384615385 0.03125 0.09615384615384616
2 0.6057692307692307 0.46153846153846156 0.02403846153846154 0.05889423076923077
2 0.5865384615384616 0.4639423076923077 0.025240384615384616 0.056490384615384616
1 0.7259615384615384 0.46153846153846156 0.040865384615384616 0.06850961538461539
2 0.12379807692307693 0.4891826923076923 0.02403846153846154 0.028846153846153848
2 0.11057692307692307 0.49759615384615385 0.03125 0.056490384615384616
2 0.28725961538461536 0.47115384615384615 0.020432692307692308 0.03485576923076923
1 0.45552884615384615 0.46274038461538464 0.036057692307692304 0.027644230769230768