2 0.34615384615384615 0.49158653846153844 0.051682692307692304 0.1622596153846154
2 0.44471153846153844 0.46875 0.030048076923076924 0.06610576923076923
2 0.4651442307692308 0.46634615384615385 0.02403846153846154 0.07211538461538461
2 0.6466346153846154 0.4699519230769231 0.03125 0.1346153846153846
2 0.6742788461538461 0.47475961538461536 0.030048076923076924 0.125
2 0.8954326923076923 0.49278846153846156 0.06610576923076923 0.25961538461538464
1 0.8088942307692307 0.4651442307692308 0.057692307692307696 0.07451923076923077
1 0.9507211538461539 0.49158653846153844 0.0829326923076923 0.11177884615384616
2 0.16947115384615385 0.48197115384615385 0.020432692307692308 0.040865384615384616
2 0.12860576923076922 0.48677884615384615 0.020432692307692308 0.03365384615384615
2 0.11177884615384616 0.49158653846153844 0.020432692307692308 0.056490384615384616
2 0.5516826923076923 0.45913461538461536 0.019230769230769232 0.046875
2 0.5997596153846154 0.4567307692307692 0.020432692307692308 0.046875
1 0.7295673076923077 0.45552884615384615 0.040865384615384616 0.056490384615384616
2 0.375 0.46153846153846156 0.009615384615384616 0.028846153846153848
2 0.38221153846153844 0.46153846153846156 0.01201923076923077 0.03125
1 0.9543269230769231 0.4110576923076923 0.07692307692307693 0.056490384615384616