2 0.6153846153846154 0.46274038461538464 0.030048076923076924 0.11298076923076923
2 0.6875 0.4567307692307692 0.03125 0.10576923076923077
2 0.6442307692307693 0.46153846153846156 0.027644230769230768 0.10096153846153846
2 0.7908653846153846 0.5216346153846154 0.06971153846153846 0.19951923076923078
2 0.8629807692307693 0.4951923076923077 0.07932692307692307 0.24759615384615385
1 0.9435096153846154 0.4266826923076923 0.109375 0.09975961538461539
1 0.9519230769230769 0.4891826923076923 0.09014423076923077 0.11538461538461539
1 0.31490384615384615 0.5024038461538461 0.10096153846153846 0.09375
1 0.13581730769230768 0.6153846153846154 0.2692307692307692 0.2848557692307692
2 0.17307692307692307 0.4879807692307692 0.027644230769230768 0.06610576923076923
2 0.5288461538461539 0.46634615384615385 0.016826923076923076 0.04927884615384615
2 0.5552884615384616 0.45552884615384615 0.02403846153846154 0.046875
2 0.5745192307692307 0.4567307692307692 0.019230769230769232 0.05048076923076923
1 0.7271634615384616 0.45552884615384615 0.036057692307692304 0.055288461538461536
1 0.42908653846153844 0.46153846153846156 0.04567307692307692 0.027644230769230768
2 0.12860576923076922 0.4879807692307692 0.021634615384615384 0.03485576923076923
2 0.11057692307692307 0.49759615384615385 0.027644230769230768 0.052884615384615384
1 0.9783653846153846 0.7824519230769231 0.037259615384615384 0.25600961538461536