2 0.5324519230769231 0.47115384615384615 0.03485576923076923 0.11778846153846154
1 0.6634615384615384 0.45072115384615385 0.09975961538461539 0.038461538461538464
1 0.6754807692307693 0.46274038461538464 0.08173076923076923 0.038461538461538464
1 0.7884615384615384 0.4543269230769231 0.08774038461538461 0.08413461538461539
1 0.9038461538461539 0.45913461538461536 0.11778846153846154 0.08653846153846154
1 0.9314903846153846 0.48677884615384615 0.12620192307692307 0.08774038461538461
1 0.05889423076923077 0.45913461538461536 0.06971153846153846 0.06610576923076923
1 0.18389423076923078 0.453125 0.04326923076923077 0.038461538461538464
1 0.3137019230769231 0.4543269230769231 0.027644230769230768 0.037259615384615384
1 0.11298076923076923 0.45552884615384615 0.03485576923076923 0.037259615384615384
1 0.21995192307692307 0.45072115384615385 0.021634615384615384 0.03485576923076923
1 0.37740384615384615 0.44591346153846156 0.030048076923076924 0.037259615384615384