0 0.13581730769230768 0.5180288461538461 0.03485576923076923 0.08413461538461539
0 0.18870192307692307 0.5036057692307693 0.03125 0.06610576923076923
1 0.019230769230769232 0.5072115384615384 0.03485576923076923 0.16346153846153846
1 0.04447115384615385 0.46634615384615385 0.07692307692307693 0.06009615384615385
1 0.6538461538461539 0.4735576923076923 0.0829326923076923 0.07211538461538461
1 0.7091346153846154 0.49759615384615385 0.1346153846153846 0.08413461538461539
1 0.36177884615384615 0.46153846153846156 0.020432692307692308 0.025240384615384616
1 0.43028846153846156 0.46033653846153844 0.020432692307692308 0.025240384615384616
2 0.12620192307692307 0.49038461538461536 0.042067307692307696 0.109375
2 0.18870192307692307 0.4639423076923077 0.04567307692307692 0.09615384615384616
2 0.23798076923076922 0.4579326923076923 0.026442307692307692 0.07211538461538461
2 0.27524038461538464 0.4579326923076923 0.021634615384615384 0.056490384615384616