1 0.2776442307692308 0.49399038461538464 0.0985576923076923 0.09375
1 0.34975961538461536 0.47716346153846156 0.07211538461538461 0.06850961538461539
1 0.4014423076923077 0.46634615384615385 0.07451923076923077 0.05889423076923077
1 0.5829326923076923 0.47596153846153844 0.037259615384615384 0.056490384615384616
1 0.6225961538461539 0.4963942307692308 0.06971153846153846 0.06971153846153846
1 0.7175480769230769 0.5384615384615384 0.14423076923076922 0.14423076923076922
1 0.8137019230769231 0.5901442307692307 0.24519230769230768 0.21875
1 0.9098557692307693 0.6959134615384616 0.16706730769230768 0.37259615384615385
1 0.9122596153846154 0.4891826923076923 0.140625 0.11538461538461539
1 0.7223557692307693 0.4579326923076923 0.056490384615384616 0.03365384615384615
1 0.6454326923076923 0.4579326923076923 0.046875 0.040865384615384616
1 0.4795673076923077 0.45552884615384615 0.027644230769230768 0.027644230769230768
1 0.9543269230769231 0.5060096153846154 0.07451923076923077 0.09014423076923077
2 0.4519230769230769 0.4567307692307692 0.01201923076923077 0.03125