1 0.28365384615384615 0.5180288461538461 0.20432692307692307 0.14903846153846154
0 0.20552884615384615 0.47836538461538464 0.030048076923076924 0.015625
1 0.4026442307692308 0.47716346153846156 0.09254807692307693 0.11177884615384616
1 0.4723557692307692 0.45552884615384615 0.056490384615384616 0.07572115384615384
2 0.6646634615384616 0.45552884615384615 0.016826923076923076 0.046875
2 0.7067307692307693 0.4338942307692308 0.014423076923076924 0.015625
2 0.7091346153846154 0.4651442307692308 0.016826923076923076 0.05048076923076923
2 0.7944711538461539 0.43990384615384615 0.020432692307692308 0.04326923076923077
2 0.5973557692307693 0.45552884615384615 0.014423076923076924 0.040865384615384616
2 0.5841346153846154 0.4543269230769231 0.014423076923076924 0.040865384615384616
2 0.21514423076923078 0.44471153846153844 0.03485576923076923 0.04447115384615385
1 0.3269230769230769 0.43990384615384615 0.057692307692307696 0.018028846153846152
2 0.14182692307692307 0.43149038461538464 0.021634615384615384 0.038461538461538464