2 0.8365384615384616 0.5132211538461539 0.046875 0.13701923076923078
2 0.7776442307692307 0.5240384615384616 0.021634615384615384 0.037259615384615384
2 0.7115384615384616 0.4567307692307692 0.019230769230769232 0.03485576923076923
1 0.6009615384615384 0.453125 0.056490384615384616 0.055288461538461536
1 0.5673076923076923 0.43990384615384615 0.025240384615384616 0.037259615384615384
1 0.5588942307692307 0.43028846153846156 0.03485576923076923 0.046875
1 0.5372596153846154 0.42908653846153844 0.019230769230769232 0.03365384615384615
1 0.5192307692307693 0.43149038461538464 0.021634615384615384 0.027644230769230768
1 0.4699519230769231 0.4375 0.020432692307692308 0.015625
1 0.45072115384615385 0.4362980769230769 0.02403846153846154 0.025240384615384616
1 0.42788461538461536 0.43028846153846156 0.019230769230769232 0.028846153846153848
1 0.4074519230769231 0.43028846153846156 0.03125 0.037259615384615384
2 0.375 0.4483173076923077 0.021634615384615384 0.08774038461538461
1 0.32572115384615385 0.4639423076923077 0.07692307692307693 0.09134615384615384
1 0.14182692307692307 0.5841346153846154 0.28365384615384615 0.39903846153846156