1 0.1141826923076923 0.5084134615384616 0.18389423076923078 0.15865384615384615
1 0.22956730769230768 0.49759615384615385 0.08413461538461539 0.09735576923076923
1 0.2800480769230769 0.4963942307692308 0.06129807692307692 0.08173076923076923
1 0.3629807692307692 0.48677884615384615 0.11298076923076923 0.11778846153846154
1 0.5096153846153846 0.46634615384615385 0.04567307692307692 0.040865384615384616
1 0.5612980769230769 0.46634615384615385 0.040865384615384616 0.04447115384615385
1 0.6838942307692307 0.5336538461538461 0.16105769230769232 0.1622596153846154
1 0.7644230769230769 0.49759615384615385 0.055288461538461536 0.09014423076923077
2 0.9158653846153846 0.5600961538461539 0.0829326923076923 0.24278846153846154
2 0.18028846153846154 0.43509615384615385 0.027644230769230768 0.037259615384615384
1 0.4326923076923077 0.46274038461538464 0.025240384615384616 0.03125
1 0.44471153846153844 0.45552884615384615 0.025240384615384616 0.028846153846153848
2 0.46153846153846156 0.4567307692307692 0.01201923076923077 0.03125
1 0.6177884615384616 0.47596153846153844 0.051682692307692304 0.05889423076923077
1 0.3076923076923077 0.4579326923076923 0.05048076923076923 0.040865384615384616