1 0.828125 0.4795673076923077 0.15264423076923078 0.06850961538461539
1 0.7487980769230769 0.47115384615384615 0.0673076923076923 0.055288461538461536
1 0.7151442307692307 0.46634615384615385 0.06129807692307692 0.046875
1 0.6778846153846154 0.46153846153846156 0.05048076923076923 0.04447115384615385
1 0.9362980769230769 0.46875 0.03485576923076923 0.04326923076923077
1 0.9807692307692307 0.46875 0.030048076923076924 0.038461538461538464
1 0.4519230769230769 0.4639423076923077 0.037259615384615384 0.040865384615384616
1 0.41947115384615385 0.45072115384615385 0.026442307692307692 0.025240384615384616
1 0.38461538461538464 0.46153846153846156 0.020432692307692308 0.027644230769230768
1 0.36658653846153844 0.46153846153846156 0.02403846153846154 0.028846153846153848
1 0.35336538461538464 0.4639423076923077 0.020432692307692308 0.028846153846153848
1 0.30408653846153844 0.4639423076923077 0.04807692307692308 0.052884615384615384
1 0.19230769230769232 0.47836538461538464 0.078125 0.06610576923076923
1 0.09495192307692307 0.49158653846153844 0.1201923076923077 0.09134615384615384
1 0.2439903846153846 0.47596153846153844 0.025240384615384616 0.06490384615384616
1 0.2668269230769231 0.46875 0.021634615384615384 0.03485576923076923
2 0.5673076923076923 0.4735576923076923 0.015625 0.040865384615384616