2 0.9675480769230769 0.5012019230769231 0.05048076923076923 0.13822115384615385
2 0.6935096153846154 0.4879807692307692 0.037259615384615384 0.13221153846153846
2 0.35336538461538464 0.44471153846153844 0.03245192307692308 0.08653846153846154
2 0.2512019230769231 0.4411057692307692 0.027644230769230768 0.08173076923076923
2 0.20552884615384615 0.43990384615384615 0.020432692307692308 0.06971153846153846
2 0.171875 0.45072115384615385 0.040865384615384616 0.09014423076923077
1 0.44471153846153844 0.4483173076923077 0.06971153846153846 0.07572115384615384
1 0.4699519230769231 0.47115384615384615 0.08653846153846154 0.09375
1 0.10336538461538461 0.46634615384615385 0.09254807692307693 0.09014423076923077
0 0.17307692307692307 0.48197115384615385 0.021634615384615384 0.07211538461538461
0 0.20432692307692307 0.47115384615384615 0.019230769230769232 0.055288461538461536
0 0.25240384615384615 0.4723557692307692 0.020432692307692308 0.055288461538461536
1 0.021634615384615384 0.43990384615384615 0.04326923076923077 0.06971153846153846
1 0.06850961538461539 0.43028846153846156 0.04807692307692308 0.056490384615384616