2 0.1141826923076923 0.4807692307692308 0.021634615384615384 0.08173076923076923
2 0.14423076923076922 0.47596153846153844 0.026442307692307692 0.09134615384615384
2 0.7740384615384616 0.49278846153846156 0.027644230769230768 0.12139423076923077
2 0.7475961538461539 0.46634615384615385 0.020432692307692308 0.08774038461538461
2 0.7067307692307693 0.47475961538461536 0.027644230769230768 0.08653846153846154
2 0.7295673076923077 0.5288461538461539 0.052884615384615384 0.2283653846153846
1 0.3798076923076923 0.4699519230769231 0.04326923076923077 0.03365384615384615
1 0.4543269230769231 0.4675480769230769 0.03485576923076923 0.040865384615384616
1 0.49759615384615385 0.4639423076923077 0.051682692307692304 0.03365384615384615
2 0.2932692307692308 0.4495192307692308 0.016826923076923076 0.02403846153846154
2 0.27163461538461536 0.4423076923076923 0.016826923076923076 0.028846153846153848
2 0.25841346153846156 0.4639423076923077 0.020432692307692308 0.056490384615384616
2 0.24278846153846154 0.46153846153846156 0.019230769230769232 0.06009615384615385
1 0.05048076923076923 0.46634615384615385 0.08653846153846154 0.05048076923076923
2 0.6634615384615384 0.4675480769230769 0.020432692307692308 0.04927884615384615
2 0.6502403846153846 0.4675480769230769 0.01201923076923077 0.04927884615384615
2 0.6418269230769231 0.46634615384615385 0.014423076923076924 0.04927884615384615
0 0.7295673076923077 0.6021634615384616 0.046875 0.1346153846153846