2 0.5516826923076923 0.46033653846153844 0.019230769230769232 0.04927884615384615
2 0.13341346153846154 0.49038461538461536 0.02403846153846154 0.06971153846153846
1 0.8365384615384616 0.5300480769230769 0.3112980769230769 0.20552884615384615
1 0.7283653846153846 0.45913461538461536 0.040865384615384616 0.05889423076923077
1 0.8028846153846154 0.41947115384615385 0.051682692307692304 0.038461538461538464
1 0.8088942307692307 0.43509615384615385 0.05889423076923077 0.0625
1 0.8870192307692307 0.41225961538461536 0.0733173076923077 0.038461538461538464
1 0.9411057692307693 0.4050480769230769 0.10096153846153846 0.052884615384615384
2 0.5793269230769231 0.46274038461538464 0.020432692307692308 0.06610576923076923
2 0.5973557692307693 0.46153846153846156 0.020432692307692308 0.06850961538461539
2 0.6394230769230769 0.46634615384615385 0.021634615384615384 0.078125
2 0.6189903846153846 0.47475961538461536 0.03245192307692308 0.09735576923076923
2 0.6574519230769231 0.46634615384615385 0.03125 0.10336538461538461
2 0.3786057692307692 0.46153846153846156 0.01201923076923077 0.025240384615384616
2 0.11177884615384616 0.49158653846153844 0.026442307692307692 0.06490384615384616