2 0.6370192307692307 0.46153846153846156 0.030048076923076924 0.08653846153846154
2 0.9362980769230769 0.5072115384615384 0.07211538461538461 0.25600961538461536
2 0.9783653846153846 0.4891826923076923 0.037259615384615384 0.2403846153846154
1 0.8112980769230769 0.4651442307692308 0.057692307692307696 0.06971153846153846
1 0.8786057692307693 0.47115384615384615 0.056490384615384616 0.08653846153846154
1 0.5060096153846154 0.5144230769230769 0.1346153846153846 0.1310096153846154
1 0.7295673076923077 0.4579326923076923 0.03485576923076923 0.06490384615384616
1 0.24639423076923078 0.48677884615384615 0.05889423076923077 0.05048076923076923
2 0.12620192307692307 0.4879807692307692 0.021634615384615384 0.03125
2 0.11057692307692307 0.4951923076923077 0.030048076923076924 0.056490384615384616
1 0.4519230769230769 0.46634615384615385 0.036057692307692304 0.025240384615384616
2 0.6057692307692307 0.46033653846153844 0.020432692307692308 0.056490384615384616
2 0.5865384615384616 0.46153846153846156 0.020432692307692308 0.056490384615384616