2 0.7403846153846154 0.49399038461538464 0.02403846153846154 0.078125
2 0.47596153846153844 0.45552884615384615 0.02403846153846154 0.046875
2 0.4206730769230769 0.5108173076923077 0.037259615384615384 0.1502403846153846
2 0.3894230769230769 0.5096153846153846 0.040865384615384616 0.14423076923076922
2 0.6057692307692307 0.4519230769230769 0.019230769230769232 0.04447115384615385
2 0.34975961538461536 0.5072115384615384 0.03485576923076923 0.140625
1 0.040865384615384616 0.7319711538461539 0.08173076923076923 0.28365384615384615
1 0.2800480769230769 0.5276442307692307 0.1201923076923077 0.12860576923076922
1 0.7632211538461539 0.49399038461538464 0.057692307692307696 0.09014423076923077
1 0.921875 0.6646634615384616 0.1502403846153846 0.2439903846153846
1 0.9459134615384616 0.8533653846153846 0.10096153846153846 0.2848557692307692
0 0.7043269230769231 0.6634615384615384 0.042067307692307696 0.1310096153846154
2 0.7067307692307693 0.5853365384615384 0.051682692307692304 0.2247596153846154
1 0.8533653846153846 0.49759615384615385 0.07451923076923077 0.08413461538461539
1 0.5757211538461539 0.4495192307692308 0.036057692307692304 0.038461538461538464
1 0.5588942307692307 0.44591346153846156 0.020432692307692308 0.028846153846153848
1 0.44350961538461536 0.4567307692307692 0.03245192307692308 0.038461538461538464