1 0.6009615384615384 0.4807692307692308 0.08653846153846154 0.07451923076923077
1 0.5528846153846154 0.46153846153846156 0.055288461538461536 0.06971153846153846
1 0.5264423076923077 0.4326923076923077 0.027644230769230768 0.03365384615384615
1 0.49278846153846156 0.40865384615384615 0.040865384615384616 0.037259615384615384
1 0.4807692307692308 0.3798076923076923 0.03125 0.025240384615384616
1 0.4579326923076923 0.3798076923076923 0.019230769230769232 0.025240384615384616
2 0.4987980769230769 0.49278846153846156 0.056490384615384616 0.14903846153846154
1 0.3786057692307692 0.38221153846153844 0.026442307692307692 0.03125
1 0.359375 0.39903846153846156 0.019230769230769232 0.03125
1 0.34975961538461536 0.4098557692307692 0.019230769230769232 0.03485576923076923
1 0.33533653846153844 0.41947115384615385 0.02403846153846154 0.040865384615384616
1 0.32211538461538464 0.43028846153846156 0.026442307692307692 0.040865384615384616
1 0.2980769230769231 0.4411057692307692 0.055288461538461536 0.046875
1 0.21634615384615385 0.4723557692307692 0.0889423076923077 0.08173076923076923
1 0.08653846153846154 0.43990384615384615 0.07692307692307693 0.06490384615384616
1 0.030048076923076924 0.44350961538461536 0.030048076923076924 0.0625