1 0.9615384615384616 0.5697115384615384 0.0733173076923077 0.18028846153846154
1 0.8762019230769231 0.5144230769230769 0.09975961538461539 0.1622596153846154
2 0.7908653846153846 0.4831730769230769 0.078125 0.21634615384615385
0 0.7908653846153846 0.5949519230769231 0.078125 0.1658653846153846
1 0.7043269230769231 0.4831730769230769 0.0985576923076923 0.13822115384615385
1 0.4567307692307692 0.5072115384615384 0.2439903846153846 0.28846153846153844
1 0.3137019230769231 0.48197115384615385 0.03485576923076923 0.052884615384615384
1 0.28846153846153844 0.48677884615384615 0.040865384615384616 0.06009615384615385
1 0.24519230769230768 0.49038461538461536 0.05889423076923077 0.06971153846153846
1 0.18870192307692307 0.5012019230769231 0.09254807692307693 0.09134615384615384
1 0.09254807692307693 0.5456730769230769 0.18389423076923078 0.45913461538461536