0 0.04807692307692308 0.5817307692307693 0.09615384615384616 0.2403846153846154
0 0.1778846153846154 0.5444711538461539 0.09014423076923077 0.1778846153846154
2 0.35216346153846156 0.4723557692307692 0.02403846153846154 0.08653846153846154
2 0.3161057692307692 0.4699519230769231 0.019230769230769232 0.07572115384615384
2 0.6442307692307693 0.5456730769230769 0.10817307692307693 0.40865384615384615
2 0.18629807692307693 0.48197115384615385 0.078125 0.23798076923076922
2 0.04447115384615385 0.48677884615384615 0.08653846153846154 0.3088942307692308
1 0.9338942307692307 0.5480769230769231 0.12980769230769232 0.23197115384615385
1 0.8689903846153846 0.5060096153846154 0.25961538461538464 0.23076923076923078
1 0.7271634615384616 0.5036057692307693 0.06129807692307692 0.15264423076923078
1 0.5576923076923077 0.49038461538461536 0.08774038461538461 0.14903846153846154
1 0.484375 0.49278846153846156 0.052884615384615384 0.08653846153846154
1 0.47475961538461536 0.4807692307692308 0.11778846153846154 0.09375
1 0.3894230769230769 0.47596153846153844 0.042067307692307696 0.06971153846153846
1 0.12139423076923077 0.48197115384615385 0.06129807692307692 0.09134615384615384
2 0.6177884615384616 0.39302884615384615 0.04567307692307692 0.046875