1 0.05048076923076923 0.45552884615384615 0.09735576923076923 0.15384615384615385
1 0.14182692307692307 0.45072115384615385 0.1045673076923077 0.11538461538461539
1 0.3701923076923077 0.46634615384615385 0.06610576923076923 0.05889423076923077
1 0.41225961538461536 0.46153846153846156 0.042067307692307696 0.046875
1 0.44711538461538464 0.4519230769230769 0.051682692307692304 0.052884615384615384
1 0.5901442307692307 0.4567307692307692 0.03245192307692308 0.046875
1 0.6177884615384616 0.46875 0.052884615384615384 0.055288461538461536
1 0.6442307692307693 0.49399038461538464 0.046875 0.078125
1 0.6802884615384616 0.5072115384615384 0.078125 0.09975961538461539
1 0.7175480769230769 0.5276442307692307 0.10576923076923077 0.140625
1 0.8317307692307693 0.5637019230769231 0.25721153846153844 0.25600961538461536
1 0.9182692307692307 0.6947115384615384 0.16105769230769232 0.46875
1 0.5036057692307693 0.44591346153846156 0.03245192307692308 0.025240384615384616
1 0.6466346153846154 0.4423076923076923 0.03125 0.037259615384615384