2 0.6634615384615384 0.47475961538461536 0.010817307692307692 0.038461538461538464
2 0.6526442307692307 0.4735576923076923 0.010817307692307692 0.040865384615384616
2 0.6370192307692307 0.4699519230769231 0.01201923076923077 0.04927884615384615
2 0.6286057692307693 0.4723557692307692 0.007211538461538462 0.046875
2 0.6177884615384616 0.47596153846153844 0.010817307692307692 0.038461538461538464
2 0.6081730769230769 0.47716346153846156 0.010817307692307692 0.04927884615384615
2 0.5973557692307693 0.47596153846153844 0.007211538461538462 0.04447115384615385
2 0.5889423076923077 0.47475961538461536 0.009615384615384616 0.04326923076923077
2 0.5805288461538461 0.46033653846153844 0.010817307692307692 0.021634615384615384
1 0.45913461538461536 0.4411057692307692 0.010817307692307692 0.015625
1 0.4495192307692308 0.4879807692307692 0.07451923076923077 0.07451923076923077
1 0.30288461538461536 0.484375 0.046875 0.04326923076923077