1 0.0889423076923077 0.6081730769230769 0.17548076923076922 0.2283653846153846
1 0.21394230769230768 0.5588942307692307 0.125 0.12139423076923077
1 0.26802884615384615 0.5216346153846154 0.1045673076923077 0.09375
1 0.3389423076923077 0.4951923076923077 0.06850961538461539 0.06850961538461539
1 0.38221153846153844 0.4699519230769231 0.03485576923076923 0.040865384615384616
1 0.4182692307692308 0.4567307692307692 0.036057692307692304 0.03485576923076923
1 0.5877403846153846 0.46875 0.046875 0.05048076923076923
1 0.6754807692307693 0.5120192307692307 0.14543269230769232 0.140625
1 0.8088942307692307 0.6129807692307693 0.25 0.203125
1 0.8401442307692307 0.46875 0.0625 0.05889423076923077
1 0.8112980769230769 0.46274038461538464 0.055288461538461536 0.046875
1 0.7776442307692307 0.46153846153846156 0.04567307692307692 0.056490384615384616
1 0.4411057692307692 0.44471153846153844 0.03125 0.038461538461538464
1 0.5612980769230769 0.45072115384615385 0.03125 0.04326923076923077
2 0.9807692307692307 0.5997596153846154 0.03485576923076923 0.16826923076923078