2 0.9519230769230769 0.7163461538461539 0.09254807692307693 0.4098557692307692
1 0.8954326923076923 0.6237980769230769 0.09975961538461539 0.1778846153846154
1 0.8377403846153846 0.5745192307692307 0.14903846153846154 0.13701923076923078
1 0.6514423076923077 0.47596153846153844 0.0625 0.052884615384615384
1 0.5661057692307693 0.45072115384615385 0.03245192307692308 0.040865384615384616
1 0.46153846153846156 0.46875 0.042067307692307696 0.0625
1 0.41947115384615385 0.48677884615384615 0.06129807692307692 0.08173076923076923
1 0.025240384615384616 0.4495192307692308 0.04807692307692308 0.055288461538461536
1 0.0985576923076923 0.49759615384615385 0.1935096153846154 0.109375
1 0.20432692307692307 0.4579326923076923 0.09014423076923077 0.08413461538461539
1 0.06610576923076923 0.6923076923076923 0.1310096153846154 0.28725961538461536
1 0.16706730769230768 0.6009615384615384 0.2091346153846154 0.20072115384615385
1 0.2956730769230769 0.5336538461538461 0.15625 0.1778846153846154
1 0.6237980769230769 0.4567307692307692 0.037259615384615384 0.038461538461538464
1 0.4879807692307692 0.4567307692307692 0.026442307692307692 0.038461538461538464
1 0.5144230769230769 0.44471153846153844 0.026442307692307692 0.03125
1 0.3293269230769231 0.4543269230769231 0.05889423076923077 0.052884615384615384