1 0.7211538461538461 0.48677884615384615 0.5360576923076923 0.2620192307692308
2 0.4206730769230769 0.5697115384615384 0.07211538461538461 0.34975961538461536
1 0.38100961538461536 0.4567307692307692 0.021634615384615384 0.027644230769230768
1 0.3641826923076923 0.46153846153846156 0.019230769230769232 0.027644230769230768
1 0.3449519230769231 0.46634615384615385 0.02403846153846154 0.027644230769230768
1 0.3269230769230769 0.47115384615384615 0.020432692307692308 0.027644230769230768
1 0.3088942307692308 0.4723557692307692 0.02403846153846154 0.03125
1 0.27403846153846156 0.46634615384615385 0.04567307692307692 0.052884615384615384
1 0.21754807692307693 0.48677884615384615 0.10336538461538461 0.08774038461538461
2 0.1310096153846154 0.4951923076923077 0.03245192307692308 0.12740384615384615
2 0.016826923076923076 0.5048076923076923 0.03245192307692308 0.12259615384615384