2 0.5372596153846154 0.46153846153846156 0.025240384615384616 0.05889423076923077
2 0.27283653846153844 0.4543269230769231 0.020432692307692308 0.06009615384615385
2 0.28846153846153844 0.4639423076923077 0.021634615384615384 0.056490384615384616
1 0.5805288461538461 0.6466346153846154 0.2800480769230769 0.3004807692307692
2 0.8942307692307693 0.47115384615384615 0.02403846153846154 0.09615384615384616
2 0.9206730769230769 0.4699519230769231 0.026442307692307692 0.09134615384615384
2 0.7572115384615384 0.4519230769230769 0.020432692307692308 0.025240384615384616
1 0.5552884615384616 0.4483173076923077 0.030048076923076924 0.03365384615384615
1 0.5168269230769231 0.4519230769230769 0.02403846153846154 0.040865384615384616
1 0.4951923076923077 0.43509615384615385 0.03125 0.027644230769230768
2 0.7992788461538461 0.4699519230769231 0.020432692307692308 0.06009615384615385