1 0.9675480769230769 0.43028846153846156 0.055288461538461536 0.08653846153846154
1 0.7560096153846154 0.4375 0.08653846153846154 0.07451923076923077
1 0.2127403846153846 0.43028846153846156 0.1466346153846154 0.11538461538461539
1 0.10096153846153846 0.41346153846153844 0.07692307692307693 0.0625
2 0.05889423076923077 0.45072115384615385 0.051682692307692304 0.1346153846153846
2 0.16826923076923078 0.4651442307692308 0.04326923076923077 0.09375
2 0.30649038461538464 0.43990384615384615 0.03245192307692308 0.09975961538461539
2 0.2776442307692308 0.4411057692307692 0.027644230769230768 0.06971153846153846
2 0.3894230769230769 0.44471153846153844 0.04807692307692308 0.078125
0 0.06129807692307692 0.5072115384615384 0.08774038461538461 0.06009615384615385
0 0.14543269230769232 0.5072115384615384 0.03485576923076923 0.046875
0 0.18870192307692307 0.49759615384615385 0.037259615384615384 0.06610576923076923
0 0.27403846153846156 0.49278846153846156 0.02403846153846154 0.04326923076923077
0 0.3088942307692308 0.49399038461538464 0.042067307692307696 0.05889423076923077
0 0.38822115384615385 0.484375 0.04807692307692308 0.046875
2 0.6105769230769231 0.43509615384615385 0.03485576923076923 0.08653846153846154
0 0.6057692307692307 0.4579326923076923 0.03245192307692308 0.040865384615384616
2 0.5745192307692307 0.42908653846153844 0.040865384615384616 0.056490384615384616
0 0.5721153846153846 0.46274038461538464 0.036057692307692304 0.03485576923076923
2 0.5348557692307693 0.43028846153846156 0.036057692307692304 0.05889423076923077
0 0.5384615384615384 0.46274038461538464 0.027644230769230768 0.05048076923076923
2 0.47836538461538464 0.42788461538461536 0.030048076923076924 0.0625
2 0.4483173076923077 0.43028846153846156 0.03125 0.078125
0 0.48197115384615385 0.46634615384615385 0.03245192307692308 0.040865384615384616
0 0.44711538461538464 0.46634615384615385 0.04567307692307692 0.046875