1 0.6189903846153846 0.49399038461538464 0.13581730769230768 0.13221153846153846
1 0.7427884615384616 0.46033653846153844 0.05889423076923077 0.037259615384615384
1 0.5348557692307693 0.4879807692307692 0.046875 0.05048076923076923
1 0.44350961538461536 0.5012019230769231 0.030048076923076924 0.028846153846153848
1 0.41346153846153844 0.5024038461538461 0.019230769230769232 0.025240384615384616
1 0.3918269230769231 0.5 0.02403846153846154 0.03125
1 0.3737980769230769 0.49278846153846156 0.019230769230769232 0.037259615384615384
1 0.359375 0.4951923076923077 0.021634615384615384 0.037259615384615384
1 0.3329326923076923 0.49278846153846156 0.037259615384615384 0.04326923076923077
1 0.2776442307692308 0.48677884615384615 0.06971153846153846 0.06850961538461539
2 0.1778846153846154 0.4891826923076923 0.020432692307692308 0.06490384615384616
2 0.09495192307692307 0.49278846153846156 0.020432692307692308 0.056490384615384616
2 0.06129807692307692 0.49399038461538464 0.015625 0.06971153846153846
2 0.018028846153846152 0.4951923076923077 0.02403846153846154 0.07572115384615384