0 0.6189903846153846 0.5829326923076923 0.0829326923076923 0.10697115384615384
0 0.7331730769230769 0.5685096153846154 0.12379807692307693 0.16346153846153846
0 0.2980769230769231 0.5456730769230769 0.03245192307692308 0.07211538461538461
0 0.32211538461538464 0.5661057692307693 0.04807692307692308 0.09014423076923077
0 0.40024038461538464 0.5540865384615384 0.06850961538461539 0.12259615384615384
0 0.2283653846153846 0.53125 0.02403846153846154 0.06610576923076923
0 0.12860576923076922 0.5300480769230769 0.027644230769230768 0.06009615384615385
2 0.6682692307692307 0.48677884615384615 0.10576923076923077 0.24278846153846154
2 0.35336538461538464 0.49038461538461536 0.0673076923076923 0.18028846153846154
2 0.3112980769230769 0.44711538461538464 0.05889423076923077 0.13221153846153846
2 0.2283653846153846 0.4831730769230769 0.026442307692307692 0.09975961538461539
2 0.1310096153846154 0.484375 0.036057692307692304 0.09735576923076923
1 0.5480769230769231 0.4795673076923077 0.07692307692307693 0.08413461538461539
1 0.18389423076923078 0.47836538461538464 0.07451923076923077 0.09014423076923077
1 0.04326923076923077 0.5012019230769231 0.08653846153846154 0.11538461538461539
1 0.5096153846153846 0.48197115384615385 0.021634615384615384 0.05048076923076923
1 0.49399038461538464 0.47716346153846156 0.020432692307692308 0.040865384615384616