1 0.7043269230769231 0.44711538461538464 0.07932692307692307 0.0625
0 0.6574519230769231 0.48197115384615385 0.036057692307692304 0.04447115384615385
2 0.6382211538461539 0.4338942307692308 0.020432692307692308 0.06610576923076923
0 0.6045673076923077 0.4831730769230769 0.040865384615384616 0.04447115384615385
1 0.6033653846153846 0.4423076923076923 0.04326923076923077 0.04927884615384615
1 0.5504807692307693 0.4375 0.06129807692307692 0.0625
1 0.5108173076923077 0.44471153846153844 0.025240384615384616 0.028846153846153848
1 0.5048076923076923 0.42908653846153844 0.027644230769230768 0.040865384615384616
1 0.4795673076923077 0.43028846153846156 0.025240384615384616 0.038461538461538464
1 0.44350961538461536 0.43149038461538464 0.030048076923076924 0.038461538461538464
2 0.4170673076923077 0.453125 0.027644230769230768 0.10576923076923077
2 0.3954326923076923 0.4579326923076923 0.027644230769230768 0.09615384615384616
2 0.359375 0.4170673076923077 0.01201923076923077 0.025240384615384616
2 0.3485576923076923 0.41947115384615385 0.01201923076923077 0.025240384615384616
1 0.15985576923076922 0.44471153846153844 0.04326923076923077 0.040865384615384616