1 0.8497596153846154 0.5384615384615384 0.2980769230769231 0.2848557692307692
2 0.6658653846153846 0.4651442307692308 0.020432692307692308 0.06971153846153846
2 0.6466346153846154 0.46634615384615385 0.019230769230769232 0.04447115384615385
2 0.6009615384615384 0.46153846153846156 0.020432692307692308 0.06009615384615385
1 0.5661057692307693 0.47115384615384615 0.046875 0.056490384615384616
1 0.5324519230769231 0.4651442307692308 0.021634615384615384 0.04326923076923077
1 0.4699519230769231 0.44711538461538464 0.020432692307692308 0.02403846153846154
1 0.4362980769230769 0.4483173076923077 0.019230769230769232 0.028846153846153848
1 0.4519230769230769 0.46153846153846156 0.026442307692307692 0.03485576923076923
1 0.39903846153846156 0.4699519230769231 0.03485576923076923 0.040865384615384616
1 0.36538461538461536 0.47596153846153844 0.03125 0.055288461538461536
1 0.3161057692307692 0.48197115384615385 0.0673076923076923 0.08173076923076923
2 0.16826923076923078 0.47475961538461536 0.019230769230769232 0.07451923076923077