2 0.5877403846153846 0.5096153846153846 0.027644230769230768 0.07451923076923077
2 0.6658653846153846 0.5120192307692307 0.021634615384615384 0.06971153846153846
2 0.6875 0.5072115384615384 0.025240384615384616 0.0625
2 0.7163461538461539 0.5096153846153846 0.02403846153846154 0.06610576923076923
2 0.7451923076923077 0.5120192307692307 0.027644230769230768 0.078125
2 0.8004807692307693 0.5132211538461539 0.021634615384615384 0.078125
1 0.49278846153846156 0.5432692307692307 0.1201923076923077 0.11778846153846154
1 0.39783653846153844 0.4987980769230769 0.036057692307692304 0.040865384615384616
1 0.10576923076923077 0.609375 0.21153846153846154 0.2620192307692308
2 0.11658653846153846 0.47115384615384615 0.02403846153846154 0.027644230769230768
2 0.140625 0.4735576923076923 0.019230769230769232 0.025240384615384616
2 0.1658653846153846 0.4795673076923077 0.025240384615384616 0.03365384615384615
2 0.1814903846153846 0.49278846153846156 0.020432692307692308 0.040865384615384616