1 0.4723557692307692 0.4567307692307692 0.07692307692307693 0.06610576923076923
1 0.5168269230769231 0.45552884615384615 0.030048076923076924 0.052884615384615384
1 0.5444711538461539 0.4543269230769231 0.03245192307692308 0.04447115384615385
1 0.5769230769230769 0.4519230769230769 0.04567307692307692 0.040865384615384616
1 0.8557692307692307 0.46875 0.12139423076923077 0.11778846153846154
1 0.8774038461538461 0.4879807692307692 0.0733173076923077 0.09735576923076923
1 0.9699519230769231 0.4891826923076923 0.057692307692307696 0.1310096153846154
1 0.7259615384615384 0.4639423076923077 0.06610576923076923 0.07211538461538461
2 0.6730769230769231 0.4831730769230769 0.04567307692307692 0.12259615384615384
2 0.6370192307692307 0.46033653846153844 0.026442307692307692 0.09615384615384616
2 0.6201923076923077 0.45072115384615385 0.021634615384615384 0.08173076923076923
1 0.2620192307692308 0.4483173076923077 0.03245192307692308 0.08774038461538461
1 0.1814903846153846 0.4411057692307692 0.125 0.09735576923076923