2 0.07211538461538461 0.5384615384615384 0.06850961538461539 0.2848557692307692
2 0.5588942307692307 0.47115384615384615 0.020432692307692308 0.055288461538461536
1 0.03125 0.5336538461538461 0.05889423076923077 0.2127403846153846
1 0.14182692307692307 0.53125 0.09014423076923077 0.15264423076923078
1 0.234375 0.5024038461538461 0.125 0.11899038461538461
1 0.8930288461538461 0.7367788461538461 0.20793269230769232 0.47115384615384615
1 0.7992788461538461 0.5817307692307693 0.21754807692307693 0.203125
1 0.6009615384615384 0.49038461538461536 0.040865384615384616 0.0625
1 0.39903846153846156 0.46875 0.042067307692307696 0.05889423076923077
1 0.31490384615384615 0.484375 0.07692307692307693 0.09375
1 0.3557692307692308 0.48197115384615385 0.052884615384615384 0.06850961538461539
1 0.38221153846153844 0.47716346153846156 0.036057692307692304 0.056490384615384616
1 0.4254807692307692 0.4699519230769231 0.02403846153846154 0.040865384615384616
1 0.43149038461538464 0.46634615384615385 0.026442307692307692 0.037259615384615384
1 0.4519230769230769 0.4699519230769231 0.020432692307692308 0.03365384615384615
1 0.46875 0.46033653846153844 0.025240384615384616 0.025240384615384616
1 0.6634615384615384 0.4951923076923077 0.11899038461538461 0.11899038461538461
1 0.7043269230769231 0.5408653846153846 0.15745192307692307 0.14903846153846154
1 0.7644230769230769 0.46033653846153844 0.07932692307692307 0.028846153846153848
2 0.5769230769230769 0.45552884615384615 0.021634615384615384 0.027644230769230768
1 0.5865384615384616 0.484375 0.030048076923076924 0.055288461538461536
2 0.6153846153846154 0.453125 0.015625 0.019230769230769232