1 0.06009615384615385 0.5456730769230769 0.1201923076923077 0.21634615384615385
1 0.21754807692307693 0.5 0.15625 0.11778846153846154
1 0.3004807692307692 0.4951923076923077 0.052884615384615384 0.07572115384615384
1 0.3605769230769231 0.47115384615384615 0.06971153846153846 0.0625
1 0.41947115384615385 0.46153846153846156 0.03245192307692308 0.03485576923076923
1 0.6418269230769231 0.5072115384615384 0.0985576923076923 0.10336538461538461
2 0.5552884615384616 0.4675480769230769 0.021634615384615384 0.07211538461538461
2 0.5360576923076923 0.4639423076923077 0.019230769230769232 0.06850961538461539
2 0.4567307692307692 0.4567307692307692 0.019230769230769232 0.038461538461538464
1 0.578125 0.46274038461538464 0.025240384615384616 0.04326923076923077
1 0.5997596153846154 0.4723557692307692 0.051682692307692304 0.0625
1 0.5132211538461539 0.45913461538461536 0.03245192307692308 0.03485576923076923
1 0.7019230769230769 0.45552884615384615 0.06129807692307692 0.037259615384615384
2 0.4675480769230769 0.4567307692307692 0.014423076923076924 0.04326923076923077
2 0.4795673076923077 0.45552884615384615 0.01201923076923077 0.040865384615384616
1 0.7716346153846154 0.4951923076923077 0.04807692307692308 0.07572115384615384
1 0.39903846153846156 0.4699519230769231 0.02403846153846154 0.04447115384615385