0 0.9747596153846154 0.5985576923076923 0.046875 0.09975961538461539
0 0.6911057692307693 0.5637019230769231 0.1875 0.13822115384615385
0 0.2956730769230769 0.5444711538461539 0.0733173076923077 0.10096153846153846
0 0.16947115384615385 0.5384615384615384 0.051682692307692304 0.08774038461538461
2 0.6802884615384616 0.4807692307692308 0.09975961538461539 0.21875
2 0.29927884615384615 0.48677884615384615 0.0673076923076923 0.15264423076923078
2 0.16706730769230768 0.49278846153846156 0.040865384615384616 0.12860576923076922
1 0.5504807692307693 0.4807692307692308 0.08173076923076923 0.078125
1 0.19951923076923078 0.47596153846153844 0.055288461538461536 0.08173076923076923
1 0.042067307692307696 0.5012019230769231 0.08413461538461539 0.11538461538461539
1 0.3389423076923077 0.4735576923076923 0.05048076923076923 0.06490384615384616
1 0.5072115384615384 0.48197115384615385 0.02403846153846154 0.04447115384615385
1 0.4987980769230769 0.47115384615384615 0.037259615384615384 0.04447115384615385