2 0.04326923076923077 0.6069711538461539 0.08413461538461539 0.27403846153846156
2 0.12620192307692307 0.6081730769230769 0.0733173076923077 0.26322115384615385
2 0.18629807692307693 0.6033653846153846 0.06610576923076923 0.28125
2 0.8233173076923077 0.6298076923076923 0.07451923076923077 0.26802884615384615
2 0.6899038461538461 0.5024038461538461 0.026442307692307692 0.08774038461538461
1 0.8990384615384616 0.5396634615384616 0.10817307692307693 0.13822115384615385
1 0.7596153846153846 0.5072115384615384 0.12379807692307693 0.09735576923076923
1 0.35216346153846156 0.4699519230769231 0.055288461538461536 0.04447115384615385
1 0.23557692307692307 0.5324519230769231 0.057692307692307696 0.10336538461538461
1 0.5072115384615384 0.46153846153846156 0.046875 0.04326923076923077
1 0.09014423076923077 0.5961538461538461 0.05048076923076923 0.18389423076923078
1 0.6262019230769231 0.4639423076923077 0.042067307692307696 0.04447115384615385
1 0.6322115384615384 0.4795673076923077 0.030048076923076924 0.040865384615384616
1 0.39302884615384615 0.4519230769230769 0.02403846153846154 0.025240384615384616
2 0.33653846153846156 0.4735576923076923 0.021634615384615384 0.056490384615384616
0 0.8269230769230769 0.7091346153846154 0.055288461538461536 0.14903846153846154