1 0.11057692307692307 0.5841346153846154 0.14423076923076922 0.12139423076923077
1 0.21394230769230768 0.5540865384615384 0.08413461538461539 0.07572115384615384
1 0.25240384615384615 0.5360576923076923 0.06129807692307692 0.07572115384615384
1 0.2980769230769231 0.5240384615384616 0.056490384615384616 0.06490384615384616
1 0.5504807692307693 0.5637019230769231 0.09014423076923077 0.10336538461538461
1 0.5721153846153846 0.5973557692307693 0.12620192307692307 0.12860576923076922
2 0.7716346153846154 0.6069711538461539 0.06610576923076923 0.17548076923076922
1 0.09014423076923077 0.5336538461538461 0.07211538461538461 0.06971153846153846
1 0.47475961538461536 0.5288461538461539 0.040865384615384616 0.038461538461538464
1 0.49399038461538464 0.546875 0.03485576923076923 0.0625
2 0.37259615384615385 0.5108173076923077 0.016826923076923076 0.037259615384615384