1 0.8774038461538461 0.5997596153846154 0.23557692307692307 0.21875
1 0.9627403846153846 0.6887019230769231 0.07211538461538461 0.1658653846153846
2 0.7824519230769231 0.609375 0.0673076923076923 0.1875
2 0.6033653846153846 0.4951923076923077 0.026442307692307692 0.10697115384615384
2 0.5408653846153846 0.49158653846153844 0.03245192307692308 0.10336538461538461
1 0.7151442307692307 0.5108173076923077 0.07451923076923077 0.06490384615384616
1 0.6838942307692307 0.5024038461538461 0.056490384615384616 0.06009615384615385
1 0.41947115384615385 0.49759615384615385 0.036057692307692304 0.08774038461538461
1 0.44711538461538464 0.4879807692307692 0.027644230769230768 0.06610576923076923
1 0.3605769230769231 0.5168269230769231 0.1201923076923077 0.13822115384615385
1 0.2848557692307692 0.5661057692307693 0.1346153846153846 0.15625
1 0.1346153846153846 0.6358173076923077 0.25961538461538464 0.24759615384615385
0 0.5384615384615384 0.5216346153846154 0.020432692307692308 0.05889423076923077
1 0.47115384615384615 0.4795673076923077 0.02403846153846154 0.06850961538461539
1 0.5012019230769231 0.4579326923076923 0.03245192307692308 0.03365384615384615
1 0.7536057692307693 0.5288461538461539 0.078125 0.078125