0 0.3581730769230769 0.49759615384615385 0.026442307692307692 0.06009615384615385
2 0.35697115384615385 0.48197115384615385 0.036057692307692304 0.09134615384615384
2 0.7127403846153846 0.45913461538461536 0.03485576923076923 0.055288461538461536
2 0.7608173076923077 0.4807692307692308 0.03125 0.10096153846153846
2 0.7884615384615384 0.4675480769230769 0.025240384615384616 0.10336538461538461
2 0.9819711538461539 0.5336538461538461 0.03245192307692308 0.14903846153846154
2 0.2764423076923077 0.4579326923076923 0.019230769230769232 0.06850961538461539
2 0.2608173076923077 0.44591346153846156 0.019230769230769232 0.056490384615384616
1 0.5685096153846154 0.46274038461538464 0.027644230769230768 0.03125
2 0.49158653846153844 0.4519230769230769 0.014423076923076924 0.028846153846153848
2 0.5072115384615384 0.4543269230769231 0.01201923076923077 0.025240384615384616
0 0.13581730769230768 0.4807692307692308 0.025240384615384616 0.03485576923076923
2 0.33774038461538464 0.453125 0.019230769230769232 0.046875
2 0.3245192307692308 0.46153846153846156 0.019230769230769232 0.05889423076923077
1 0.45552884615384615 0.46153846153846156 0.020432692307692308 0.028846153846153848