1 0.9242788461538461 0.6033653846153846 0.14903846153846154 0.2692307692307692
1 0.6153846153846154 0.4855769230769231 0.1201923076923077 0.13822115384615385
1 0.09495192307692307 0.515625 0.15504807692307693 0.11778846153846154
1 0.26802884615384615 0.48677884615384615 0.06370192307692307 0.0625
1 0.34134615384615385 0.47596153846153844 0.04567307692307692 0.04326923076923077
1 0.3701923076923077 0.47836538461538464 0.021634615384615384 0.03125
1 0.3918269230769231 0.47836538461538464 0.020432692307692308 0.027644230769230768
1 0.4879807692307692 0.47836538461538464 0.025240384615384616 0.027644230769230768
1 0.45552884615384615 0.47596153846153844 0.02403846153846154 0.027644230769230768
1 0.16826923076923078 0.47475961538461536 0.020432692307692308 0.019230769230769232
1 0.1971153846153846 0.47596153846153844 0.025240384615384616 0.025240384615384616