2 0.23197115384615385 0.5492788461538461 0.055288461538461536 0.1935096153846154
2 0.27403846153846156 0.5444711538461539 0.027644230769230768 0.1502403846153846
2 0.3137019230769231 0.5324519230769231 0.05048076923076923 0.15865384615384615
1 0.07692307692307693 0.6959134615384616 0.1502403846153846 0.2439903846153846
1 0.09014423076923077 0.5793269230769231 0.1778846153846154 0.18509615384615385
1 0.18870192307692307 0.5600961538461539 0.06971153846153846 0.14302884615384615
1 0.3425480769230769 0.48197115384615385 0.06610576923076923 0.06610576923076923
1 0.390625 0.4639423076923077 0.037259615384615384 0.040865384615384616
1 0.5504807692307693 0.4579326923076923 0.042067307692307696 0.040865384615384616
1 0.5829326923076923 0.47115384615384615 0.056490384615384616 0.06850961538461539
1 0.6081730769230769 0.4963942307692308 0.07932692307692307 0.07451923076923077
2 0.7403846153846154 0.48197115384615385 0.030048076923076924 0.05048076923076923
2 0.6814903846153846 0.46875 0.026442307692307692 0.046875
2 0.6586538461538461 0.4723557692307692 0.020432692307692308 0.0625
1 0.6995192307692307 0.5492788461538461 0.13942307692307693 0.12139423076923077
1 0.8858173076923077 0.6995192307692307 0.2247596153846154 0.30528846153846156
1 0.9399038461538461 0.5 0.11778846153846154 0.109375
1 0.8990384615384616 0.4891826923076923 0.055288461538461536 0.06850961538461539
1 0.23798076923076922 0.46634615384615385 0.109375 0.046875
1 0.375 0.4795673076923077 0.040865384615384616 0.052884615384615384
1 0.4230769230769231 0.4519230769230769 0.021634615384615384 0.028846153846153848
1 0.4387019230769231 0.4423076923076923 0.02403846153846154 0.025240384615384616