2 0.7800480769230769 0.46634615384615385 0.03485576923076923 0.04447115384615385
0 0.7824519230769231 0.5072115384615384 0.040865384615384616 0.03485576923076923
2 0.6286057692307693 0.46274038461538464 0.020432692307692308 0.0625
1 0.53125 0.48197115384615385 0.056490384615384616 0.055288461538461536
1 0.5204326923076923 0.46634615384615385 0.052884615384615384 0.0625
1 0.49158653846153844 0.4735576923076923 0.020432692307692308 0.028846153846153848
1 0.4807692307692308 0.47115384615384615 0.020432692307692308 0.02403846153846154
1 0.42788461538461536 0.46634615384615385 0.019230769230769232 0.02403846153846154
1 0.41466346153846156 0.46153846153846156 0.020432692307692308 0.02403846153846154
1 0.3894230769230769 0.46875 0.020432692307692308 0.027644230769230768
1 0.375 0.4723557692307692 0.019230769230769232 0.03125
1 0.31971153846153844 0.4735576923076923 0.09735576923076923 0.11899038461538461
1 0.2536057692307692 0.5060096153846154 0.125 0.13221153846153846
2 0.1778846153846154 0.5252403846153846 0.027644230769230768 0.09735576923076923
1 0.11778846153846154 0.5024038461538461 0.10096153846153846 0.11899038461538461
1 0.06850961538461539 0.5661057692307693 0.13581730769230768 0.265625