1 0.12620192307692307 0.5252403846153846 0.04807692307692308 0.10576923076923077
1 0.06129807692307692 0.5288461538461539 0.03125 0.1310096153846154
1 0.15745192307692307 0.4951923076923077 0.13221153846153846 0.15865384615384615
1 0.2668269230769231 0.4567307692307692 0.08653846153846154 0.0625
1 0.29086538461538464 0.5096153846153846 0.171875 0.13701923076923078
1 0.5745192307692307 0.4831730769230769 0.03125 0.06850961538461539
1 0.7848557692307693 0.48677884615384615 0.040865384615384616 0.08774038461538461
1 0.6887019230769231 0.5276442307692307 0.1814903846153846 0.19951923076923078
2 0.3918269230769231 0.47115384615384615 0.019230769230769232 0.056490384615384616
2 0.4110576923076923 0.47596153846153844 0.025240384615384616 0.04447115384615385
2 0.5216346153846154 0.45552884615384615 0.019230769230769232 0.06610576923076923
2 0.5480769230769231 0.49399038461538464 0.051682692307692304 0.15264423076923078
2 0.08533653846153846 0.5276442307692307 0.057692307692307696 0.19471153846153846
2 0.03245192307692308 0.5336538461538461 0.06129807692307692 0.19110576923076922
1 0.6021634615384616 0.5012019230769231 0.055288461538461536 0.12740384615384615
1 0.4807692307692308 0.46875 0.03245192307692308 0.027644230769230768