2 0.08533653846153846 0.6057692307692307 0.051682692307692304 0.22596153846153846
2 0.2536057692307692 0.5252403846153846 0.056490384615384616 0.15625
2 0.43509615384615385 0.5805288461538461 0.0733173076923077 0.25
2 0.6105769230769231 0.5841346153846154 0.09014423076923077 0.2536057692307692
0 0.25721153846153844 0.5865384615384616 0.05048076923076923 0.11778846153846154
0 0.4387019230769231 0.6634615384615384 0.026442307692307692 0.1310096153846154
1 0.038461538461538464 0.5985576923076923 0.0733173076923077 0.2283653846153846
1 0.125 0.5552884615384616 0.14423076923076922 0.15865384615384615
1 0.21033653846153846 0.5132211538461539 0.06129807692307692 0.07451923076923077
1 0.33413461538461536 0.4891826923076923 0.056490384615384616 0.06850961538461539
1 0.3798076923076923 0.47475961538461536 0.04326923076923077 0.0625
1 0.7247596153846154 0.5576923076923077 0.1658653846153846 0.16947115384615385
1 0.8269230769230769 0.6382211538461539 0.3076923076923077 0.25600961538461536
1 0.9026442307692307 0.8076923076923077 0.19230769230769232 0.38100961538461536
1 0.12740384615384615 0.45913461538461536 0.055288461538461536 0.046875
1 0.025240384615384616 0.4675480769230769 0.05048076923076923 0.052884615384615384
1 0.2920673076923077 0.47475961538461536 0.052884615384615384 0.055288461538461536
1 0.5420673076923077 0.46153846153846156 0.037259615384615384 0.046875
1 0.5673076923076923 0.4723557692307692 0.052884615384615384 0.07451923076923077
1 0.65625 0.4699519230769231 0.10576923076923077 0.06009615384615385
1 0.7716346153846154 0.4543269230769231 0.09975961538461539 0.06009615384615385
1 0.7956730769230769 0.46274038461538464 0.09014423076923077 0.05048076923076923