1 0.9098557692307693 0.6730769230769231 0.17668269230769232 0.31009615384615385
2 0.8112980769230769 0.4987980769230769 0.07211538461538461 0.10697115384615384
2 0.8016826923076923 0.5853365384615384 0.0625 0.2283653846153846
1 0.734375 0.5240384615384616 0.12139423076923077 0.15384615384615385
1 0.6838942307692307 0.5108173076923077 0.051682692307692304 0.09615384615384616
1 0.6322115384615384 0.49158653846153844 0.046875 0.06009615384615385
1 0.6057692307692307 0.4807692307692308 0.04807692307692308 0.05048076923076923
1 0.5432692307692307 0.46153846153846156 0.03125 0.03365384615384615
1 0.30288461538461536 0.4567307692307692 0.09375 0.05048076923076923
1 0.22716346153846154 0.4387019230769231 0.055288461538461536 0.056490384615384616
1 0.109375 0.453125 0.109375 0.07451923076923077
2 0.4098557692307692 0.4567307692307692 0.019230769230769232 0.04326923076923077
1 0.6574519230769231 0.5036057692307693 0.052884615384615384 0.078125
1 0.4855769230769231 0.4567307692307692 0.021634615384615384 0.02403846153846154
1 0.21634615384615385 0.45913461538461536 0.04807692307692308 0.05048076923076923
1 0.15745192307692307 0.4519230769230769 0.07451923076923077 0.06850961538461539
1 0.38341346153846156 0.4567307692307692 0.03245192307692308 0.027644230769230768