1 0.056490384615384616 0.5901442307692307 0.11298076923076923 0.23798076923076922
1 0.14423076923076922 0.5588942307692307 0.10817307692307693 0.140625
1 0.23076923076923078 0.47115384615384615 0.09495192307692307 0.055288461538461536
1 0.3088942307692308 0.4795673076923077 0.0673076923076923 0.07211538461538461
1 0.3557692307692308 0.46634615384615385 0.05048076923076923 0.052884615384615384
1 0.49038461538461536 0.4338942307692308 0.03245192307692308 0.03125
1 0.6334134615384616 0.46634615384615385 0.036057692307692304 0.06490384615384616
1 0.7944711538461539 0.4795673076923077 0.13581730769230768 0.08774038461538461
1 0.8870192307692307 0.5060096153846154 0.19951923076923078 0.11298076923076923
2 0.5168269230769231 0.4519230769230769 0.025240384615384616 0.056490384615384616
1 0.9699519230769231 0.5540865384615384 0.057692307692307696 0.15384615384615385
1 0.9735576923076923 0.44711538461538464 0.05048076923076923 0.05889423076923077
1 0.625 0.44471153846153844 0.0625 0.04447115384615385