1 0.18990384615384615 0.45072115384615385 0.0985576923076923 0.05889423076923077
1 0.10576923076923077 0.5540865384615384 0.21153846153846154 0.16947115384615385
1 0.22716346153846154 0.5120192307692307 0.1201923076923077 0.125
1 0.2824519230769231 0.48677884615384615 0.07932692307692307 0.08774038461538461
1 0.3233173076923077 0.47475961538461536 0.056490384615384616 0.06610576923076923
1 0.35216346153846156 0.46033653846153844 0.055288461538461536 0.052884615384615384
1 0.375 0.44471153846153844 0.05048076923076923 0.05889423076923077
1 0.6766826923076923 0.5240384615384616 0.07211538461538461 0.12740384615384615
1 0.8245192307692307 0.5697115384615384 0.3088942307692308 0.27524038461538464
2 0.9302884615384616 0.47596153846153844 0.04326923076923077 0.08413461538461539
1 0.5564903846153846 0.43990384615384615 0.030048076923076924 0.03125
1 0.6189903846153846 0.4326923076923077 0.020432692307692308 0.040865384615384616
1 0.40384615384615385 0.4387019230769231 0.026442307692307692 0.040865384615384616
1 0.43149038461538464 0.42427884615384615 0.03125 0.03485576923076923
1 0.42427884615384615 0.43990384615384615 0.02403846153846154 0.02403846153846154
2 0.46634615384615385 0.42908653846153844 0.014423076923076924 0.040865384615384616
2 0.8858173076923077 0.45072115384615385 0.019230769230769232 0.03485576923076923