2 0.9939903846153846 0.45072115384615385 0.009615384615384616 0.09975961538461539
2 0.9507211538461539 0.45552884615384615 0.026442307692307692 0.11778846153846154
2 0.9230769230769231 0.46153846153846156 0.030048076923076924 0.10096153846153846
2 0.8846153846153846 0.4098557692307692 0.01201923076923077 0.03485576923076923
2 0.8629807692307693 0.41346153846153844 0.01201923076923077 0.025240384615384616
2 0.8269230769230769 0.4254807692307692 0.014423076923076924 0.027644230769230768
2 0.7776442307692307 0.43028846153846156 0.010817307692307692 0.037259615384615384
1 0.6935096153846154 0.5204326923076923 0.203125 0.15384615384615385
1 0.6129807692307693 0.49038461538461536 0.12980769230769232 0.12139423076923077
1 0.5492788461538461 0.47115384615384615 0.051682692307692304 0.08774038461538461
1 0.5216346153846154 0.46153846153846156 0.026442307692307692 0.05048076923076923
1 0.49158653846153844 0.4567307692307692 0.030048076923076924 0.038461538461538464
1 0.4483173076923077 0.4639423076923077 0.05048076923076923 0.06009615384615385
1 0.39903846153846156 0.45552884615384615 0.027644230769230768 0.03365384615384615
1 0.37259615384615385 0.45552884615384615 0.026442307692307692 0.03485576923076923
1 0.3425480769230769 0.46153846153846156 0.03485576923076923 0.038461538461538464
1 0.31850961538461536 0.46875 0.025240384615384616 0.05048076923076923
1 0.2956730769230769 0.4723557692307692 0.030048076923076924 0.05889423076923077
1 0.2668269230769231 0.48677884615384615 0.04326923076923077 0.06490384615384616
1 0.22596153846153846 0.48677884615384615 0.057692307692307696 0.11298076923076923
1 0.17307692307692307 0.4519230769230769 0.05048076923076923 0.03365384615384615
1 0.11899038461538461 0.5252403846153846 0.16105769230769232 0.12139423076923077
1 0.020432692307692308 0.5264423076923077 0.040865384615384616 0.18509615384615385