2 0.45913461538461536 0.48677884615384615 0.027644230769230768 0.10096153846153846
2 0.4170673076923077 0.484375 0.03125 0.10576923076923077
2 0.3786057692307692 0.4831730769230769 0.040865384615384616 0.11538461538461539
1 0.9134615384615384 0.5336538461538461 0.16826923076923078 0.24639423076923078
1 0.8677884615384616 0.4963942307692308 0.24639423076923078 0.21875
1 0.7199519230769231 0.5120192307692307 0.12139423076923077 0.14903846153846154
1 0.6790865384615384 0.4879807692307692 0.18629807692307693 0.14903846153846154
1 0.5516826923076923 0.4879807692307692 0.11899038461538461 0.09375
1 0.5372596153846154 0.4735576923076923 0.12980769230769232 0.10336538461538461
1 0.2548076923076923 0.4639423076923077 0.052884615384615384 0.040865384615384616
1 0.09735576923076923 0.42427884615384615 0.055288461538461536 0.046875
1 0.0889423076923077 0.48197115384615385 0.1310096153846154 0.08774038461538461
1 0.046875 0.5132211538461539 0.09375 0.15865384615384615
2 0.3449519230769231 0.4699519230769231 0.021634615384615384 0.056490384615384616
0 0.31490384615384615 0.49278846153846156 0.02403846153846154 0.028846153846153848
2 0.31490384615384615 0.46634615384615385 0.02403846153846154 0.05048076923076923
1 0.14423076923076922 0.47836538461538464 0.046875 0.046875