2 0.7127403846153846 0.5096153846153846 0.021634615384615384 0.12139423076923077
2 0.65625 0.5 0.0625 0.140625
1 0.5372596153846154 0.5072115384615384 0.07451923076923077 0.06850961538461539
1 0.48677884615384615 0.49759615384615385 0.026442307692307692 0.04447115384615385
1 0.4362980769230769 0.5024038461538461 0.027644230769230768 0.028846153846153848
1 0.4050480769230769 0.4987980769230769 0.03125 0.028846153846153848
1 0.3762019230769231 0.49759615384615385 0.02403846153846154 0.03365384615384615
1 0.3485576923076923 0.5012019230769231 0.027644230769230768 0.03365384615384615
1 0.32091346153846156 0.4951923076923077 0.026442307692307692 0.037259615384615384
1 0.2920673076923077 0.5 0.025240384615384616 0.038461538461538464
1 0.2644230769230769 0.5012019230769231 0.026442307692307692 0.040865384615384616
1 0.234375 0.4951923076923077 0.03125 0.052884615384615384
1 0.1658653846153846 0.5120192307692307 0.12139423076923077 0.10096153846153846
1 0.05889423076923077 0.49759615384615385 0.09254807692307693 0.08653846153846154