1 0.08052884615384616 0.5865384615384616 0.15745192307692307 0.22596153846153846
1 0.1814903846153846 0.5516826923076923 0.1466346153846154 0.1466346153846154
1 0.3269230769230769 0.5192307692307693 0.12379807692307693 0.09375
1 0.39783653846153844 0.5132211538461539 0.055288461538461536 0.06850961538461539
1 0.8737980769230769 0.609375 0.2403846153846154 0.21875
1 0.7620192307692307 0.5564903846153846 0.08774038461538461 0.125
1 0.7403846153846154 0.5360576923076923 0.1310096153846154 0.12259615384615384
1 0.6887019230769231 0.5072115384615384 0.06129807692307692 0.08653846153846154
2 0.5865384615384616 0.49038461538461536 0.019230769230769232 0.046875
2 0.6009615384615384 0.49399038461538464 0.015625 0.038461538461538464
1 0.4651442307692308 0.5012019230769231 0.056490384615384616 0.056490384615384616
1 0.49278846153846156 0.49759615384615385 0.025240384615384616 0.052884615384615384
1 0.5168269230769231 0.4963942307692308 0.03485576923076923 0.038461538461538464
1 0.5384615384615384 0.4963942307692308 0.021634615384615384 0.03125
1 0.25600961538461536 0.49759615384615385 0.06971153846153846 0.05889423076923077
2 0.6322115384615384 0.4951923076923077 0.015625 0.040865384615384616
2 0.5637019230769231 0.49399038461538464 0.01201923076923077 0.04326923076923077
1 0.6129807692307693 0.4963942307692308 0.014423076923076924 0.02403846153846154
1 0.6538461538461539 0.4987980769230769 0.026442307692307692 0.040865384615384616