2 0.6165865384615384 0.4543269230769231 0.042067307692307696 0.09134615384615384
2 0.5564903846153846 0.46875 0.026442307692307692 0.109375
2 0.5216346153846154 0.4699519230769231 0.019230769230769232 0.08413461538461539
2 0.5 0.47115384615384615 0.019230769230769232 0.08774038461538461
1 0.4519230769230769 0.4651442307692308 0.03485576923076923 0.03485576923076923
1 0.4230769230769231 0.46634615384615385 0.026442307692307692 0.037259615384615384
1 0.37740384615384615 0.47115384615384615 0.06370192307692307 0.06850961538461539
1 0.3401442307692308 0.45913461538461536 0.026442307692307692 0.027644230769230768
1 0.3137019230769231 0.46634615384615385 0.037259615384615384 0.037259615384615384
1 0.2536057692307692 0.46634615384615385 0.0829326923076923 0.08173076923076923
1 0.14182692307692307 0.46033653846153844 0.02403846153846154 0.025240384615384616
1 0.1141826923076923 0.45913461538461536 0.021634615384615384 0.03125
1 0.10216346153846154 0.46634615384615385 0.020432692307692308 0.037259615384615384
1 0.028846153846153848 0.4807692307692308 0.057692307692307696 0.08173076923076923