2 0.9110576923076923 0.43509615384615385 0.025240384615384616 0.10576923076923077
2 0.8497596153846154 0.4423076923076923 0.055288461538461536 0.11899038461538461
2 0.7740384615384616 0.4362980769230769 0.021634615384615384 0.08413461538461539
2 0.7403846153846154 0.4326923076923077 0.020432692307692308 0.07211538461538461
2 0.7223557692307693 0.4098557692307692 0.021634615384615384 0.03485576923076923
2 0.6105769230769231 0.45072115384615385 0.04567307692307692 0.11177884615384616
1 0.46634615384615385 0.43509615384615385 0.026442307692307692 0.02403846153846154
1 0.41947115384615385 0.43509615384615385 0.02403846153846154 0.027644230769230768
2 0.2536057692307692 0.43149038461538464 0.014423076923076924 0.03125
2 0.20673076923076922 0.43028846153846156 0.019230769230769232 0.040865384615384616
2 0.1658653846153846 0.4375 0.020432692307692308 0.05889423076923077
2 0.1502403846153846 0.43509615384615385 0.019230769230769232 0.052884615384615384