1 0.9194711538461539 0.5769230769230769 0.15745192307692307 0.26802884615384615
1 0.8245192307692307 0.5372596153846154 0.21754807692307693 0.18389423076923078
1 0.6923076923076923 0.5036057692307693 0.15264423076923078 0.14903846153846154
1 0.6201923076923077 0.4879807692307692 0.078125 0.109375
1 0.5721153846153846 0.4855769230769231 0.057692307692307696 0.06850961538461539
1 0.5480769230769231 0.47475961538461536 0.056490384615384616 0.05889423076923077
1 0.5252403846153846 0.46875 0.04326923076923077 0.0625
1 0.03485576923076923 0.5204326923076923 0.06850961538461539 0.15384615384615385
1 0.09735576923076923 0.5072115384615384 0.10817307692307693 0.11298076923076923
1 0.19471153846153846 0.49399038461538464 0.09495192307692307 0.078125
1 0.2548076923076923 0.484375 0.025240384615384616 0.05048076923076923
1 0.47836538461538464 0.46153846153846156 0.03245192307692308 0.028846153846153848
1 0.27403846153846156 0.48197115384615385 0.015625 0.046875
1 0.46033653846153844 0.46153846153846156 0.020432692307692308 0.02403846153846154
1 0.3762019230769231 0.46153846153846156 0.01201923076923077 0.025240384615384616
1 0.43990384615384615 0.46153846153846156 0.014423076923076924 0.018028846153846152
1 0.3942307692307692 0.46153846153846156 0.019230769230769232 0.025240384615384616
2 0.35336538461538464 0.45913461538461536 0.007211538461538462 0.03485576923076923
1 0.3401442307692308 0.46153846153846156 0.019230769230769232 0.038461538461538464
1 0.4987980769230769 0.4735576923076923 0.015625 0.037259615384615384
2 0.16346153846153846 0.45552884615384615 0.010817307692307692 0.03485576923076923
1 0.8245192307692307 0.43509615384615385 0.109375 0.02403846153846154
1 0.21394230769230768 0.44711538461538464 0.052884615384615384 0.019230769230769232