2 0.055288461538461536 0.6887019230769231 0.10336538461538461 0.5096153846153846
2 0.9230769230769231 0.4855769230769231 0.019230769230769232 0.04447115384615385
2 0.9471153846153846 0.48197115384615385 0.019230769230769232 0.04326923076923077
1 0.8894230769230769 0.4963942307692308 0.04807692307692308 0.046875
1 0.8257211538461539 0.5036057692307693 0.07692307692307693 0.06971153846153846
1 0.7055288461538461 0.5336538461538461 0.13221153846153846 0.109375
1 0.5685096153846154 0.5036057692307693 0.030048076923076924 0.09735576923076923
1 0.6274038461538461 0.515625 0.06129807692307692 0.09735576923076923
1 0.3485576923076923 0.515625 0.21875 0.15985576923076922
1 0.1622596153846154 0.5048076923076923 0.140625 0.11899038461538461
1 0.11298076923076923 0.5336538461538461 0.109375 0.1971153846153846
1 0.7620192307692307 0.4963942307692308 0.06850961538461539 0.05889423076923077