0 0.11778846153846154 0.4987980769230769 0.046875 0.09134615384615384
0 0.025240384615384616 0.6021634615384616 0.04326923076923077 0.1658653846153846
2 0.038461538461538464 0.5336538461538461 0.0733173076923077 0.2403846153846154
2 0.4254807692307692 0.4723557692307692 0.03245192307692308 0.07451923076923077
2 0.46153846153846156 0.4675480769230769 0.03125 0.07572115384615384
2 0.8569711538461539 0.49759615384615385 0.030048076923076924 0.11298076923076923
2 0.8353365384615384 0.4963942307692308 0.030048076923076924 0.11778846153846154
2 0.7680288461538461 0.46033653846153844 0.020432692307692308 0.06850961538461539
2 0.7307692307692307 0.47115384615384615 0.019230769230769232 0.052884615384615384
2 0.7896634615384616 0.4831730769230769 0.030048076923076924 0.08413461538461539
1 0.90625 0.734375 0.18389423076923078 0.5120192307692307
1 0.6009615384615384 0.47115384615384615 0.040865384615384616 0.04326923076923077
2 0.4807692307692308 0.45913461538461536 0.015625 0.04326923076923077
2 0.49158653846153844 0.46033653846153844 0.014423076923076924 0.040865384615384616
2 0.22235576923076922 0.4543269230769231 0.026442307692307692 0.06490384615384616
1 0.5480769230769231 0.4567307692307692 0.021634615384615384 0.02403846153846154
0 0.16346153846153846 0.5204326923076923 0.046875 0.056490384615384616
0 0.19951923076923078 0.4879807692307692 0.020432692307692308 0.05048076923076923
2 0.2512019230769231 0.4579326923076923 0.019230769230769232 0.06009615384615385
0 0.6826923076923077 0.5336538461538461 0.025240384615384616 0.04326923076923077
2 0.7163461538461539 0.46153846153846156 0.014423076923076924 0.040865384615384616