0 0.052884615384615384 0.5528846153846154 0.04807692307692308 0.05889423076923077
0 0.13581730769230768 0.5336538461538461 0.040865384615384616 0.0625
0 0.18870192307692307 0.5276442307692307 0.040865384615384616 0.04326923076923077
2 0.055288461538461536 0.5120192307692307 0.04326923076923077 0.109375
2 0.13221153846153846 0.5012019230769231 0.036057692307692304 0.09615384615384616
2 0.19110576923076922 0.49759615384615385 0.040865384615384616 0.07211538461538461
1 0.17067307692307693 0.484375 0.12379807692307693 0.11298076923076923
1 0.37259615384615385 0.47115384615384615 0.020432692307692308 0.02403846153846154
1 0.5841346153846154 0.4699519230769231 0.0625 0.03365384615384615
1 0.5829326923076923 0.48677884615384615 0.05889423076923077 0.03365384615384615
0 0.2439903846153846 0.5192307692307693 0.020432692307692308 0.038461538461538464
2 0.2439903846153846 0.49158653846153844 0.025240384615384616 0.06490384615384616