2 0.15504807692307693 0.4807692307692308 0.05048076923076923 0.19471153846153846
2 0.23317307692307693 0.47836538461538464 0.03125 0.109375
2 0.8894230769230769 0.43149038461538464 0.051682692307692304 0.06971153846153846
1 0.7980769230769231 0.5072115384615384 0.296875 0.1622596153846154
1 0.5685096153846154 0.48197115384615385 0.20192307692307693 0.15264423076923078
1 0.44471153846153844 0.4879807692307692 0.0733173076923077 0.10576923076923077
1 0.34615384615384615 0.4579326923076923 0.19471153846153846 0.1346153846153846
1 0.019230769230769232 0.5168269230769231 0.037259615384615384 0.09975961538461539
2 0.03125 0.4651442307692308 0.021634615384615384 0.05889423076923077
2 0.0829326923076923 0.4675480769230769 0.021634615384615384 0.06009615384615385
1 0.109375 0.4699519230769231 0.04326923076923077 0.06009615384615385
1 0.0673076923076923 0.47115384615384615 0.027644230769230768 0.04326923076923077
1 0.20072115384615385 0.47716346153846156 0.03245192307692308 0.06490384615384616