1 0.8786057692307693 0.6069711538461539 0.2403846153846154 0.38822115384615385
1 0.7127403846153846 0.5300480769230769 0.21394230769230768 0.1778846153846154
1 0.5817307692307693 0.5012019230769231 0.109375 0.09975961538461539
1 0.53125 0.48197115384615385 0.05048076923076923 0.055288461538461536
1 0.45552884615384615 0.4723557692307692 0.038461538461538464 0.038461538461538464
0 0.3088942307692308 0.5204326923076923 0.021634615384615384 0.056490384615384616
0 0.030048076923076924 0.515625 0.05889423076923077 0.11298076923076923
0 0.36778846153846156 0.484375 0.010817307692307692 0.027644230769230768
2 0.24519230769230768 0.4543269230769231 0.015625 0.028846153846153848
2 0.3701923076923077 0.4651442307692308 0.015625 0.02403846153846154
2 0.34975961538461536 0.46634615384615385 0.010817307692307692 0.04927884615384615
2 0.33653846153846156 0.46274038461538464 0.010817307692307692 0.038461538461538464
2 0.3269230769230769 0.46033653846153844 0.009615384615384616 0.037259615384615384
2 0.3112980769230769 0.45913461538461536 0.027644230769230768 0.0625
2 0.140625 0.4735576923076923 0.01201923076923077 0.07211538461538461
0 0.21995192307692307 0.4951923076923077 0.026442307692307692 0.052884615384615384
0 0.19471153846153846 0.4951923076923077 0.025240384615384616 0.06850961538461539
0 0.18028846153846154 0.48677884615384615 0.019230769230769232 0.056490384615384616
0 0.16706730769230768 0.49399038461538464 0.021634615384615384 0.05048076923076923