1 0.8317307692307693 0.43149038461538464 0.11298076923076923 0.08173076923076923
1 0.7175480769230769 0.4519230769230769 0.03125 0.052884615384615384
2 0.6382211538461539 0.4579326923076923 0.02403846153846154 0.08774038461538461
2 0.6153846153846154 0.46634615384615385 0.02403846153846154 0.07451923076923077
2 0.5925480769230769 0.4651442307692308 0.020432692307692308 0.08653846153846154
2 0.5709134615384616 0.44711538461538464 0.010817307692307692 0.05889423076923077
2 0.5420673076923077 0.46153846153846156 0.015625 0.06610576923076923
2 0.5324519230769231 0.45552884615384615 0.009615384615384616 0.04447115384615385
1 0.44711538461538464 0.4651442307692308 0.025240384615384616 0.02403846153846154
1 0.4230769230769231 0.45552884615384615 0.009615384615384616 0.015625
1 0.4026442307692308 0.46153846153846156 0.014423076923076924 0.015625
1 0.3401442307692308 0.46634615384615385 0.037259615384615384 0.037259615384615384
1 0.3112980769230769 0.4651442307692308 0.02403846153846154 0.04326923076923077
1 0.3762019230769231 0.4651442307692308 0.010817307692307692 0.019230769230769232
1 0.36538461538461536 0.45913461538461536 0.010817307692307692 0.019230769230769232
2 0.1310096153846154 0.47596153846153844 0.019230769230769232 0.05889423076923077
2 0.9555288461538461 0.4675480769230769 0.06129807692307692 0.25240384615384615