2 0.5324519230769231 0.4651442307692308 0.03485576923076923 0.078125
2 0.47475961538461536 0.46033653846153844 0.03245192307692308 0.08774038461538461
0 0.5360576923076923 0.49038461538461536 0.019230769230769232 0.046875
0 0.47475961538461536 0.48677884615384615 0.020432692307692308 0.046875
1 0.5757211538461539 0.48197115384615385 0.042067307692307696 0.07451923076923077
1 0.6658653846153846 0.4963942307692308 0.10096153846153846 0.15985576923076922
1 0.7728365384615384 0.5420673076923077 0.2548076923076923 0.2403846153846154
1 0.3425480769230769 0.4651442307692308 0.057692307692307696 0.05048076923076923
1 0.3713942307692308 0.4567307692307692 0.036057692307692304 0.046875
1 0.3016826923076923 0.47836538461538464 0.05048076923076923 0.07451923076923077
1 0.22115384615384615 0.4879807692307692 0.11057692307692307 0.10576923076923077
1 0.3918269230769231 0.4579326923076923 0.025240384615384616 0.03365384615384615
1 0.4026442307692308 0.453125 0.026442307692307692 0.03485576923076923
1 0.41947115384615385 0.4483173076923077 0.020432692307692308 0.028846153846153848
1 0.625 0.47596153846153844 0.046875 0.11778846153846154