1 0.6862980769230769 0.5036057692307693 0.0625 0.078125
1 0.6370192307692307 0.4891826923076923 0.03125 0.06009615384615385
2 0.6081730769230769 0.5288461538461539 0.1346153846153846 0.25961538461538464
1 0.5300480769230769 0.46634615384615385 0.02403846153846154 0.03365384615384615
1 0.5096153846153846 0.45913461538461536 0.02403846153846154 0.02403846153846154
1 0.4699519230769231 0.4579326923076923 0.02403846153846154 0.025240384615384616
1 0.4182692307692308 0.46153846153846156 0.021634615384615384 0.037259615384615384
1 0.390625 0.46153846153846156 0.046875 0.052884615384615384
2 0.12740384615384615 0.4543269230769231 0.030048076923076924 0.056490384615384616
2 0.09735576923076923 0.4651442307692308 0.026442307692307692 0.109375
1 0.24759615384615385 0.47596153846153844 0.24519230769230768 0.12139423076923077