1 0.8569711538461539 0.5985576923076923 0.13221153846153846 0.18509615384615385
1 0.7247596153846154 0.6057692307692307 0.055288461538461536 0.14423076923076922
1 0.6935096153846154 0.5264423076923077 0.1045673076923077 0.15384615384615385
1 0.625 0.4807692307692308 0.07211538461538461 0.08173076923076923
1 0.8581730769230769 0.4987980769230769 0.17067307692307693 0.08413461538461539
1 0.41586538461538464 0.4675480769230769 0.04567307692307692 0.06490384615384616
1 0.3557692307692308 0.49278846153846156 0.078125 0.06850961538461539
1 0.20673076923076922 0.5108173076923077 0.14903846153846154 0.08413461538461539
1 0.2403846153846154 0.5324519230769231 0.15144230769230768 0.10697115384615384
2 0.7608173076923077 0.6057692307692307 0.08413461538461539 0.28846153846153844
2 0.25721153846153844 0.6262019230769231 0.0829326923076923 0.27524038461538464
0 0.25961538461538464 0.7007211538461539 0.03245192307692308 0.13221153846153846
1 0.4495192307692308 0.45552884615384615 0.025240384615384616 0.037259615384615384
1 0.4879807692307692 0.4579326923076923 0.04807692307692308 0.03365384615384615