2 0.10216346153846154 0.5757211538461539 0.06129807692307692 0.2091346153846154
1 0.04447115384615385 0.5829326923076923 0.0829326923076923 0.1935096153846154
1 0.1346153846153846 0.5492788461538461 0.055288461538461536 0.15264423076923078
1 0.18629807692307693 0.546875 0.09254807692307693 0.11778846153846154
2 0.3004807692307692 0.5120192307692307 0.036057692307692304 0.11778846153846154
0 0.3004807692307692 0.5336538461538461 0.03485576923076923 0.08774038461538461
1 0.2536057692307692 0.5 0.0673076923076923 0.10576923076923077
1 0.3473557692307692 0.46875 0.051682692307692304 0.046875
1 0.6490384615384616 0.46634615384615385 0.078125 0.055288461538461536
1 0.8653846153846154 0.5012019230769231 0.125 0.12740384615384615
1 0.9567307692307693 0.8870192307692307 0.0829326923076923 0.21514423076923078
1 0.7259615384615384 0.4891826923076923 0.055288461538461536 0.06490384615384616
1 0.9771634615384616 0.4951923076923077 0.042067307692307696 0.13822115384615385
1 0.38221153846153844 0.45552884615384615 0.03245192307692308 0.037259615384615384
1 0.4074519230769231 0.45072115384615385 0.027644230769230768 0.028846153846153848
1 0.6274038461538461 0.44711538461538464 0.06971153846153846 0.04326923076923077