2 0.8629807692307693 0.4651442307692308 0.03125 0.11778846153846154
2 0.8221153846153846 0.47115384615384615 0.03125 0.11298076923076923
2 0.7560096153846154 0.4651442307692308 0.02403846153846154 0.08173076923076923
2 0.7716346153846154 0.44711538461538464 0.010817307692307692 0.04326923076923077
2 0.6814903846153846 0.46033653846153844 0.021634615384615384 0.056490384615384616
2 0.6634615384615384 0.4567307692307692 0.015625 0.05048076923076923
2 0.6526442307692307 0.4543269230769231 0.019230769230769232 0.056490384615384616
2 0.6394230769230769 0.4579326923076923 0.010817307692307692 0.04447115384615385
2 0.6262019230769231 0.4675480769230769 0.020432692307692308 0.06009615384615385
2 0.6021634615384616 0.4639423076923077 0.020432692307692308 0.056490384615384616
2 0.5372596153846154 0.46153846153846156 0.016826923076923076 0.03485576923076923
1 0.40865384615384615 0.4699519230769231 0.06971153846153846 0.07572115384615384
1 0.36658653846153844 0.4639423076923077 0.02403846153846154 0.028846153846153848
1 0.3425480769230769 0.47115384615384615 0.02403846153846154 0.037259615384615384
1 0.3125 0.47596153846153844 0.05048076923076923 0.056490384615384616
2 0.15144230769230768 0.4831730769230769 0.019230769230769232 0.04927884615384615
2 0.16105769230769232 0.484375 0.01201923076923077 0.046875