1 0.6129807692307693 0.4675480769230769 0.07211538461538461 0.07572115384615384
1 0.9122596153846154 0.4411057692307692 0.08774038461538461 0.027644230769230768
1 0.8449519230769231 0.42788461538461536 0.07932692307692307 0.03125
1 0.19110576923076922 0.4326923076923077 0.07692307692307693 0.06490384615384616
1 0.484375 0.453125 0.027644230769230768 0.05889423076923077
2 0.7980769230769231 0.5264423076923077 0.0673076923076923 0.1814903846153846
2 0.7512019230769231 0.5384615384615384 0.06850961538461539 0.1658653846153846
2 0.5637019230769231 0.5036057692307693 0.04807692307692308 0.18389423076923078
2 0.5300480769230769 0.5072115384615384 0.05048076923076923 0.1875
2 0.4543269230769231 0.4795673076923077 0.04807692307692308 0.15384615384615385
2 0.43028846153846156 0.44471153846153844 0.030048076923076924 0.09975961538461539
2 0.3954326923076923 0.46634615384615385 0.04326923076923077 0.1622596153846154
2 0.34975961538461536 0.46274038461538464 0.03125 0.140625
2 0.33052884615384615 0.44591346153846156 0.030048076923076924 0.10697115384615384
2 0.3088942307692308 0.48197115384615385 0.056490384615384616 0.1466346153846154
2 0.2608173076923077 0.46153846153846156 0.037259615384615384 0.13221153846153846
1 0.7115384615384616 0.42427884615384615 0.06971153846153846 0.037259615384615384
1 0.6862980769230769 0.44711538461538464 0.07211538461538461 0.04326923076923077
0 0.43028846153846156 0.4735576923076923 0.020432692307692308 0.056490384615384616