2 0.25961538461538464 0.4206730769230769 0.026442307692307692 0.08413461538461539
2 0.23317307692307693 0.421875 0.021634615384615384 0.06971153846153846
1 0.18629807692307693 0.4326923076923077 0.07211538461538461 0.06850961538461539
1 0.3317307692307692 0.43509615384615385 0.06129807692307692 0.0625
2 0.36538461538461536 0.49399038461538464 0.051682692307692304 0.1875
2 0.39663461538461536 0.49278846153846156 0.06129807692307692 0.16346153846153846
2 0.4543269230769231 0.5084134615384616 0.05889423076923077 0.18509615384615385
2 0.4807692307692308 0.43509615384615385 0.03245192307692308 0.08173076923076923
2 0.5012019230769231 0.5180288461538461 0.051682692307692304 0.1778846153846154
2 0.5649038461538461 0.5132211538461539 0.0733173076923077 0.20072115384615385
2 0.609375 0.5096153846153846 0.05889423076923077 0.19110576923076922
2 0.6670673076923077 0.5108173076923077 0.04326923076923077 0.1935096153846154
2 0.6947115384615384 0.5288461538461539 0.04807692307692308 0.2091346153846154
2 0.7175480769230769 0.5072115384615384 0.042067307692307696 0.1814903846153846
2 0.7824519230769231 0.5108173076923077 0.08173076923076923 0.22115384615384615
2 0.8317307692307693 0.5168269230769231 0.0625 0.1971153846153846
1 0.2800480769230769 0.421875 0.027644230769230768 0.038461538461538464
1 0.8677884615384616 0.42788461538461536 0.06610576923076923 0.03125
1 0.9146634615384616 0.4387019230769231 0.09495192307692307 0.025240384615384616