0 0.6598557692307693 0.609375 0.0673076923076923 0.21875
0 0.5192307692307693 0.6081730769230769 0.04567307692307692 0.1971153846153846
0 0.39783653846153844 0.5084134615384616 0.020432692307692308 0.06850961538461539
0 0.8966346153846154 0.5901442307692307 0.0889423076923077 0.12860576923076922
0 0.7259615384615384 0.5084134615384616 0.036057692307692304 0.09134615384615384
0 0.8317307692307693 0.5 0.04326923076923077 0.07451923076923077
0 0.5757211538461539 0.5012019230769231 0.04807692307692308 0.040865384615384616
2 0.3088942307692308 0.45072115384615385 0.016826923076923076 0.019230769230769232
0 0.9867788461538461 0.5949519230769231 0.02403846153846154 0.13822115384615385
0 0.9567307692307693 0.5769230769230769 0.037259615384615384 0.20072115384615385
2 0.6610576923076923 0.45913461538461536 0.08173076923076923 0.3125
2 0.5793269230769231 0.45913461538461536 0.042067307692307696 0.055288461538461536
2 0.5168269230769231 0.49278846153846156 0.0733173076923077 0.28725961538461536
2 0.3942307692307692 0.44591346153846156 0.03245192307692308 0.06490384615384616
0 0.8221153846153846 0.5204326923076923 0.040865384615384616 0.08774038461538461
0 0.7932692307692307 0.5180288461538461 0.027644230769230768 0.07572115384615384
0 0.7536057692307693 0.5216346153846154 0.02403846153846154 0.07451923076923077
2 0.7896634615384616 0.44471153846153844 0.010817307692307692 0.03485576923076923