2 0.20072115384615385 0.49278846153846156 0.036057692307692304 0.109375
2 0.23076923076923078 0.49399038461538464 0.04567307692307692 0.11298076923076923
1 0.040865384615384616 0.5204326923076923 0.08173076923076923 0.11538461538461539
1 0.06129807692307692 0.4987980769230769 0.11298076923076923 0.11538461538461539
1 0.11298076923076923 0.48197115384615385 0.07451923076923077 0.078125
1 0.6478365384615384 0.49278846153846156 0.09495192307692307 0.08653846153846154
1 0.7644230769230769 0.4891826923076923 0.171875 0.10697115384615384
1 0.8569711538461539 0.5 0.13221153846153846 0.12139423076923077
1 0.9086538461538461 0.5180288461538461 0.18028846153846154 0.15865384615384615
1 0.9579326923076923 0.5612980769230769 0.08173076923076923 0.11899038461538461
1 0.46153846153846156 0.46634615384615385 0.03125 0.03485576923076923
1 0.15985576923076922 0.47836538461538464 0.038461538461538464 0.07451923076923077
1 0.609375 0.48197115384615385 0.09014423076923077 0.078125
1 0.6117788461538461 0.48677884615384615 0.06129807692307692 0.07211538461538461