1 0.9314903846153846 0.5661057692307693 0.13221153846153846 0.2776442307692308
1 0.8088942307692307 0.5360576923076923 0.11778846153846154 0.1971153846153846
1 0.7848557692307693 0.5024038461538461 0.15625 0.19110576923076922
2 0.6754807692307693 0.5132211538461539 0.07451923076923077 0.27403846153846156
1 0.6262019230769231 0.4963942307692308 0.06370192307692307 0.171875
2 0.5552884615384616 0.49399038461538464 0.026442307692307692 0.140625
2 0.5300480769230769 0.49759615384615385 0.026442307692307692 0.13221153846153846
1 0.5048076923076923 0.484375 0.03125 0.09735576923076923
1 0.3786057692307692 0.49759615384615385 0.22235576923076922 0.29086538461538464
1 0.2247596153846154 0.49158653846153844 0.08653846153846154 0.08774038461538461
1 0.14423076923076922 0.49759615384615385 0.15745192307692307 0.12139423076923077
1 0.09254807692307693 0.5132211538461539 0.1201923076923077 0.13822115384615385
1 0.21033653846153846 0.4519230769230769 0.14903846153846154 0.08052884615384616
1 0.20192307692307693 0.4987980769230769 0.07211538461538461 0.09134615384615384
1 0.0625 0.5252403846153846 0.12139423076923077 0.16826923076923078