0 0.36658653846153844 0.6310096153846154 0.02403846153846154 0.11298076923076923
2 0.5408653846153846 0.5504807692307693 0.051682692307692304 0.19471153846153846
2 0.3605769230769231 0.5540865384615384 0.06610576923076923 0.2127403846153846
2 0.09735576923076923 0.5108173076923077 0.03485576923076923 0.09975961538461539
2 0.11658653846153846 0.49399038461538464 0.026442307692307692 0.09375
2 0.08173076923076923 0.49038461538461536 0.021634615384615384 0.08173076923076923
1 0.5793269230769231 0.5072115384615384 0.051682692307692304 0.05889423076923077
1 0.29086538461538464 0.49038461538461536 0.0733173076923077 0.06971153846153846
0 0.09375 0.5480769230769231 0.021634615384615384 0.052884615384615384
1 0.4338942307692308 0.46033653846153844 0.042067307692307696 0.03365384615384615
1 0.5841346153846154 0.48197115384615385 0.0625 0.09134615384615384
1 0.515625 0.4699519230769231 0.027644230769230768 0.056490384615384616