1 0.0625 0.6286057692307693 0.12139423076923077 0.19951923076923078
1 0.2403846153846154 0.53125 0.11298076923076923 0.125
1 0.3088942307692308 0.5 0.07692307692307693 0.10096153846153846
1 0.34975961538461536 0.49759615384615385 0.04326923076923077 0.055288461538461536
1 0.3641826923076923 0.47716346153846156 0.052884615384615384 0.07211538461538461
1 0.4266826923076923 0.46274038461538464 0.03485576923076923 0.03485576923076923
1 0.5889423076923077 0.4831730769230769 0.037259615384615384 0.06009615384615385
1 0.6274038461538461 0.49399038461538464 0.06129807692307692 0.0625
1 0.8112980769230769 0.48197115384615385 0.10576923076923077 0.06850961538461539
1 0.7427884615384616 0.5528846153846154 0.18389423076923078 0.18028846153846154
2 0.25600961538461536 0.5384615384615384 0.04326923076923077 0.12259615384615384
2 0.5408653846153846 0.5420673076923077 0.046875 0.1622596153846154
2 0.6057692307692307 0.5408653846153846 0.04326923076923077 0.13221153846153846
0 0.5408653846153846 0.5961538461538461 0.025240384615384616 0.09134615384615384
0 0.2548076923076923 0.5685096153846154 0.04326923076923077 0.09375
1 0.9651442307692307 0.5480769230769231 0.0625 0.15384615384615385
2 0.6442307692307693 0.4567307692307692 0.02403846153846154 0.038461538461538464
2 0.47716346153846156 0.4519230769230769 0.014423076923076924 0.040865384615384616
2 0.4651442307692308 0.45072115384615385 0.019230769230769232 0.04447115384615385
2 0.4519230769230769 0.45072115384615385 0.014423076923076924 0.038461538461538464
1 0.39663461538461536 0.47115384615384615 0.03245192307692308 0.056490384615384616
1 0.8762019230769231 0.48197115384615385 0.051682692307692304 0.09375
1 0.8858173076923077 0.5420673076923077 0.03125 0.10697115384615384