0 0.5504807692307693 0.5288461538461539 0.021634615384615384 0.10336538461538461
0 0.46875 0.5252403846153846 0.019230769230769232 0.09375
0 0.42908653846153844 0.5084134615384616 0.014423076923076924 0.06850961538461539
0 0.828125 0.5600961538461539 0.07211538461538461 0.08413461538461539
0 0.7728365384615384 0.5096153846153846 0.014423076923076924 0.046875
0 0.8990384615384616 0.5072115384615384 0.038461538461538464 0.0625
0 0.9591346153846154 0.5012019230769231 0.078125 0.08413461538461539
1 0.25841346153846156 0.48197115384615385 0.07932692307692307 0.05889423076923077
1 0.2956730769230769 0.47475961538461536 0.040865384615384616 0.05048076923076923
2 0.030048076923076924 0.47596153846153844 0.03125 0.09975961538461539
2 0.08173076923076923 0.47596153846153844 0.03125 0.09975961538461539
2 0.11899038461538461 0.4651442307692308 0.021634615384615384 0.09735576923076923
2 0.8173076923076923 0.47115384615384615 0.03485576923076923 0.15985576923076922
2 0.7908653846153846 0.47115384615384615 0.02403846153846154 0.140625
0 0.8858173076923077 0.5492788461538461 0.040865384615384616 0.10096153846153846
0 0.7379807692307693 0.5024038461538461 0.020432692307692308 0.06850961538461539
2 0.6358173076923077 0.4495192307692308 0.01201923076923077 0.03125
2 0.6225961538461539 0.45072115384615385 0.014423076923076924 0.040865384615384616
0 0.6081730769230769 0.49158653846153844 0.025240384615384616 0.052884615384615384
0 0.5877403846153846 0.4891826923076923 0.020432692307692308 0.056490384615384616
2 0.5516826923076923 0.47836538461538464 0.040865384615384616 0.16826923076923078
2 0.4675480769230769 0.47836538461538464 0.036057692307692304 0.14903846153846154
2 0.42908653846153844 0.45552884615384615 0.026442307692307692 0.055288461538461536
1 0.40865384615384615 0.4699519230769231 0.020432692307692308 0.028846153846153848
1 0.3641826923076923 0.46274038461538464 0.021634615384615384 0.019230769230769232
0 0.19110576923076922 0.48197115384615385 0.021634615384615384 0.04447115384615385