2 0.9507211538461539 0.5348557692307693 0.04807692307692308 0.15985576923076922
2 0.8942307692307693 0.5288461538461539 0.036057692307692304 0.14903846153846154
2 0.9375 0.4326923076923077 0.019230769230769232 0.052884615384615384
2 0.9098557692307693 0.43028846153846156 0.019230769230769232 0.04326923076923077
2 0.8942307692307693 0.42427884615384615 0.019230769230769232 0.03365384615384615
2 0.8557692307692307 0.4362980769230769 0.020432692307692308 0.04447115384615385
2 0.8125 0.43990384615384615 0.019230769230769232 0.04326923076923077
2 0.8004807692307693 0.44471153846153844 0.020432692307692308 0.04326923076923077
2 0.7800480769230769 0.41586538461538464 0.010817307692307692 0.027644230769230768
2 0.7740384615384616 0.41346153846153844 0.007211538461538462 0.027644230769230768
2 0.7884615384615384 0.44471153846153844 0.010817307692307692 0.046875
2 0.7692307692307693 0.5012019230769231 0.02403846153846154 0.09615384615384616
2 0.7415865384615384 0.43149038461538464 0.007211538461538462 0.027644230769230768
2 0.7259615384615384 0.41586538461538464 0.010817307692307692 0.027644230769230768
2 0.703125 0.41225961538461536 0.009615384615384616 0.027644230769230768
2 0.7139423076923077 0.43509615384615385 0.01201923076923077 0.040865384615384616
2 0.6935096153846154 0.4423076923076923 0.019230769230769232 0.028846153846153848
2 0.6935096153846154 0.49278846153846156 0.020432692307692308 0.06971153846153846
2 0.6730769230769231 0.4963942307692308 0.014423076923076924 0.07451923076923077
2 0.6610576923076923 0.4723557692307692 0.01201923076923077 0.046875
2 0.6394230769230769 0.4338942307692308 0.010817307692307692 0.019230769230769232
2 0.6442307692307693 0.47716346153846156 0.019230769230769232 0.06850961538461539
2 0.6322115384615384 0.43990384615384615 0.010817307692307692 0.021634615384615384
2 0.6213942307692307 0.44350961538461536 0.01201923076923077 0.04326923076923077
2 0.6274038461538461 0.4807692307692308 0.016826923076923076 0.06610576923076923
2 0.6057692307692307 0.4254807692307692 0.009615384615384616 0.027644230769230768
2 0.6033653846153846 0.46153846153846156 0.014423076923076924 0.05048076923076923
2 0.5925480769230769 0.4362980769230769 0.009615384615384616 0.04447115384615385
2 0.5697115384615384 0.44471153846153844 0.007211538461538462 0.04326923076923077
2 0.5600961538461539 0.4495192307692308 0.010817307692307692 0.04326923076923077
2 0.5504807692307693 0.45072115384615385 0.009615384615384616 0.04447115384615385
2 0.5384615384615384 0.45072115384615385 0.009615384615384616 0.038461538461538464
2 0.53125 0.4495192307692308 0.009615384615384616 0.038461538461538464
1 0.4651442307692308 0.43990384615384615 0.027644230769230768 0.03125
1 0.49399038461538464 0.4567307692307692 0.046875 0.03485576923076923
1 0.42908653846153844 0.4254807692307692 0.016826923076923076 0.019230769230769232
1 0.40024038461538464 0.43028846153846156 0.016826923076923076 0.02403846153846154
1 0.4387019230769231 0.4543269230769231 0.0673076923076923 0.04447115384615385
1 0.3918269230769231 0.4423076923076923 0.020432692307692308 0.028846153846153848
1 0.3737980769230769 0.45072115384615385 0.037259615384615384 0.038461538461538464
1 0.36538461538461536 0.4639423076923077 0.04567307692307692 0.056490384615384616
1 0.4182692307692308 0.5048076923076923 0.06850961538461539 0.08052884615384616
1 0.3161057692307692 0.46033653846153844 0.03485576923076923 0.013221153846153846
1 0.2824519230769231 0.46153846153846156 0.036057692307692304 0.018028846153846152
1 0.33653846153846156 0.49278846153846156 0.04326923076923077 0.0625
1 0.4891826923076923 0.5360576923076923 0.125 0.12259615384615384
1 0.2512019230769231 0.5240384615384616 0.11899038461538461 0.11778846153846154
2 0.16706730769230768 0.47836538461538464 0.019230769230769232 0.06610576923076923
2 0.15504807692307693 0.48197115384615385 0.020432692307692308 0.06610576923076923
2 0.13221153846153846 0.4891826923076923 0.02403846153846154 0.06009615384615385
2 0.11658653846153846 0.48677884615384615 0.020432692307692308 0.06850961538461539
2 0.09014423076923077 0.49158653846153844 0.026442307692307692 0.06850961538461539
1 0.027644230769230768 0.5288461538461539 0.055288461538461536 0.07572115384615384
2 0.9915865384615384 0.5192307692307693 0.014423076923076924 0.15625