1 0.03365384615384615 0.6430288461538461 0.0673076923076923 0.1875
1 0.08413461538461539 0.6009615384615384 0.16706730769230768 0.15985576923076922
1 0.23197115384615385 0.5288461538461539 0.1201923076923077 0.11298076923076923
1 0.2956730769230769 0.5 0.09254807692307693 0.09375
1 0.3581730769230769 0.49038461538461536 0.06610576923076923 0.05889423076923077
1 0.49278846153846156 0.43990384615384615 0.030048076923076924 0.025240384615384616
2 0.4266826923076923 0.46634615384615385 0.025240384615384616 0.06610576923076923
1 0.8485576923076923 0.6658653846153846 0.296875 0.33653846153846156
1 0.7151442307692307 0.5913461538461539 0.12620192307692307 0.18389423076923078
1 0.6346153846153846 0.5132211538461539 0.10096153846153846 0.08774038461538461
2 0.6826923076923077 0.4639423076923077 0.021634615384615384 0.07211538461538461
1 0.5973557692307693 0.4735576923076923 0.0673076923076923 0.06490384615384616
1 0.5649038461538461 0.46153846153846156 0.036057692307692304 0.046875