1 0.5528846153846154 0.48197115384615385 0.07932692307692307 0.08413461538461539
1 0.042067307692307696 0.5 0.08173076923076923 0.109375
0 0.8341346153846154 0.5685096153846154 0.09375 0.14423076923076922
0 0.7283653846153846 0.5805288461538461 0.078125 0.10576923076923077
0 0.39663461538461536 0.5637019230769231 0.0673076923076923 0.1466346153846154
0 0.3293269230769231 0.578125 0.05048076923076923 0.09375
0 0.2091346153846154 0.5432692307692307 0.052884615384615384 0.08653846153846154
0 0.15745192307692307 0.5276442307692307 0.03245192307692308 0.05889423076923077
2 0.7824519230769231 0.5132211538461539 0.1045673076923077 0.2127403846153846
2 0.36658653846153844 0.5108173076923077 0.07932692307692307 0.20072115384615385
2 0.20432692307692307 0.4951923076923077 0.042067307692307696 0.13822115384615385
2 0.15745192307692307 0.484375 0.037259615384615384 0.10576923076923077
1 0.5108173076923077 0.48197115384615385 0.021634615384615384 0.05048076923076923
1 0.4987980769230769 0.47596153846153844 0.02403846153846154 0.040865384615384616
2 0.23677884615384615 0.44591346153846156 0.02403846153846154 0.04447115384615385
2 0.2692307692307692 0.46634615384615385 0.05889423076923077 0.12139423076923077
0 0.23557692307692307 0.5180288461538461 0.025240384615384616 0.04447115384615385
0 0.25721153846153844 0.5288461538461539 0.03245192307692308 0.0625