1 0.30528846153846156 0.5024038461538461 0.06971153846153846 0.056490384615384616
1 0.45913461538461536 0.46033653846153844 0.04326923076923077 0.037259615384615384
1 0.5841346153846154 0.4855769230769231 0.07932692307692307 0.07211538461538461
1 0.8641826923076923 0.49759615384615385 0.09735576923076923 0.08774038461538461
1 0.9314903846153846 0.5324519230769231 0.1310096153846154 0.12740384615384615
1 0.7079326923076923 0.5697115384615384 0.1814903846153846 0.15264423076923078
2 0.6838942307692307 0.4651442307692308 0.021634615384615384 0.055288461538461536
2 0.41947115384615385 0.4651442307692308 0.016826923076923076 0.05048076923076923
1 0.3389423076923077 0.4891826923076923 0.052884615384615384 0.056490384615384616
1 0.36177884615384615 0.48197115384615385 0.026442307692307692 0.052884615384615384
1 0.3942307692307692 0.4675480769230769 0.046875 0.04447115384615385
1 0.5480769230769231 0.4723557692307692 0.03245192307692308 0.05048076923076923
1 0.5372596153846154 0.46274038461538464 0.04326923076923077 0.055288461538461536
2 0.49399038461538464 0.4579326923076923 0.019230769230769232 0.037259615384615384