1 0.13221153846153846 0.7199519230769231 0.2608173076923077 0.34615384615384615
1 0.38100961538461536 0.46634615384615385 0.0733173076923077 0.06490384615384616
1 0.4206730769230769 0.4567307692307692 0.03125 0.05889423076923077
2 0.7163461538461539 0.5 0.030048076923076924 0.08653846153846154
0 0.7139423076923077 0.5252403846153846 0.019230769230769232 0.05048076923076923
1 0.6021634615384616 0.43149038461538464 0.030048076923076924 0.03485576923076923
2 0.30649038461538464 0.4362980769230769 0.019230769230769232 0.040865384615384616
2 0.27524038461538464 0.43990384615384615 0.020432692307692308 0.037259615384615384
2 0.25841346153846156 0.44591346153846156 0.020432692307692308 0.040865384615384616
2 0.8341346153846154 0.45913461538461536 0.020432692307692308 0.05048076923076923
2 0.8088942307692307 0.4543269230769231 0.019230769230769232 0.037259615384615384
2 0.8545673076923077 0.4579326923076923 0.021634615384615384 0.056490384615384616