2 0.5420673076923077 0.46033653846153844 0.019230769230769232 0.056490384615384616
1 0.06370192307692307 0.5492788461538461 0.11778846153846154 0.20072115384615385
1 0.15625 0.5 0.1658653846153846 0.171875
1 0.25600961538461536 0.49399038461538464 0.078125 0.12139423076923077
1 0.3293269230769231 0.47475961538461536 0.08413461538461539 0.08173076923076923
1 0.4110576923076923 0.46153846153846156 0.05889423076923077 0.056490384615384616
1 0.5216346153846154 0.4495192307692308 0.025240384615384616 0.03485576923076923
1 0.625 0.47836538461538464 0.07211538461538461 0.06610576923076923
1 0.7908653846153846 0.578125 0.22235576923076922 0.21875
1 0.8870192307692307 0.6971153846153846 0.21995192307692307 0.4375
2 0.5612980769230769 0.46153846153846156 0.025240384615384616 0.0625
1 0.4362980769230769 0.4567307692307692 0.021634615384615384 0.038461538461538464
1 0.4543269230769231 0.45552884615384615 0.020432692307692308 0.03365384615384615
1 0.4579326923076923 0.44711538461538464 0.025240384615384616 0.03485576923076923
2 0.4807692307692308 0.45072115384615385 0.01201923076923077 0.03485576923076923
2 0.4963942307692308 0.4495192307692308 0.014423076923076924 0.038461538461538464
1 0.6021634615384616 0.46153846153846156 0.04567307692307692 0.056490384615384616
1 0.3786057692307692 0.47115384615384615 0.030048076923076924 0.05889423076923077
1 0.6802884615384616 0.4543269230769231 0.036057692307692304 0.04447115384615385