2 0.9038461538461539 0.5360576923076923 0.0829326923076923 0.31009615384615385
2 0.8425480769230769 0.6225961538461539 0.09495192307692307 0.36778846153846156
2 0.7295673076923077 0.4639423076923077 0.03485576923076923 0.1310096153846154
2 0.5997596153846154 0.5721153846153846 0.0889423076923077 0.296875
2 0.44711538461538464 0.46634615384615385 0.0625 0.16346153846153846
2 0.4338942307692308 0.6382211538461539 0.10817307692307693 0.36778846153846156
2 0.3605769230769231 0.4963942307692308 0.030048076923076924 0.10576923076923077
2 0.3401442307692308 0.49399038461538464 0.02403846153846154 0.109375
1 0.0889423076923077 0.5516826923076923 0.1778846153846154 0.1971153846153846
1 0.17067307692307693 0.4675480769230769 0.3401442307692308 0.2283653846153846
2 0.9723557692307693 0.6418269230769231 0.052884615384615384 0.46274038461538464