1 0.11538461538461539 0.46274038461538464 0.07932692307692307 0.07451923076923077
1 0.4543269230769231 0.47115384615384615 0.078125 0.09134615384615384
1 0.43149038461538464 0.4483173076923077 0.06610576923076923 0.07572115384615384
2 0.8846153846153846 0.49158653846153844 0.051682692307692304 0.11538461538461539
2 0.7079326923076923 0.484375 0.040865384615384616 0.11778846153846154
2 0.32091346153846156 0.43509615384615385 0.02403846153846154 0.06850961538461539
2 0.2536057692307692 0.4375 0.02403846153846154 0.0625
2 0.20432692307692307 0.43990384615384615 0.026442307692307692 0.06850961538461539
1 0.16826923076923078 0.44350961538461536 0.05048076923076923 0.055288461538461536
1 0.06850961538461539 0.4362980769230769 0.037259615384615384 0.056490384615384616
1 0.025240384615384616 0.44350961538461536 0.05048076923076923 0.06490384615384616
1 0.3713942307692308 0.43028846153846156 0.036057692307692304 0.04447115384615385
1 0.38822115384615385 0.4387019230769231 0.026442307692307692 0.052884615384615384