1 0.8966346153846154 0.7680288461538461 0.20432692307692307 0.3629807692307692
1 0.7884615384615384 0.5913461538461539 0.24639423076923078 0.22596153846153846
1 0.6959134615384616 0.5516826923076923 0.1045673076923077 0.1310096153846154
1 0.6490384615384616 0.49759615384615385 0.08774038461538461 0.10096153846153846
1 0.33533653846153844 0.48677884615384615 0.06129807692307692 0.07572115384615384
1 0.2980769230769231 0.5168269230769231 0.040865384615384616 0.08413461538461539
1 0.2764423076923077 0.5264423076923077 0.078125 0.10336538461538461
1 0.20432692307692307 0.5552884615384616 0.11298076923076923 0.13822115384615385
1 0.08774038461538461 0.5889423076923077 0.17307692307692307 0.23197115384615385
1 0.6009615384615384 0.48677884615384615 0.04326923076923077 0.07451923076923077
2 0.5300480769230769 0.4543269230769231 0.019230769230769232 0.04447115384615385
2 0.5144230769230769 0.45552884615384615 0.019230769230769232 0.04326923076923077
1 0.5564903846153846 0.46153846153846156 0.036057692307692304 0.055288461538461536
1 0.4170673076923077 0.45913461538461536 0.03125 0.046875
1 0.4050480769230769 0.46634615384615385 0.020432692307692308 0.046875
1 0.3942307692307692 0.4723557692307692 0.021634615384615384 0.046875
1 0.38100961538461536 0.48197115384615385 0.020432692307692308 0.055288461538461536
1 0.36778846153846156 0.4891826923076923 0.027644230769230768 0.06850961538461539
2 0.23918269230769232 0.46634615384615385 0.021634615384615384 0.03485576923076923