2 0.16826923076923078 0.4891826923076923 0.021634615384615384 0.06009615384615385
2 0.5973557692307693 0.47596153846153844 0.030048076923076924 0.09014423076923077
2 0.6189903846153846 0.46274038461538464 0.036057692307692304 0.10576923076923077
2 0.6802884615384616 0.4651442307692308 0.036057692307692304 0.109375
1 0.8088942307692307 0.46274038461538464 0.06129807692307692 0.08173076923076923
1 0.9254807692307693 0.42908653846153844 0.14543269230769232 0.10336538461538461
1 0.9230769230769231 0.5084134615384616 0.15144230769230768 0.18990384615384615
1 0.6442307692307693 0.44591346153846156 0.02403846153846154 0.028846153846153848
2 0.5480769230769231 0.4579326923076923 0.01201923076923077 0.04447115384615385
1 0.7259615384615384 0.45552884615384615 0.037259615384615384 0.06009615384615385
2 0.12620192307692307 0.4879807692307692 0.019230769230769232 0.03125