0 0.7151442307692307 0.6177884615384616 0.09254807692307693 0.19110576923076922
0 0.5372596153846154 0.5240384615384616 0.021634615384615384 0.11899038461538461
0 0.4495192307692308 0.5288461538461539 0.021634615384615384 0.10697115384615384
0 0.3942307692307692 0.5805288461538461 0.027644230769230768 0.171875
0 0.8557692307692307 0.5192307692307693 0.0733173076923077 0.17548076923076922
0 0.07211538461538461 0.484375 0.040865384615384616 0.08173076923076923
0 0.13942307692307693 0.484375 0.025240384615384616 0.06610576923076923
1 0.2776442307692308 0.4651442307692308 0.056490384615384616 0.05048076923076923
2 0.7127403846153846 0.47115384615384615 0.09254807692307693 0.28725961538461536
2 0.8088942307692307 0.40384615384615385 0.025240384615384616 0.056490384615384616
2 0.5 0.44591346153846156 0.01201923076923077 0.04447115384615385
2 0.4831730769230769 0.44711538461538464 0.015625 0.04326923076923077
2 0.5384615384615384 0.4651442307692308 0.055288461538461536 0.21153846153846154
2 0.45072115384615385 0.47115384615384615 0.04807692307692308 0.18389423076923078
2 0.3870192307692308 0.49399038461538464 0.07932692307692307 0.28125
1 0.33413461538461536 0.45552884615384615 0.03485576923076923 0.03125