1 0.046875 0.5240384615384616 0.09375 0.125
1 0.15865384615384615 0.5120192307692307 0.15504807692307693 0.10576923076923077
1 0.3016826923076923 0.5024038461538461 0.1346153846153846 0.09134615384615384
1 0.43028846153846156 0.4879807692307692 0.12139423076923077 0.06610576923076923
1 0.5637019230769231 0.4699519230769231 0.052884615384615384 0.052884615384615384
2 0.7019230769230769 0.4651442307692308 0.025240384615384616 0.055288461538461536
2 0.734375 0.45552884615384615 0.021634615384615384 0.052884615384615384
2 0.7536057692307693 0.46033653846153844 0.025240384615384616 0.04447115384615385
2 0.2920673076923077 0.45072115384615385 0.025240384615384616 0.03365384615384615
2 0.2620192307692308 0.46634615384615385 0.02403846153846154 0.04326923076923077
2 0.23918269230769232 0.4699519230769231 0.025240384615384616 0.06009615384615385
1 0.38100961538461536 0.4723557692307692 0.06610576923076923 0.038461538461538464
2 0.44471153846153844 0.4483173076923077 0.020432692307692308 0.025240384615384616
2 0.4723557692307692 0.4543269230769231 0.020432692307692308 0.03365384615384615
2 0.4831730769230769 0.46153846153846156 0.019230769230769232 0.055288461538461536
2 0.4951923076923077 0.47115384615384615 0.021634615384615384 0.06850961538461539
2 0.5084134615384616 0.47836538461538464 0.02403846153846154 0.06610576923076923
2 0.5276442307692307 0.47475961538461536 0.02403846153846154 0.07451923076923077
1 0.8653846153846154 0.4639423076923077 0.036057692307692304 0.037259615384615384
1 0.9098557692307693 0.46274038461538464 0.03245192307692308 0.03485576923076923
1 0.9338942307692307 0.46033653846153844 0.03125 0.037259615384615384