1 0.07692307692307693 0.6009615384615384 0.15144230769230768 0.19110576923076922
1 0.24879807692307693 0.5192307692307693 0.06610576923076923 0.12139423076923077
1 0.17307692307692307 0.5240384615384616 0.037259615384615384 0.12740384615384615
2 0.19951923076923078 0.5444711538461539 0.040865384615384616 0.1466346153846154
0 0.19951923076923078 0.5841346153846154 0.046875 0.12139423076923077
1 0.27403846153846156 0.4891826923076923 0.04567307692307692 0.07211538461538461
1 0.328125 0.47475961538461536 0.05889423076923077 0.0625
1 0.671875 0.4723557692307692 0.10576923076923077 0.0625
1 0.9350961538461539 0.53125 0.12379807692307693 0.15625
1 0.7800480769230769 0.5012019230769231 0.06129807692307692 0.07211538461538461
1 0.8269230769230769 0.49278846153846156 0.02403846153846154 0.0625
1 0.3737980769230769 0.4639423076923077 0.03125 0.052884615384615384
1 0.39903846153846156 0.4543269230769231 0.030048076923076924 0.040865384615384616
1 0.5829326923076923 0.44711538461538464 0.025240384615384616 0.027644230769230768