1 0.7800480769230769 0.4795673076923077 0.09254807692307693 0.12259615384615384
2 0.8858173076923077 0.49759615384615385 0.07211538461538461 0.20072115384615385
0 0.8954326923076923 0.5576923076923077 0.037259615384615384 0.09975961538461539
0 0.875 0.5793269230769231 0.019230769230769232 0.06009615384615385
0 0.7319711538461539 0.5480769230769231 0.04567307692307692 0.06009615384615385
2 0.7307692307692307 0.49158653846153844 0.04326923076923077 0.11899038461538461
2 0.6814903846153846 0.4699519230769231 0.04326923076923077 0.12259615384615384
0 0.6838942307692307 0.515625 0.037259615384615384 0.055288461538461536
2 0.6274038461538461 0.45913461538461536 0.030048076923076924 0.08653846153846154
0 0.6274038461538461 0.49278846153846156 0.02403846153846154 0.05048076923076923
1 0.46875 0.42788461538461536 0.025240384615384616 0.027644230769230768
1 0.4519230769230769 0.4326923076923077 0.021634615384615384 0.03365384615384615
1 0.43149038461538464 0.4411057692307692 0.036057692307692304 0.046875
2 0.5865384615384616 0.45552884615384615 0.020432692307692308 0.056490384615384616