2 0.6237980769230769 0.5348557692307693 0.037259615384615384 0.17548076923076922
2 0.53125 0.5288461538461539 0.05048076923076923 0.15264423076923078
1 0.7211538461538461 0.5637019230769231 0.15745192307692307 0.16947115384615385
1 0.44471153846153844 0.4651442307692308 0.051682692307692304 0.0625
1 0.3918269230769231 0.46875 0.046875 0.046875
1 0.33653846153846156 0.49038461538461536 0.06129807692307692 0.06971153846153846
1 0.2980769230769231 0.5048076923076923 0.0625 0.08413461538461539
1 0.2668269230769231 0.5216346153846154 0.06850961538461539 0.09375
1 0.19471153846153846 0.5372596153846154 0.11538461538461539 0.13221153846153846
1 0.10096153846153846 0.5889423076923077 0.16105769230769232 0.15865384615384615
1 0.040865384615384616 0.6262019230769231 0.07932692307692307 0.16947115384615385
0 0.5288461538461539 0.5841346153846154 0.02403846153846154 0.09014423076923077
1 0.5757211538461539 0.47716346153846156 0.04807692307692308 0.056490384615384616