1 0.038461538461538464 0.5036057692307693 0.0733173076923077 0.12139423076923077
1 0.18629807692307693 0.47716346153846156 0.06610576923076923 0.08774038461538461
1 0.5492788461538461 0.47596153846153844 0.07932692307692307 0.078125
2 0.27524038461538464 0.4735576923076923 0.036057692307692304 0.09134615384615384
2 0.31850961538461536 0.47716346153846156 0.03125 0.07211538461538461
2 0.10576923076923077 0.49158653846153844 0.06610576923076923 0.1814903846153846
2 0.38100961538461536 0.5 0.09495192307692307 0.21153846153846154
0 0.41947115384615385 0.5552884615384616 0.09254807692307693 0.13701923076923078
0 0.3329326923076923 0.5685096153846154 0.06610576923076923 0.10096153846153846
0 0.2127403846153846 0.5360576923076923 0.036057692307692304 0.052884615384615384
0 0.2776442307692308 0.5168269230769231 0.037259615384615384 0.052884615384615384
0 0.0985576923076923 0.5552884615384616 0.07211538461538461 0.12860576923076922
2 0.23798076923076922 0.4951923076923077 0.04326923076923077 0.1346153846153846
2 0.16105769230769232 0.49399038461538464 0.046875 0.140625
0 0.15745192307692307 0.5444711538461539 0.020432692307692308 0.052884615384615384
1 0.5084134615384616 0.4831730769230769 0.020432692307692308 0.04447115384615385
1 0.5036057692307693 0.4723557692307692 0.03125 0.046875