2 0.03485576923076923 0.45913461538461536 0.04567307692307692 0.13701923076923078
2 0.07211538461538461 0.46875 0.04807692307692308 0.11778846153846154
2 0.2548076923076923 0.41947115384615385 0.027644230769230768 0.037259615384615384
2 0.30649038461538464 0.45072115384615385 0.020432692307692308 0.05889423076923077
2 0.5985576923076923 0.45552884615384615 0.019230769230769232 0.046875
1 0.6165865384615384 0.47596153846153844 0.030048076923076924 0.06610576923076923
2 0.4891826923076923 0.4543269230769231 0.019230769230769232 0.037259615384615384
2 0.5588942307692307 0.4519230769230769 0.014423076923076924 0.028846153846153848
1 0.6502403846153846 0.4891826923076923 0.09014423076923077 0.08774038461538461
2 0.7151442307692307 0.47115384615384615 0.021634615384615384 0.055288461538461536
2 0.3293269230769231 0.4567307692307692 0.019230769230769232 0.0625
2 0.34975961538461536 0.45072115384615385 0.019230769230769232 0.046875
2 0.3629807692307692 0.453125 0.019230769230769232 0.05048076923076923
2 0.4050480769230769 0.44350961538461536 0.019230769230769232 0.03125
2 0.41346153846153844 0.44591346153846156 0.019230769230769232 0.03365384615384615
2 0.5480769230769231 0.4519230769230769 0.010817307692307692 0.028846153846153848
2 0.5408653846153846 0.4543269230769231 0.01201923076923077 0.037259615384615384
2 0.6935096153846154 0.4651442307692308 0.01201923076923077 0.055288461538461536
2 0.6814903846153846 0.453125 0.020432692307692308 0.04326923076923077
1 0.9759615384615384 0.7836538461538461 0.040865384615384616 0.3317307692307692