1 0.05889423076923077 0.6430288461538461 0.11298076923076923 0.24639423076923078
1 0.13581730769230768 0.5745192307692307 0.1466346153846154 0.15264423076923078
1 0.3425480769230769 0.4735576923076923 0.04807692307692308 0.052884615384615384
1 0.45552884615384615 0.4651442307692308 0.03245192307692308 0.03125
1 0.7824519230769231 0.6033653846153846 0.2439903846153846 0.18389423076923078
2 0.2980769230769231 0.4891826923076923 0.021634615384615384 0.06490384615384616
2 0.2776442307692308 0.46875 0.019230769230769232 0.055288461538461536
2 0.25721153846153844 0.4723557692307692 0.020432692307692308 0.06971153846153846
2 0.23557692307692307 0.47115384615384615 0.020432692307692308 0.06971153846153846
2 0.41225961538461536 0.5360576923076923 0.056490384615384616 0.1778846153846154
2 0.5745192307692307 0.5336538461538461 0.055288461538461536 0.15985576923076922
0 0.41225961538461536 0.5901442307692307 0.03245192307692308 0.09735576923076923
1 0.9411057692307693 0.4879807692307692 0.10336538461538461 0.078125
1 0.9699519230769231 0.8822115384615384 0.057692307692307696 0.23076923076923078
1 0.5372596153846154 0.47836538461538464 0.04807692307692308 0.05889423076923077
1 0.515625 0.46875 0.027644230769230768 0.046875
1 0.3713942307692308 0.4699519230769231 0.026442307692307692 0.04447115384615385