1 0.44350961538461536 0.4735576923076923 0.07451923076923077 0.08052884615384616
1 0.35096153846153844 0.47115384615384615 0.05048076923076923 0.04447115384615385
1 0.2824519230769231 0.4675480769230769 0.046875 0.04927884615384615
1 0.0673076923076923 0.546875 0.1346153846153846 0.2776442307692308
0 0.8497596153846154 0.49278846153846156 0.03245192307692308 0.03485576923076923
0 0.7247596153846154 0.48197115384615385 0.02403846153846154 0.021634615384615384
2 0.7884615384615384 0.4639423076923077 0.020432692307692308 0.06850961538461539
2 0.8497596153846154 0.45072115384615385 0.025240384615384616 0.052884615384615384
2 0.7247596153846154 0.45072115384615385 0.025240384615384616 0.04447115384615385
1 0.3798076923076923 0.4735576923076923 0.015625 0.021634615384615384
1 0.3954326923076923 0.46634615384615385 0.015625 0.02403846153846154