1 0.08653846153846154 0.5793269230769231 0.1658653846153846 0.1778846153846154
1 0.18028846153846154 0.5588942307692307 0.12620192307692307 0.11298076923076923
1 0.296875 0.5372596153846154 0.11538461538461539 0.08653846153846154
1 0.3605769230769231 0.5300480769230769 0.055288461538461536 0.06850961538461539
1 0.7548076923076923 0.6069711538461539 0.2091346153846154 0.18028846153846154
1 0.671875 0.5420673076923077 0.11298076923076923 0.10336538461538461
2 0.5817307692307693 0.5168269230769231 0.019230769230769232 0.03365384615384615
2 0.5504807692307693 0.5144230769230769 0.015625 0.040865384615384616
2 0.5336538461538461 0.5120192307692307 0.020432692307692308 0.04326923076923077
1 0.421875 0.5216346153846154 0.05889423076923077 0.055288461538461536
1 0.44591346153846156 0.5132211538461539 0.026442307692307692 0.046875
1 0.4699519230769231 0.515625 0.03485576923076923 0.038461538461538464
1 0.49399038461538464 0.515625 0.020432692307692308 0.03125
1 0.5625 0.5144230769230769 0.019230769230769232 0.025240384615384616
1 0.6322115384615384 0.5204326923076923 0.05889423076923077 0.07211538461538461