1 0.8004807692307693 0.49278846153846156 0.09375 0.140625
1 0.7019230769230769 0.5024038461538461 0.051682692307692304 0.09375
1 0.6538461538461539 0.4567307692307692 0.055288461538461536 0.0625
1 0.45913461538461536 0.4567307692307692 0.026442307692307692 0.03125
1 0.31490384615384615 0.47596153846153844 0.051682692307692304 0.06009615384615385
1 0.2800480769230769 0.48677884615384615 0.0625 0.0625
1 0.19110576923076922 0.5 0.0985576923076923 0.11298076923076923
1 0.08653846153846154 0.5228365384615384 0.17067307692307693 0.12740384615384615
2 0.38100961538461536 0.46634615384615385 0.021634615384615384 0.052884615384615384
2 0.4266826923076923 0.46153846153846156 0.015625 0.038461538461538464
2 0.5060096153846154 0.45552884615384615 0.015625 0.03125
2 0.49278846153846156 0.45552884615384615 0.014423076923076924 0.03125
1 0.36778846153846156 0.4675480769230769 0.019230769230769232 0.040865384615384616
1 0.3545673076923077 0.47475961538461536 0.021634615384615384 0.04326923076923077
1 0.6225961538461539 0.4579326923076923 0.026442307692307692 0.052884615384615384
1 0.6033653846153846 0.45552884615384615 0.03245192307692308 0.04447115384615385
1 0.4050480769230769 0.45913461538461536 0.02403846153846154 0.03125
1 0.39903846153846156 0.46153846153846156 0.020432692307692308 0.03485576923076923