1 0.8689903846153846 0.6322115384615384 0.2548076923076923 0.2848557692307692
1 0.7487980769230769 0.5637019230769231 0.16105769230769232 0.15865384615384615
1 0.6514423076923077 0.49278846153846156 0.09014423076923077 0.10697115384615384
1 0.35096153846153844 0.4795673076923077 0.08774038461538461 0.06850961538461539
1 0.19471153846153846 0.484375 0.15144230769230768 0.08653846153846154
0 0.15745192307692307 0.5132211538461539 0.057692307692307696 0.055288461538461536
1 0.4338942307692308 0.4651442307692308 0.03485576923076923 0.038461538461538464
1 0.3894230769230769 0.47596153846153844 0.03245192307692308 0.052884615384615384
1 0.453125 0.46153846153846156 0.025240384615384616 0.028846153846153848
2 0.47716346153846156 0.45913461538461536 0.014423076923076924 0.03125
2 0.5324519230769231 0.46153846153846156 0.01201923076923077 0.037259615384615384
2 0.5396634615384616 0.45913461538461536 0.014423076923076924 0.03485576923076923
1 0.5673076923076923 0.46274038461538464 0.04326923076923077 0.04326923076923077
1 0.6009615384615384 0.47596153846153844 0.046875 0.06009615384615385
1 0.6057692307692307 0.49158653846153844 0.03245192307692308 0.07211538461538461
1 0.8557692307692307 0.47596153846153844 0.12860576923076922 0.025240384615384616