0 0.6105769230769231 0.49278846153846156 0.016826923076923076 0.038461538461538464
2 0.6105769230769231 0.4579326923076923 0.01201923076923077 0.028846153846153848
1 0.6694711538461539 0.47475961538461536 0.026442307692307692 0.02403846153846154
1 0.6370192307692307 0.47596153846153844 0.030048076923076924 0.025240384615384616
1 0.46153846153846156 0.4579326923076923 0.026442307692307692 0.025240384615384616
1 0.44711538461538464 0.46153846153846156 0.025240384615384616 0.02403846153846154
1 0.42427884615384615 0.45552884615384615 0.020432692307692308 0.025240384615384616
1 0.39783653846153844 0.453125 0.030048076923076924 0.02403846153846154
1 0.3557692307692308 0.4567307692307692 0.03125 0.027644230769230768
1 0.31009615384615385 0.47115384615384615 0.0733173076923077 0.05889423076923077
1 0.22115384615384615 0.4543269230769231 0.0673076923076923 0.028846153846153848
1 0.16826923076923078 0.45072115384615385 0.027644230769230768 0.025240384615384616
1 0.13341346153846154 0.453125 0.057692307692307696 0.027644230769230768
1 0.040865384615384616 0.47115384615384615 0.078125 0.09615384615384616