2 0.5889423076923077 0.46875 0.019230769230769232 0.05889423076923077
2 0.6105769230769231 0.46634615384615385 0.020432692307692308 0.06490384615384616
2 0.6947115384615384 0.4795673076923077 0.03485576923076923 0.12259615384615384
2 0.7247596153846154 0.47115384615384615 0.030048076923076924 0.1346153846153846
2 0.8137019230769231 0.48677884615384615 0.04807692307692308 0.1622596153846154
2 0.7752403846153846 0.4831730769230769 0.046875 0.16947115384615385
1 0.9266826923076923 0.44711538461538464 0.14423076923076922 0.13221153846153846
1 0.9495192307692307 0.4891826923076923 0.09375 0.10697115384615384
1 0.44711538461538464 0.46634615384615385 0.04326923076923077 0.046875
1 0.3557692307692308 0.49158653846153844 0.09254807692307693 0.08774038461538461
2 0.5540865384615384 0.46033653846153844 0.02403846153846154 0.052884615384615384
1 0.6418269230769231 0.45072115384615385 0.021634615384615384 0.03365384615384615
2 0.6622596153846154 0.453125 0.020432692307692308 0.038461538461538464
2 0.16346153846153846 0.4807692307692308 0.019230769230769232 0.05048076923076923
2 0.12860576923076922 0.4891826923076923 0.019230769230769232 0.03365384615384615
2 0.1141826923076923 0.4879807692307692 0.019230769230769232 0.055288461538461536