2 0.8942307692307693 0.43990384615384615 0.02403846153846154 0.1466346153846154
2 0.8689903846153846 0.44350961538461536 0.027644230769230768 0.140625
2 0.8365384615384616 0.4375 0.030048076923076924 0.13221153846153846
2 0.8088942307692307 0.45072115384615385 0.025240384615384616 0.11778846153846154
2 0.7668269230769231 0.4495192307692308 0.021634615384615384 0.078125
2 0.7355769230769231 0.44471153846153844 0.025240384615384616 0.09014423076923077
2 0.7127403846153846 0.453125 0.027644230769230768 0.09375
2 0.6742788461538461 0.4519230769230769 0.02403846153846154 0.07211538461538461
2 0.6622596153846154 0.46033653846153844 0.020432692307692308 0.052884615384615384
2 0.5745192307692307 0.46634615384615385 0.02403846153846154 0.07572115384615384
1 0.4807692307692308 0.49158653846153844 0.036057692307692304 0.025240384615384616
2 0.2247596153846154 0.49038461538461536 0.019230769230769232 0.055288461538461536
2 0.2091346153846154 0.49158653846153844 0.020432692307692308 0.052884615384615384
2 0.15264423076923078 0.484375 0.021634615384615384 0.06971153846153846
2 0.13221153846153846 0.484375 0.021634615384615384 0.07451923076923077
2 0.06850961538461539 0.484375 0.021634615384615384 0.08653846153846154
2 0.04326923076923077 0.484375 0.02403846153846154 0.08653846153846154