1 0.11538461538461539 0.46274038461538464 0.07451923076923077 0.04326923076923077
1 0.055288461538461536 0.46033653846153844 0.07211538461538461 0.040865384615384616
1 0.9038461538461539 0.4735576923076923 0.0673076923076923 0.052884615384615384
1 0.9399038461538461 0.4675480769230769 0.036057692307692304 0.040865384615384616
1 0.9675480769230769 0.46634615384615385 0.042067307692307696 0.037259615384615384
2 0.6310096153846154 0.5444711538461539 0.08173076923076923 0.15625
0 0.6286057692307693 0.6418269230769231 0.0673076923076923 0.09975961538461539
0 0.7463942307692307 0.5360576923076923 0.040865384615384616 0.08774038461538461
0 0.6899038461538461 0.5336538461538461 0.03245192307692308 0.06610576923076923
0 0.8894230769230769 0.5288461538461539 0.02403846153846154 0.040865384615384616
0 0.9134615384615384 0.5348557692307693 0.020432692307692308 0.03485576923076923
0 0.9399038461538461 0.5360576923076923 0.026442307692307692 0.040865384615384616