0 0.05048076923076923 0.5673076923076923 0.052884615384615384 0.07572115384615384
0 0.1466346153846154 0.5384615384615384 0.04326923076923077 0.052884615384615384
0 0.20192307692307693 0.5661057692307693 0.04326923076923077 0.07451923076923077
0 0.2704326923076923 0.5588942307692307 0.07451923076923077 0.11298076923076923
1 0.5480769230769231 0.47716346153846156 0.08173076923076923 0.08413461538461539
2 0.046875 0.4879807692307692 0.04326923076923077 0.16346153846153846
2 0.08774038461538461 0.4879807692307692 0.03125 0.11778846153846154
2 0.15264423076923078 0.4807692307692308 0.056490384615384616 0.11778846153846154
2 0.2403846153846154 0.4879807692307692 0.07451923076923077 0.1875
2 0.2860576923076923 0.4639423076923077 0.027644230769230768 0.06850961538461539
2 0.31971153846153844 0.4723557692307692 0.026442307692307692 0.0625
1 0.1778846153846154 0.46274038461538464 0.04567307692307692 0.055288461538461536
1 0.39903846153846156 0.4723557692307692 0.03125 0.03125
1 0.5084134615384616 0.4807692307692308 0.02403846153846154 0.04326923076923077
1 0.4987980769230769 0.4735576923076923 0.036057692307692304 0.040865384615384616