2 0.3605769230769231 0.5096153846153846 0.02403846153846154 0.0625
2 0.33653846153846156 0.5120192307692307 0.020432692307692308 0.0625
1 0.7728365384615384 0.5180288461538461 0.11778846153846154 0.055288461538461536
1 0.8269230769230769 0.6358173076923077 0.3016826923076923 0.28725961538461536
1 0.38461538461538464 0.5168269230769231 0.03245192307692308 0.03365384615384615
1 0.44350961538461536 0.49759615384615385 0.051682692307692304 0.07572115384615384
1 0.5288461538461539 0.5120192307692307 0.026442307692307692 0.02403846153846154
1 0.5949519230769231 0.5132211538461539 0.030048076923076924 0.03365384615384615
1 0.6574519230769231 0.5396634615384616 0.12620192307692307 0.1346153846153846
1 0.4723557692307692 0.5084134615384616 0.010817307692307692 0.018028846153846152
1 0.4879807692307692 0.5096153846153846 0.015625 0.019230769230769232
2 0.014423076923076924 0.53125 0.021634615384615384 0.08653846153846154