2 0.6033653846153846 0.49158653846153844 0.037259615384615384 0.15384615384615385
1 0.4543269230769231 0.47596153846153844 0.026442307692307692 0.0625
2 0.4206730769230769 0.48197115384615385 0.025240384615384616 0.08774038461538461
1 0.39663461538461536 0.47716346153846156 0.03245192307692308 0.04447115384615385
1 0.3557692307692308 0.4699519230769231 0.046875 0.040865384615384616
1 0.2247596153846154 0.4723557692307692 0.05889423076923077 0.055288461538461536
2 0.1875 0.4723557692307692 0.021634615384615384 0.055288461538461536
1 0.1622596153846154 0.4735576923076923 0.040865384615384616 0.056490384615384616
1 0.09375 0.4651442307692308 0.025240384615384616 0.02403846153846154
1 0.07692307692307693 0.46875 0.026442307692307692 0.02403846153846154
1 0.056490384615384616 0.46634615384615385 0.021634615384615384 0.02403846153846154