1 0.6141826923076923 0.5420673076923077 0.1778846153846154 0.1310096153846154
1 0.7764423076923077 0.5913461538461539 0.2932692307692308 0.1814903846153846
1 0.9086538461538461 0.6838942307692307 0.17307692307692307 0.265625
2 0.44350961538461536 0.47836538461538464 0.040865384615384616 0.078125
2 0.2668269230769231 0.45072115384615385 0.019230769230769232 0.055288461538461536
2 0.09134615384615384 0.4579326923076923 0.020432692307692308 0.052884615384615384
1 0.5348557692307693 0.4639423076923077 0.056490384615384616 0.06490384615384616
1 0.5949519230769231 0.46634615384615385 0.05048076923076923 0.0625
1 0.6887019230769231 0.4723557692307692 0.08774038461538461 0.06610576923076923
1 0.9230769230769231 0.4495192307692308 0.03125 0.038461538461538464
1 0.06009615384615385 0.45552884615384615 0.051682692307692304 0.040865384615384616
1 0.016826923076923076 0.45552884615384615 0.03245192307692308 0.046875
2 0.18028846153846154 0.4495192307692308 0.021634615384615384 0.04326923076923077
2 0.19471153846153846 0.46153846153846156 0.03245192307692308 0.05048076923076923