0 0.5300480769230769 0.6213942307692307 0.019230769230769232 0.11298076923076923
2 0.5336538461538461 0.5576923076923077 0.055288461538461536 0.1935096153846154
2 0.484375 0.4735576923076923 0.025240384615384616 0.07572115384615384
2 0.46033653846153844 0.47596153846153844 0.026442307692307692 0.07572115384615384
2 0.44350961538461536 0.47115384615384615 0.025240384615384616 0.06850961538461539
1 0.7139423076923077 0.5180288461538461 0.08774038461538461 0.09375
1 0.6442307692307693 0.5492788461538461 0.125 0.140625
1 0.9471153846153846 0.5072115384615384 0.0985576923076923 0.07211538461538461
1 0.8942307692307693 0.6586538461538461 0.2091346153846154 0.24639423076923078
1 0.3894230769230769 0.4879807692307692 0.06850961538461539 0.0625
1 0.34375 0.5216346153846154 0.07451923076923077 0.10576923076923077
1 0.28125 0.5504807692307693 0.1310096153846154 0.15625
1 0.13221153846153846 0.5733173076923077 0.23076923076923078 0.27163461538461536
1 0.052884615384615384 0.6730769230769231 0.10576923076923077 0.24759615384615385
1 0.7884615384615384 0.48197115384615385 0.052884615384615384 0.06850961538461539
2 0.7079326923076923 0.45913461538461536 0.025240384615384616 0.03125
2 0.5588942307692307 0.45913461538461536 0.02403846153846154 0.04326923076923077