2 0.6706730769230769 0.44711538461538464 0.02403846153846154 0.10576923076923077
2 0.6502403846153846 0.42427884615384615 0.015625 0.056490384615384616
2 0.6322115384615384 0.4230769230769231 0.019230769230769232 0.056490384615384616
2 0.5901442307692307 0.43509615384615385 0.019230769230769232 0.05889423076923077
2 0.5612980769230769 0.4362980769230769 0.019230769230769232 0.07211538461538461
1 0.4675480769230769 0.4362980769230769 0.021634615384615384 0.028846153846153848
2 0.4483173076923077 0.43509615384615385 0.015625 0.06971153846153846
2 0.3004807692307692 0.42427884615384615 0.010817307692307692 0.028846153846153848
2 0.24639423076923078 0.4266826923076923 0.01201923076923077 0.028846153846153848
2 0.05889423076923077 0.45552884615384615 0.030048076923076924 0.11538461538461539
2 0.03485576923076923 0.4519230769230769 0.019230769230769232 0.11538461538461539