0 0.03245192307692308 0.5805288461538461 0.057692307692307696 0.10697115384615384
0 0.10817307692307693 0.5600961538461539 0.055288461538461536 0.1310096153846154
2 0.03365384615384615 0.515625 0.06129807692307692 0.18028846153846154
2 0.11778846153846154 0.5048076923076923 0.06971153846153846 0.18509615384615385
1 0.17067307692307693 0.5012019230769231 0.057692307692307696 0.09615384615384616
1 0.2127403846153846 0.48677884615384615 0.08173076923076923 0.09134615384615384
1 0.2824519230769231 0.47836538461538464 0.06610576923076923 0.05889423076923077
1 0.31490384615384615 0.46634615384615385 0.055288461538461536 0.052884615384615384
1 0.6334134615384616 0.46033653846153844 0.07692307692307693 0.06850961538461539
1 0.7331730769230769 0.484375 0.08413461538461539 0.10576923076923077
1 0.6502403846153846 0.5 0.03245192307692308 0.07451923076923077
2 0.9050480769230769 0.5769230769230769 0.07692307692307693 0.32211538461538464
2 0.49399038461538464 0.4543269230769231 0.014423076923076924 0.028846153846153848
2 0.47836538461538464 0.453125 0.01201923076923077 0.03485576923076923
2 0.4074519230769231 0.4567307692307692 0.015625 0.03485576923076923
2 0.3762019230769231 0.46274038461538464 0.02403846153846154 0.046875
1 0.34975961538461536 0.46875 0.02403846153846154 0.04326923076923077
1 0.4423076923076923 0.45552884615384615 0.025240384615384616 0.028846153846153848
1 0.5829326923076923 0.45552884615384615 0.03125 0.04326923076923077
1 0.6021634615384616 0.46153846153846156 0.030048076923076924 0.05048076923076923
1 0.9567307692307693 0.515625 0.08413461538461539 0.15264423076923078