1 0.8882211538461539 0.53125 0.21995192307692307 0.21514423076923078
1 0.7884615384615384 0.4963942307692308 0.1778846153846154 0.171875
1 0.7151442307692307 0.5072115384615384 0.0829326923076923 0.09134615384615384
2 0.6454326923076923 0.45552884615384615 0.03485576923076923 0.07451923076923077
0 0.6466346153846154 0.53125 0.030048076923076924 0.07451923076923077
1 0.609375 0.4855769230769231 0.037259615384615384 0.06490384615384616
1 0.5877403846153846 0.47115384615384615 0.03245192307692308 0.055288461538461536
1 0.44350961538461536 0.5072115384615384 0.20432692307692307 0.24278846153846154
1 0.33653846153846156 0.4855769230769231 0.042067307692307696 0.07211538461538461
1 0.27403846153846156 0.47836538461538464 0.08413461538461539 0.09375
1 0.12139423076923077 0.5240384615384616 0.15985576923076922 0.11778846153846154
1 0.11778846153846154 0.4495192307692308 0.0733173076923077 0.03485576923076923