2 0.8786057692307693 0.4182692307692308 0.021634615384615384 0.03485576923076923
2 0.8161057692307693 0.4495192307692308 0.02403846153846154 0.08653846153846154
2 0.7956730769230769 0.4495192307692308 0.021634615384615384 0.08173076923076923
2 0.7548076923076923 0.44711538461538464 0.019230769230769232 0.06971153846153846
2 0.6682692307692307 0.43990384615384615 0.019230769230769232 0.056490384615384616
2 0.6394230769230769 0.4387019230769231 0.01201923076923077 0.028846153846153848
1 0.5997596153846154 0.46033653846153844 0.06850961538461539 0.07572115384615384
1 0.5492788461538461 0.4519230769230769 0.030048076923076924 0.03365384615384615
1 0.5192307692307693 0.4266826923076923 0.025240384615384616 0.028846153846153848
1 0.4963942307692308 0.4483173076923077 0.026442307692307692 0.025240384615384616
1 0.4266826923076923 0.4495192307692308 0.04326923076923077 0.046875
1 0.36899038461538464 0.4723557692307692 0.08653846153846154 0.078125
1 0.13942307692307693 0.484375 0.14182692307692307 0.11778846153846154