1 0.08413461538461539 0.6177884615384616 0.16706730769230768 0.203125
1 0.25 0.5300480769230769 0.14423076923076922 0.11538461538461539
1 0.3125 0.5060096153846154 0.046875 0.078125
1 0.3581730769230769 0.4735576923076923 0.0733173076923077 0.06490384615384616
1 0.39903846153846156 0.4639423076923077 0.04567307692307692 0.040865384615384616
1 0.5841346153846154 0.47115384615384615 0.05048076923076923 0.037259615384615384
1 0.6370192307692307 0.5036057692307693 0.09254807692307693 0.078125
1 0.8161057692307693 0.5024038461538461 0.08173076923076923 0.09375
1 0.9230769230769231 0.53125 0.1466346153846154 0.109375
1 0.7331730769230769 0.5576923076923077 0.15144230769230768 0.1466346153846154
0 0.9110576923076923 0.6875 0.17548076923076922 0.19471153846153846
1 0.4423076923076923 0.45552884615384615 0.025240384615384616 0.038461538461538464
2 0.45913461538461536 0.4543269230769231 0.010817307692307692 0.04447115384615385
1 0.42788461538461536 0.46033653846153844 0.026442307692307692 0.037259615384615384
1 0.7620192307692307 0.47596153846153844 0.042067307692307696 0.040865384615384616
1 0.3581730769230769 0.49278846153846156 0.037259615384615384 0.0625