1 0.08533653846153846 0.6105769230769231 0.17067307692307693 0.18509615384615385
1 0.18629807692307693 0.5288461538461539 0.15625 0.1502403846153846
1 0.2800480769230769 0.5072115384615384 0.05048076923076923 0.09615384615384616
1 0.36778846153846156 0.48197115384615385 0.037259615384615384 0.07211538461538461
1 0.5685096153846154 0.47115384615384615 0.040865384615384616 0.052884615384615384
1 0.6778846153846154 0.5288461538461539 0.09735576923076923 0.10576923076923077
1 0.7019230769230769 0.5685096153846154 0.12980769230769232 0.14423076923076922
1 0.8497596153846154 0.6490384615384616 0.296875 0.3161057692307692
1 0.9471153846153846 0.8365384615384616 0.10096153846153846 0.32211538461538464
2 0.6009615384615384 0.5600961538461539 0.07211538461538461 0.22235576923076922
2 0.45072115384615385 0.5637019230769231 0.0673076923076923 0.2127403846153846
2 0.30649038461538464 0.5072115384615384 0.025240384615384616 0.09014423076923077
0 0.44711538461538464 0.6189903846153846 0.037259615384615384 0.11298076923076923
2 0.39663461538461536 0.46875 0.02403846153846154 0.078125
1 0.7524038461538461 0.45072115384615385 0.057692307692307696 0.037259615384615384
1 0.7283653846153846 0.44471153846153844 0.08173076923076923 0.04326923076923077
1 0.6466346153846154 0.44591346153846156 0.06610576923076923 0.028846153846153848
1 0.025240384615384616 0.47716346153846156 0.05048076923076923 0.06850961538461539
0 0.3942307692307692 0.5024038461538461 0.019230769230769232 0.04326923076923077