1 0.8665865384615384 0.5024038461538461 0.14182692307692307 0.10576923076923077
1 0.6947115384615384 0.47596153846153844 0.056490384615384616 0.055288461538461536
1 0.6033653846153846 0.46153846153846156 0.027644230769230768 0.03125
1 0.5516826923076923 0.4651442307692308 0.04326923076923077 0.04326923076923077
1 0.515625 0.46033653846153844 0.027644230769230768 0.03365384615384615
1 0.4567307692307692 0.4723557692307692 0.07451923076923077 0.08173076923076923
1 0.4074519230769231 0.4639423076923077 0.027644230769230768 0.03365384615384615
1 0.2932692307692308 0.47115384615384615 0.03125 0.03485576923076923
2 0.24879807692307693 0.47115384615384615 0.02403846153846154 0.04447115384615385
2 0.21394230769230768 0.46875 0.021634615384615384 0.046875
2 0.16706730769230768 0.47836538461538464 0.019230769230769232 0.03485576923076923
2 0.14903846153846154 0.4807692307692308 0.020432692307692308 0.06610576923076923
2 0.12620192307692307 0.4735576923076923 0.020432692307692308 0.052884615384615384
2 0.11057692307692307 0.47115384615384615 0.015625 0.052884615384615384
2 0.08653846153846154 0.47596153846153844 0.025240384615384616 0.0625
2 0.06850961538461539 0.47716346153846156 0.021634615384615384 0.056490384615384616
1 0.054086538461538464 0.45552884615384615 0.020432692307692308 0.028846153846153848
1 0.027644230769230768 0.47716346153846156 0.051682692307692304 0.06009615384615385