0 0.9230769230769231 0.6310096153846154 0.10336538461538461 0.12139423076923077
1 0.9879807692307693 0.5949519230769231 0.020432692307692308 0.1346153846153846
1 0.8197115384615384 0.5360576923076923 0.15985576923076922 0.1466346153846154
0 0.7175480769230769 0.5685096153846154 0.046875 0.07451923076923077
0 0.484375 0.49759615384615385 0.019230769230769232 0.038461538461538464
0 0.44711538461538464 0.49759615384615385 0.019230769230769232 0.040865384615384616
1 0.6189903846153846 0.5012019230769231 0.109375 0.08774038461538461
1 0.5661057692307693 0.49158653846153844 0.056490384615384616 0.06850961538461539
1 0.5300480769230769 0.48677884615384615 0.052884615384615384 0.0625
2 0.17307692307692307 0.46153846153846156 0.025240384615384616 0.06009615384615385
2 0.27163461538461536 0.45072115384615385 0.01201923076923077 0.038461538461538464
2 0.7596153846153846 0.46875 0.027644230769230768 0.0625
2 0.9290865384615384 0.5264423076923077 0.10817307692307693 0.21634615384615385
2 0.7127403846153846 0.5 0.056490384615384616 0.15264423076923078
2 0.484375 0.45552884615384615 0.019230769230769232 0.056490384615384616
1 0.46875 0.4723557692307692 0.021634615384615384 0.03125
2 0.44591346153846156 0.4567307692307692 0.02403846153846154 0.04326923076923077
2 0.3858173076923077 0.4567307692307692 0.019230769230769232 0.027644230769230768
0 0.38341346153846156 0.47716346153846156 0.014423076923076924 0.025240384615384616
1 0.3473557692307692 0.4579326923076923 0.019230769230769232 0.018028846153846152
2 0.3269230769230769 0.45913461538461536 0.009615384615384616 0.03125
1 0.3088942307692308 0.4651442307692308 0.026442307692307692 0.02403846153846154
2 0.2920673076923077 0.46274038461538464 0.01201923076923077 0.04326923076923077
2 0.2824519230769231 0.4543269230769231 0.009615384615384616 0.028846153846153848
0 0.27163461538461536 0.47836538461538464 0.01201923076923077 0.02403846153846154