2 0.5985576923076923 0.5144230769230769 0.05048076923076923 0.1814903846153846
2 0.5588942307692307 0.5012019230769231 0.03485576923076923 0.10336538461538461
2 0.25961538461538464 0.49759615384615385 0.03125 0.11298076923076923
2 0.23076923076923078 0.4951923076923077 0.036057692307692304 0.10697115384615384
1 0.15504807692307693 0.47596153846153844 0.10336538461538461 0.052884615384615384
1 0.07211538461538461 0.5456730769230769 0.140625 0.16947115384615385
1 0.4831730769230769 0.4723557692307692 0.04807692307692308 0.03485576923076923
1 0.703125 0.5625 0.1502403846153846 0.171875
1 0.8353365384615384 0.6225961538461539 0.28846153846153844 0.2692307692307692
1 0.5108173076923077 0.4723557692307692 0.019230769230769232 0.03125
1 0.5252403846153846 0.4735576923076923 0.021634615384615384 0.028846153846153848
1 0.35096153846153844 0.46153846153846156 0.0673076923076923 0.05889423076923077