1 0.9807692307692307 0.49759615384615385 0.03245192307692308 0.08653846153846154
1 0.8858173076923077 0.47596153846153844 0.04326923076923077 0.07211538461538461
1 0.8088942307692307 0.46153846153846156 0.057692307692307696 0.06850961538461539
2 0.9338942307692307 0.5 0.07451923076923077 0.33653846153846156
2 0.6442307692307693 0.46875 0.021634615384615384 0.06610576923076923
2 0.6213942307692307 0.4675480769230769 0.025240384615384616 0.06850961538461539
2 0.6045673076923077 0.46153846153846156 0.019230769230769232 0.06490384615384616
1 0.45913461538461536 0.4579326923076923 0.04326923076923077 0.03365384615384615
2 0.17307692307692307 0.4795673076923077 0.020432692307692308 0.040865384615384616
2 0.11298076923076923 0.4891826923076923 0.019230769230769232 0.052884615384615384
2 0.3641826923076923 0.46274038461538464 0.01201923076923077 0.027644230769230768
2 0.3786057692307692 0.46153846153846156 0.01201923076923077 0.025240384615384616
2 0.5504807692307693 0.45913461538461536 0.014423076923076924 0.04326923076923077
1 0.7271634615384616 0.46153846153846156 0.036057692307692304 0.056490384615384616
2 0.12860576923076922 0.49038461538461536 0.019230769230769232 0.03485576923076923