1 0.2283653846153846 0.5649038461538461 0.19471153846153846 0.17548076923076922
2 0.12139423076923077 0.49278846153846156 0.03245192307692308 0.05048076923076923
1 0.34975961538461536 0.5132211538461539 0.06129807692307692 0.05048076923076923
1 0.48197115384615385 0.5588942307692307 0.12980769230769232 0.13221153846153846
0 0.6634615384615384 0.5612980769230769 0.019230769230769232 0.06009615384615385
2 0.6610576923076923 0.5372596153846154 0.037259615384615384 0.09375
2 0.9362980769230769 0.5384615384615384 0.03125 0.11538461538461539
2 0.8497596153846154 0.5384615384615384 0.042067307692307696 0.12740384615384615
1 0.5216346153846154 0.5132211538461539 0.052884615384615384 0.055288461538461536
2 0.8954326923076923 0.5264423076923077 0.027644230769230768 0.06850961538461539
0 0.04807692307692308 0.5444711538461539 0.09615384615384616 0.0889423076923077