2 0.4050480769230769 0.4651442307692308 0.020432692307692308 0.0625
1 0.9350961538461539 0.7896634615384616 0.12620192307692307 0.31850961538461536
1 0.8533653846153846 0.6490384615384616 0.29086538461538464 0.24759615384615385
1 0.6706730769230769 0.5384615384615384 0.140625 0.12259615384615384
1 0.6189903846153846 0.49278846153846156 0.07211538461538461 0.09615384615384616
1 0.32211538461538464 0.49158653846153844 0.06850961538461539 0.07211538461538461
1 0.2776442307692308 0.5132211538461539 0.09495192307692307 0.09375
1 0.5504807692307693 0.4567307692307692 0.04326923076923077 0.046875
1 0.5709134615384616 0.47596153846153844 0.036057692307692304 0.055288461538461536
1 0.5 0.43509615384615385 0.021634615384615384 0.027644230769230768
1 0.453125 0.4411057692307692 0.021634615384615384 0.02403846153846154
1 0.31971153846153844 0.43509615384615385 0.040865384615384616 0.040865384615384616