1 0.5516826923076923 0.48197115384615385 0.07451923076923077 0.08774038461538461
0 0.018028846153846152 0.5600961538461539 0.03245192307692308 0.07572115384615384
0 0.06850961538461539 0.5420673076923077 0.03245192307692308 0.08413461538461539
0 0.16105769230769232 0.5576923076923077 0.06610576923076923 0.09615384615384616
0 0.2956730769230769 0.5084134615384616 0.021634615384615384 0.06009615384615385
0 0.21634615384615385 0.5288461538461539 0.03245192307692308 0.06610576923076923
2 0.028846153846153848 0.4987980769230769 0.051682692307692304 0.1466346153846154
2 0.08052884615384616 0.49759615384615385 0.04807692307692308 0.13221153846153846
2 0.15985576923076922 0.48677884615384615 0.057692307692307696 0.17548076923076922
2 0.22716346153846154 0.48197115384615385 0.04807692307692308 0.12139423076923077
2 0.2920673076923077 0.46153846153846156 0.027644230769230768 0.06009615384615385
2 0.3557692307692308 0.4579326923076923 0.027644230769230768 0.03365384615384615
1 0.5096153846153846 0.47836538461538464 0.021634615384615384 0.046875
1 0.4963942307692308 0.47596153846153844 0.025240384615384616 0.04326923076923077
2 0.3269230769230769 0.47115384615384615 0.025240384615384616 0.06009615384615385
0 0.328125 0.49278846153846156 0.019230769230769232 0.037259615384615384
1 0.40024038461538464 0.4735576923076923 0.03125 0.028846153846153848