1 0.02283653846153846 0.5324519230769231 0.04567307692307692 0.16947115384615385
1 0.5492788461538461 0.4963942307692308 0.1045673076923077 0.12139423076923077
1 0.47475961538461536 0.5060096153846154 0.05048076923076923 0.07451923076923077
2 0.5036057692307693 0.49759615384615385 0.025240384615384616 0.078125
2 0.7487980769230769 0.53125 0.0673076923076923 0.18028846153846154
0 0.7584134615384616 0.5877403846153846 0.07692307692307693 0.11778846153846154
0 0.5060096153846154 0.5456730769230769 0.02403846153846154 0.056490384615384616
1 0.6442307692307693 0.5204326923076923 0.046875 0.03365384615384615
2 0.4254807692307692 0.5024038461538461 0.02403846153846154 0.06009615384615385
0 0.42788461538461536 0.5336538461538461 0.020432692307692308 0.03125
2 0.3762019230769231 0.5048076923076923 0.019230769230769232 0.040865384615384616