1 0.17548076923076922 0.43509615384615385 0.06850961538461539 0.07211538461538461
1 0.234375 0.4110576923076923 0.040865384615384616 0.040865384615384616
1 0.28846153846153844 0.42908653846153844 0.051682692307692304 0.052884615384615384
1 0.44471153846153844 0.44471153846153844 0.05889423076923077 0.0625
1 0.5961538461538461 0.46153846153846156 0.0673076923076923 0.07572115384615384
1 0.21995192307692307 0.48677884615384615 0.11298076923076923 0.11298076923076923
2 0.8689903846153846 0.44471153846153844 0.04326923076923077 0.09975961538461539
2 0.8341346153846154 0.43509615384615385 0.03125 0.09014423076923077
2 0.7980769230769231 0.4387019230769231 0.040865384615384616 0.08774038461538461
2 0.11298076923076923 0.4411057692307692 0.021634615384615384 0.08653846153846154
2 0.07451923076923077 0.4375 0.021634615384615384 0.07451923076923077
1 0.41586538461538464 0.42427884615384615 0.03245192307692308 0.05048076923076923
1 0.3954326923076923 0.42427884615384615 0.025240384615384616 0.03125
1 0.7055288461538461 0.421875 0.04567307692307692 0.04326923076923077
2 0.6658653846153846 0.4074519230769231 0.021634615384615384 0.040865384615384616
1 0.6694711538461539 0.4423076923076923 0.0829326923076923 0.040865384615384616