1 0.8701923076923077 0.6947115384615384 0.2536057692307692 0.4182692307692308
1 0.7884615384615384 0.5697115384615384 0.20192307692307693 0.203125
1 0.6622596153846154 0.5108173076923077 0.09014423076923077 0.08413461538461539
1 0.4206730769230769 0.46875 0.036057692307692304 0.055288461538461536
1 0.38461538461538464 0.4735576923076923 0.051682692307692304 0.07211538461538461
1 0.5228365384615384 0.4519230769230769 0.030048076923076924 0.040865384615384616
1 0.08173076923076923 0.6177884615384616 0.1622596153846154 0.24759615384615385
1 0.20552884615384615 0.5384615384615384 0.18028846153846154 0.19951923076923078
1 0.296875 0.5288461538461539 0.056490384615384616 0.09975961538461539
1 0.31971153846153844 0.5132211538461539 0.056490384615384616 0.08413461538461539
1 0.3449519230769231 0.4987980769230769 0.051682692307692304 0.07572115384615384
1 0.4411057692307692 0.45552884615384615 0.026442307692307692 0.04326923076923077
1 0.46033653846153844 0.4543269230769231 0.020432692307692308 0.03365384615384615
2 0.6057692307692307 0.4891826923076923 0.026442307692307692 0.10336538461538461
2 0.5913461538461539 0.49399038461538464 0.030048076923076924 0.09014423076923077
2 0.5697115384615384 0.4891826923076923 0.03245192307692308 0.09615384615384616