0 0.9098557692307693 0.5492788461538461 0.06129807692307692 0.08653846153846154
0 0.9567307692307693 0.546875 0.0829326923076923 0.09014423076923077
2 0.5192307692307693 0.5552884615384616 0.05889423076923077 0.1622596153846154
2 0.30649038461538464 0.4675480769230769 0.027644230769230768 0.07211538461538461
2 0.27524038461538464 0.4567307692307692 0.026442307692307692 0.046875
0 0.30649038461538464 0.5252403846153846 0.056490384615384616 0.09014423076923077
0 0.28125 0.5240384615384616 0.052884615384615384 0.09375
1 0.1971153846153846 0.5 0.11298076923076923 0.08173076923076923
1 0.09615384615384616 0.47836538461538464 0.0985576923076923 0.07451923076923077
2 0.22115384615384615 0.45072115384615385 0.030048076923076924 0.037259615384615384
1 0.03365384615384615 0.47115384615384615 0.0673076923076923 0.06610576923076923