1 0.7283653846153846 0.5132211538461539 0.2776442307692308 0.2283653846153846
1 0.5528846153846154 0.48677884615384615 0.0625 0.07572115384615384
1 0.5336538461538461 0.47596153846153844 0.06129807692307692 0.078125
1 0.49399038461538464 0.4723557692307692 0.03125 0.05048076923076923
1 0.4735576923076923 0.46634615384615385 0.027644230769230768 0.04326923076923077
1 0.45552884615384615 0.46274038461538464 0.02403846153846154 0.03125
1 0.39302884615384615 0.4639423076923077 0.026442307692307692 0.028846153846153848
1 0.35096153846153844 0.47596153846153844 0.025240384615384616 0.025240384615384616
1 0.31971153846153844 0.47596153846153844 0.036057692307692304 0.03485576923076923
1 0.23317307692307693 0.49158653846153844 0.06850961538461539 0.06490384615384616
1 0.2800480769230769 0.4855769230769231 0.027644230769230768 0.052884615384615384