2 0.9086538461538461 0.5120192307692307 0.014423076923076924 0.10576923076923077
2 0.8894230769230769 0.49278846153846156 0.03125 0.140625
2 0.8629807692307693 0.49399038461538464 0.020432692307692308 0.12860576923076922
2 0.8269230769230769 0.49759615384615385 0.025240384615384616 0.11899038461538461
2 0.796875 0.5048076923076923 0.025240384615384616 0.09134615384615384
2 0.7067307692307693 0.48677884615384615 0.019230769230769232 0.06009615384615385
2 0.6766826923076923 0.48677884615384615 0.021634615384615384 0.08774038461538461
2 0.6610576923076923 0.49158653846153844 0.01201923076923077 0.06009615384615385
2 0.6490384615384616 0.49158653846153844 0.014423076923076924 0.04927884615384615
2 0.6358173076923077 0.4951923076923077 0.015625 0.040865384615384616
2 0.6177884615384616 0.49038461538461536 0.014423076923076924 0.046875
2 0.5949519230769231 0.4855769230769231 0.015625 0.04927884615384615
1 0.4831730769230769 0.5276442307692307 0.17307692307692307 0.171875
1 0.390625 0.4951923076923077 0.015625 0.021634615384615384