2 0.7439903846153846 0.5072115384615384 0.036057692307692304 0.20072115384615385
2 0.7067307692307693 0.5384615384615384 0.03245192307692308 0.1310096153846154
2 0.6682692307692307 0.5048076923076923 0.03245192307692308 0.1466346153846154
2 0.6201923076923077 0.49759615384615385 0.027644230769230768 0.13221153846153846
1 0.5793269230769231 0.47836538461538464 0.055288461538461536 0.0625
1 0.5348557692307693 0.47836538461538464 0.03245192307692308 0.0625
1 0.49038461538461536 0.47596153846153844 0.027644230769230768 0.03485576923076923
1 0.4699519230769231 0.49399038461538464 0.02403846153846154 0.046875
1 0.4014423076923077 0.5012019230769231 0.10576923076923077 0.11899038461538461
1 0.33413461538461536 0.4963942307692308 0.027644230769230768 0.055288461538461536
1 0.2800480769230769 0.48677884615384615 0.08173076923076923 0.08653846153846154
1 0.13701923076923078 0.49158653846153844 0.203125 0.1778846153846154
1 0.020432692307692308 0.4651442307692308 0.040865384615384616 0.0625
1 0.7776442307692307 0.5036057692307693 0.02403846153846154 0.05048076923076923
1 0.04326923076923077 0.4495192307692308 0.03125 0.019230769230769232