2 0.8088942307692307 0.5841346153846154 0.1201923076923077 0.5192307692307693
2 0.4543269230769231 0.48677884615384615 0.03245192307692308 0.10697115384615384
2 0.4098557692307692 0.49038461538461536 0.03245192307692308 0.11778846153846154
1 0.9314903846153846 0.5408653846153846 0.1346153846153846 0.25
1 0.7043269230769231 0.5060096153846154 0.1201923076923077 0.19951923076923078
1 0.8846153846153846 0.4519230769230769 0.051682692307692304 0.08774038461538461
1 0.5841346153846154 0.5168269230769231 0.0733173076923077 0.10336538461538461
1 0.5661057692307693 0.49759615384615385 0.13581730769230768 0.11899038461538461
1 0.21514423076923078 0.4723557692307692 0.04326923076923077 0.03485576923076923
1 0.1045673076923077 0.49759615384615385 0.12860576923076922 0.11538461538461539
1 0.15745192307692307 0.49038461538461536 0.0625 0.0625
1 0.052884615384615384 0.5 0.1045673076923077 0.125
1 0.3894230769230769 0.47836538461538464 0.03245192307692308 0.0625
2 0.328125 0.4675480769230769 0.019230769230769232 0.04447115384615385