2 0.7463942307692307 0.4651442307692308 0.03245192307692308 0.12860576923076922
1 0.44711538461538464 0.46274038461538464 0.03125 0.03125
1 0.4375 0.453125 0.015625 0.019230769230769232
1 0.4074519230769231 0.44350961538461536 0.01201923076923077 0.015625
1 0.38461538461538464 0.45913461538461536 0.02403846153846154 0.027644230769230768
1 0.36899038461538464 0.46274038461538464 0.01201923076923077 0.019230769230769232
1 0.359375 0.46274038461538464 0.01201923076923077 0.019230769230769232
1 0.3449519230769231 0.46634615384615385 0.021634615384615384 0.025240384615384616
1 0.328125 0.4699519230769231 0.025240384615384616 0.028846153846153848
1 0.3088942307692308 0.4699519230769231 0.025240384615384616 0.03365384615384615
1 0.27403846153846156 0.4639423076923077 0.04807692307692308 0.056490384615384616
1 0.21754807692307693 0.4879807692307692 0.10576923076923077 0.09735576923076923
2 0.09735576923076923 0.5805288461538461 0.12980769230769232 0.3473557692307692
2 0.013221153846153846 0.4795673076923077 0.02403846153846154 0.07211538461538461
1 0.021634615384615384 0.5552884615384616 0.04326923076923077 0.11177884615384616