2 0.06129807692307692 0.5216346153846154 0.04326923076923077 0.11778846153846154
1 0.025240384615384616 0.5168269230769231 0.05048076923076923 0.12980769230769232
1 0.13701923076923078 0.5060096153846154 0.11778846153846154 0.11298076923076923
1 0.48197115384615385 0.5240384615384616 0.0829326923076923 0.09014423076923077
2 0.9795673076923077 0.5240384615384616 0.03125 0.13701923076923078
2 0.7055288461538461 0.5841346153846154 0.055288461538461536 0.109375
2 0.20673076923076922 0.47716346153846156 0.021634615384615384 0.06490384615384616
2 0.29447115384615385 0.48677884615384615 0.02403846153846154 0.05048076923076923
2 0.5661057692307693 0.5024038461538461 0.02403846153846154 0.06971153846153846
2 0.7307692307692307 0.49038461538461536 0.02403846153846154 0.06610576923076923
2 0.6790865384615384 0.4951923076923077 0.020432692307692308 0.06009615384615385