2 0.8088942307692307 0.43028846153846156 0.030048076923076924 0.10336538461538461
0 0.8401442307692307 0.46634615384615385 0.027644230769230768 0.052884615384615384
0 0.7836538461538461 0.46875 0.036057692307692304 0.046875
1 0.6057692307692307 0.40865384615384615 0.042067307692307696 0.07572115384615384
0 0.5480769230769231 0.47115384615384615 0.036057692307692304 0.05048076923076923
2 0.5168269230769231 0.43990384615384615 0.021634615384615384 0.09375
2 0.49158653846153844 0.4326923076923077 0.026442307692307692 0.08413461538461539
0 0.47115384615384615 0.47596153846153844 0.038461538461538464 0.046875
1 0.47596153846153844 0.41947115384615385 0.020432692307692308 0.03125
1 0.4579326923076923 0.42788461538461536 0.019230769230769232 0.027644230769230768
1 0.4254807692307692 0.40024038461538464 0.015625 0.019230769230769232
1 0.4483173076923077 0.40024038461538464 0.015625 0.019230769230769232
1 0.4543269230769231 0.41346153846153844 0.015625 0.019230769230769232
1 0.3894230769230769 0.3918269230769231 0.015625 0.021634615384615384
1 0.3798076923076923 0.421875 0.025240384615384616 0.04326923076923077
1 0.3641826923076923 0.43149038461538464 0.021634615384615384 0.046875
1 0.32211538461538464 0.4387019230769231 0.0889423076923077 0.09134615384615384