1 0.890625 0.6634615384615384 0.2127403846153846 0.25600961538461536
1 0.7884615384615384 0.5757211538461539 0.15745192307692307 0.140625
1 0.5540865384615384 0.4543269230769231 0.042067307692307696 0.04447115384615385
1 0.44711538461538464 0.44471153846153844 0.040865384615384616 0.037259615384615384
2 0.3088942307692308 0.45072115384615385 0.021634615384615384 0.046875
2 0.09014423076923077 0.4795673076923077 0.027644230769230768 0.08774038461538461
2 0.0625 0.47115384615384615 0.03125 0.08653846153846154
2 0.6622596153846154 0.46634615384615385 0.019230769230769232 0.0625
2 0.6346153846153846 0.45072115384615385 0.010817307692307692 0.04447115384615385
2 0.6225961538461539 0.45552884615384615 0.014423076923076924 0.040865384615384616
2 0.8064903846153846 0.4567307692307692 0.027644230769230768 0.04326923076923077