1 0.9338942307692307 0.6009615384615384 0.12860576923076922 0.24278846153846154
1 0.8161057692307693 0.5408653846153846 0.2620192307692308 0.1875
1 0.5432692307692307 0.4831730769230769 0.057692307692307696 0.052884615384615384
0 0.2764423076923077 0.5132211538461539 0.06610576923076923 0.038461538461538464
1 0.3629807692307692 0.4723557692307692 0.019230769230769232 0.03485576923076923
1 0.5120192307692307 0.47596153846153844 0.036057692307692304 0.040865384615384616
1 0.6598557692307693 0.4495192307692308 0.05048076923076923 0.019230769230769232
1 0.3425480769230769 0.4735576923076923 0.02403846153846154 0.040865384615384616
1 0.4891826923076923 0.47115384615384615 0.021634615384615384 0.037259615384615384
1 0.4723557692307692 0.46875 0.020432692307692308 0.03125
1 0.453125 0.4675480769230769 0.027644230769230768 0.028846153846153848
1 0.41586538461538464 0.4651442307692308 0.02403846153846154 0.02403846153846154
1 0.3942307692307692 0.46875 0.019230769230769232 0.02403846153846154
1 0.3786057692307692 0.47115384615384615 0.019230769230769232 0.03125
1 0.3293269230769231 0.4795673076923077 0.020432692307692308 0.040865384615384616
1 0.3088942307692308 0.4795673076923077 0.026442307692307692 0.052884615384615384
2 0.2824519230769231 0.47596153846153844 0.025240384615384616 0.046875
1 0.2620192307692308 0.48197115384615385 0.020432692307692308 0.037259615384615384