2 0.6947115384615384 0.46153846153846156 0.0733173076923077 0.15625
0 0.7091346153846154 0.5889423076923077 0.02403846153846154 0.09975961538461539
1 0.5372596153846154 0.47836538461538464 0.036057692307692304 0.038461538461538464
1 0.5216346153846154 0.4723557692307692 0.015625 0.027644230769230768
1 0.5120192307692307 0.46634615384615385 0.015625 0.02403846153846154
1 0.5048076923076923 0.45552884615384615 0.01201923076923077 0.019230769230769232
1 0.46274038461538464 0.46153846153846156 0.01201923076923077 0.018028846153846152
1 0.45072115384615385 0.46634615384615385 0.014423076923076924 0.019230769230769232
1 0.43149038461538464 0.4735576923076923 0.01201923076923077 0.025240384615384616
1 0.4170673076923077 0.47596153846153844 0.021634615384615384 0.03125
1 0.4014423076923077 0.47716346153846156 0.019230769230769232 0.03365384615384615
1 0.3737980769230769 0.4831730769230769 0.037259615384615384 0.037259615384615384
1 0.3449519230769231 0.4879807692307692 0.02403846153846154 0.046875
1 0.31971153846153844 0.49158653846153844 0.03125 0.052884615384615384
1 0.2608173076923077 0.4879807692307692 0.09014423076923077 0.09735576923076923