1 0.7487980769230769 0.5024038461538461 0.25600961538461536 0.22596153846153846
1 0.6213942307692307 0.5012019230769231 0.052884615384615384 0.10336538461538461
1 0.5949519230769231 0.49278846153846156 0.06610576923076923 0.08653846153846154
1 0.5637019230769231 0.48677884615384615 0.04326923076923077 0.06610576923076923
1 0.2620192307692308 0.48197115384615385 0.036057692307692304 0.05889423076923077
1 0.3004807692307692 0.4795673076923077 0.040865384615384616 0.04927884615384615
1 0.32572115384615385 0.47716346153846156 0.020432692307692308 0.037259615384615384
1 0.5384615384615384 0.48197115384615385 0.02403846153846154 0.056490384615384616
1 0.33774038461538464 0.4723557692307692 0.03125 0.03485576923076923
2 0.057692307692307696 0.4963942307692308 0.06610576923076923 0.2932692307692308
1 0.5216346153846154 0.47596153846153844 0.026442307692307692 0.052884615384615384
1 0.5060096153846154 0.4699519230769231 0.026442307692307692 0.052884615384615384
1 0.48197115384615385 0.46153846153846156 0.020432692307692308 0.03365384615384615
1 0.46274038461538464 0.46634615384615385 0.020432692307692308 0.027644230769230768
1 0.4495192307692308 0.46274038461538464 0.020432692307692308 0.027644230769230768
1 0.40384615384615385 0.46634615384615385 0.020432692307692308 0.025240384615384616
1 0.390625 0.46634615384615385 0.019230769230769232 0.027644230769230768
1 0.3786057692307692 0.46634615384615385 0.019230769230769232 0.027644230769230768
1 0.3629807692307692 0.4675480769230769 0.019230769230769232 0.028846153846153848
1 0.3473557692307692 0.47115384615384615 0.019230769230769232 0.03485576923076923
1 0.22235576923076922 0.49158653846153844 0.07451923076923077 0.06490384615384616