0 0.3076923076923077 0.5288461538461539 0.021634615384615384 0.06009615384615385
2 0.3112980769230769 0.4879807692307692 0.03125 0.09375
2 0.4338942307692308 0.44591346153846156 0.019230769230769232 0.06009615384615385
2 0.47836538461538464 0.44350961538461536 0.019230769230769232 0.055288461538461536
2 0.5132211538461539 0.4495192307692308 0.026442307692307692 0.05048076923076923
1 0.7139423076923077 0.5600961538461539 0.1622596153846154 0.1622596153846154
1 0.6466346153846154 0.5240384615384616 0.09254807692307693 0.11298076923076923
1 0.6346153846153846 0.49278846153846156 0.09375 0.09615384615384616
1 0.5865384615384616 0.46274038461538464 0.06610576923076923 0.08173076923076923
1 0.3473557692307692 0.47115384615384615 0.06129807692307692 0.052884615384615384
1 0.27524038461538464 0.5060096153846154 0.06850961538461539 0.09735576923076923
1 0.14903846153846154 0.5420673076923077 0.20432692307692307 0.20072115384615385
1 0.16105769230769232 0.43990384615384615 0.07211538461538461 0.02403846153846154
1 0.36899038461538464 0.4579326923076923 0.042067307692307696 0.04447115384615385
1 0.3870192307692308 0.453125 0.021634615384615384 0.04326923076923077
1 0.3954326923076923 0.44471153846153844 0.03125 0.046875
1 0.49038461538461536 0.4375 0.021634615384615384 0.03125