1 0.8786057692307693 0.5408653846153846 0.23798076923076922 0.38221153846153844
2 0.7079326923076923 0.44711538461538464 0.019230769230769232 0.08653846153846154
2 0.6754807692307693 0.46634615384615385 0.02403846153846154 0.125
2 0.5769230769230769 0.46153846153846156 0.020432692307692308 0.055288461538461536
1 0.5384615384615384 0.47115384615384615 0.027644230769230768 0.055288461538461536
1 0.4519230769230769 0.5096153846153846 0.1935096153846154 0.19471153846153846
1 0.33052884615384615 0.47596153846153844 0.02403846153846154 0.038461538461538464
2 0.30649038461538464 0.47716346153846156 0.019230769230769232 0.04447115384615385
1 0.2776442307692308 0.4807692307692308 0.026442307692307692 0.046875
1 0.21514423076923078 0.49158653846153844 0.08653846153846154 0.07572115384615384
1 0.078125 0.49759615384615385 0.15625 0.15985576923076922