1 0.9002403846153846 0.5745192307692307 0.1971153846153846 0.33653846153846156
1 0.8629807692307693 0.49038461538461536 0.2668269230769231 0.2932692307692308
1 0.703125 0.5204326923076923 0.05889423076923077 0.15384615384615385
1 0.6826923076923077 0.4879807692307692 0.2091346153846154 0.15264423076923078
2 0.5685096153846154 0.49158653846153844 0.042067307692307696 0.1778846153846154
2 0.5324519230769231 0.46634615384615385 0.027644230769230768 0.09014423076923077
2 0.5120192307692307 0.49278846153846156 0.02403846153846154 0.125
1 0.4891826923076923 0.4795673076923077 0.027644230769230768 0.09134615384615384
1 0.38221153846153844 0.4963942307692308 0.1935096153846154 0.24278846153846154
1 0.2283653846153846 0.46033653846153844 0.14543269230769232 0.08774038461538461
1 0.040865384615384616 0.5853365384615384 0.08173076923076923 0.25240384615384615
1 0.24519230769230768 0.48677884615384615 0.06610576923076923 0.07572115384615384
1 0.2247596153846154 0.4891826923076923 0.056490384615384616 0.06850961538461539
1 0.17307692307692307 0.49158653846153844 0.13701923076923078 0.10697115384615384
1 0.14903846153846154 0.4987980769230769 0.078125 0.10697115384615384
1 0.11778846153846154 0.5120192307692307 0.11057692307692307 0.14423076923076922