0 0.9879807692307693 0.4723557692307692 0.021634615384615384 0.046875
0 0.9675480769230769 0.47596153846153844 0.021634615384615384 0.04447115384615385
0 0.9495192307692307 0.47596153846153844 0.02403846153846154 0.040865384615384616
0 0.9302884615384616 0.47596153846153844 0.020432692307692308 0.037259615384615384
0 0.9194711538461539 0.4735576923076923 0.020432692307692308 0.040865384615384616
0 0.8173076923076923 0.47115384615384615 0.025240384615384616 0.04326923076923077
0 0.8016826923076923 0.47115384615384615 0.021634615384615384 0.052884615384615384
0 0.7692307692307693 0.46875 0.026442307692307692 0.05048076923076923
0 0.6189903846153846 0.46153846153846156 0.026442307692307692 0.03365384615384615
0 0.5841346153846154 0.46033653846153844 0.020432692307692308 0.03365384615384615
1 0.5432692307692307 0.4495192307692308 0.05889423076923077 0.05048076923076923