1 0.0829326923076923 0.6153846153846154 0.1622596153846154 0.22235576923076922
1 0.19471153846153846 0.5625 0.12980769230769232 0.13221153846153846
1 0.2548076923076923 0.5252403846153846 0.08413461538461539 0.09014423076923077
1 0.30649038461538464 0.49759615384615385 0.08173076923076923 0.08774038461538461
1 0.6009615384615384 0.48197115384615385 0.0625 0.08413461538461539
1 0.6153846153846154 0.5132211538461539 0.052884615384615384 0.09375
1 0.6790865384615384 0.5300480769230769 0.13221153846153846 0.1310096153846154
1 0.796875 0.6298076923076923 0.21875 0.2091346153846154
1 0.8930288461538461 0.7584134615384616 0.21153846153846154 0.45913461538461536
1 0.40384615384615385 0.46033653846153844 0.042067307692307696 0.040865384615384616
1 0.4411057692307692 0.44711538461538464 0.021634615384615384 0.03485576923076923
2 0.53125 0.4567307692307692 0.021634615384615384 0.055288461538461536
2 0.5120192307692307 0.45552884615384615 0.019230769230769232 0.052884615384615384
1 0.5552884615384616 0.46274038461538464 0.040865384615384616 0.055288461538461536
1 0.35697115384615385 0.48677884615384615 0.03245192307692308 0.055288461538461536
2 0.18269230769230768 0.4699519230769231 0.027644230769230768 0.040865384615384616
1 0.1778846153846154 0.4483173076923077 0.052884615384615384 0.025240384615384616