2 0.6911057692307693 0.5108173076923077 0.04567307692307692 0.1466346153846154
2 0.8990384615384616 0.5661057692307693 0.10817307692307693 0.2848557692307692
2 0.22235576923076922 0.44471153846153844 0.03485576923076923 0.052884615384615384
1 0.14182692307692307 0.5336538461538461 0.2283653846153846 0.16947115384615385
1 0.2800480769230769 0.5120192307692307 0.11057692307692307 0.11778846153846154
1 0.33533653846153844 0.5 0.04567307692307692 0.07451923076923077
1 0.3737980769230769 0.48197115384615385 0.06610576923076923 0.08413461538461539
1 0.28725961538461536 0.4362980769230769 0.09495192307692307 0.040865384615384616
1 0.4567307692307692 0.45913461538461536 0.046875 0.046875
1 0.4050480769230769 0.47596153846153844 0.03485576923076923 0.06971153846153846
1 0.4230769230769231 0.47115384615384615 0.03125 0.06490384615384616
1 0.48197115384615385 0.46033653846153844 0.02403846153846154 0.028846153846153848
1 0.49038461538461536 0.45072115384615385 0.026442307692307692 0.03485576923076923
2 0.6442307692307693 0.4699519230769231 0.019230769230769232 0.040865384615384616
2 0.6237980769230769 0.4579326923076923 0.016826923076923076 0.040865384615384616
1 0.7307692307692307 0.47475961538461536 0.057692307692307696 0.055288461538461536
1 0.7596153846153846 0.48197115384615385 0.05889423076923077 0.05889423076923077
1 0.7956730769230769 0.49278846153846156 0.09375 0.07211538461538461
1 0.8221153846153846 0.5024038461538461 0.0673076923076923 0.06971153846153846
1 0.5961538461538461 0.45552884615384615 0.030048076923076924 0.03485576923076923