1 0.8100961538461539 0.46153846153846156 0.057692307692307696 0.06971153846153846
1 0.9134615384615384 0.45552884615384615 0.12379807692307693 0.14423076923076922
1 0.9350961538461539 0.5036057692307693 0.0733173076923077 0.08653846153846154
2 0.9711538461538461 0.4987980769230769 0.038461538461538464 0.31850961538461536
2 0.7007211538461539 0.47596153846153844 0.036057692307692304 0.1346153846153846
2 0.6634615384615384 0.47475961538461536 0.037259615384615384 0.14903846153846154
2 0.46153846153846156 0.46875 0.02403846153846154 0.08173076923076923
2 0.43028846153846156 0.4723557692307692 0.027644230769230768 0.078125
2 0.25721153846153844 0.5024038461538461 0.056490384615384616 0.2127403846153846
2 0.35216346153846156 0.46274038461538464 0.010817307692307692 0.027644230769230768
2 0.36658653846153844 0.46153846153846156 0.014423076923076924 0.025240384615384616
2 0.17307692307692307 0.48197115384615385 0.020432692307692308 0.04447115384615385
2 0.12980769230769232 0.4879807692307692 0.021634615384615384 0.03125
2 0.11298076923076923 0.4891826923076923 0.02403846153846154 0.056490384615384616
2 0.5985576923076923 0.45913461538461536 0.019230769230769232 0.05889423076923077
2 0.5769230769230769 0.4579326923076923 0.020432692307692308 0.056490384615384616
2 0.6310096153846154 0.45072115384615385 0.020432692307692308 0.046875
2 0.6177884615384616 0.45552884615384615 0.019230769230769232 0.056490384615384616
1 0.7295673076923077 0.4579326923076923 0.03485576923076923 0.056490384615384616