1 0.9855769230769231 0.45552884615384615 0.02403846153846154 0.055288461538461536
2 0.9567307692307693 0.49759615384615385 0.03125 0.13822115384615385
1 0.9254807692307693 0.45552884615384615 0.026442307692307692 0.06610576923076923
2 0.8990384615384616 0.5096153846153846 0.027644230769230768 0.140625
2 0.8822115384615384 0.4855769230769231 0.019230769230769232 0.12259615384615384
2 0.8641826923076923 0.48197115384615385 0.027644230769230768 0.1346153846153846
1 0.8377403846153846 0.453125 0.030048076923076924 0.05889423076923077
1 0.8112980769230769 0.44350961538461536 0.021634615384615384 0.06610576923076923
2 0.7980769230769231 0.4795673076923077 0.020432692307692308 0.09975961538461539
2 0.7800480769230769 0.44471153846153844 0.020432692307692308 0.056490384615384616
2 0.7620192307692307 0.4831730769230769 0.030048076923076924 0.10697115384615384
2 0.7487980769230769 0.43028846153846156 0.020432692307692308 0.046875
2 0.7283653846153846 0.4723557692307692 0.02403846153846154 0.08173076923076923
2 0.6947115384615384 0.4735576923076923 0.02403846153846154 0.08774038461538461
1 0.20552884615384615 0.4891826923076923 0.11057692307692307 0.09975961538461539