1 0.9230769230769231 0.515625 0.14903846153846154 0.14423076923076922
2 0.7884615384615384 0.5240384615384616 0.025240384615384616 0.1310096153846154
1 0.8221153846153846 0.4963942307692308 0.04326923076923077 0.08173076923076923
1 0.734375 0.4963942307692308 0.078125 0.078125
1 0.7067307692307693 0.4723557692307692 0.08653846153846154 0.06610576923076923
1 0.03125 0.6069711538461539 0.0625 0.23197115384615385
1 0.11177884615384616 0.5757211538461539 0.16105769230769232 0.16346153846153846
1 0.18990384615384615 0.5324519230769231 0.12379807692307693 0.1310096153846154
1 0.2704326923076923 0.5168269230769231 0.08774038461538461 0.08774038461538461
1 0.28725961538461536 0.4879807692307692 0.07932692307692307 0.09375
1 0.3786057692307692 0.46153846153846156 0.04326923076923077 0.05048076923076923
1 0.40024038461538464 0.45072115384615385 0.037259615384615384 0.037259615384615384
1 0.5012019230769231 0.4375 0.027644230769230768 0.027644230769230768