2 0.8557692307692307 0.46634615384615385 0.02403846153846154 0.06610576923076923
1 0.8894230769230769 0.5805288461538461 0.21754807692307693 0.1658653846153846
1 0.9747596153846154 0.6850961538461539 0.04807692307692308 0.1971153846153846
1 0.6177884615384616 0.4699519230769231 0.036057692307692304 0.040865384615384616
1 0.5408653846153846 0.4567307692307692 0.03485576923076923 0.03485576923076923
2 0.40024038461538464 0.4519230769230769 0.021634615384615384 0.052884615384615384
2 0.18269230769230768 0.44591346153846156 0.025240384615384616 0.07572115384615384
2 0.15985576923076922 0.44471153846153844 0.020432692307692308 0.078125
2 0.4254807692307692 0.45072115384615385 0.02403846153846154 0.04447115384615385
2 0.9855769230769231 0.45552884615384615 0.019230769230769232 0.03365384615384615
2 0.8221153846153846 0.46634615384615385 0.025240384615384616 0.05889423076923077
2 0.7067307692307693 0.46153846153846156 0.019230769230769232 0.04447115384615385
1 0.6009615384615384 0.46153846153846156 0.019230769230769232 0.03365384615384615
1 0.5925480769230769 0.45552884615384615 0.02403846153846154 0.03485576923076923
1 0.5817307692307693 0.4543269230769231 0.019230769230769232 0.025240384615384616
2 0.28725961538461536 0.4483173076923077 0.021634615384615384 0.04447115384615385
2 0.09495192307692307 0.43509615384615385 0.025240384615384616 0.055288461538461536
2 0.31971153846153844 0.4495192307692308 0.020432692307692308 0.038461538461538464
2 0.33413461538461536 0.4423076923076923 0.020432692307692308 0.025240384615384616