2 0.8954326923076923 0.5336538461538461 0.046875 0.19110576923076922
1 0.5829326923076923 0.546875 0.12860576923076922 0.11778846153846154
1 0.47836538461538464 0.5096153846153846 0.040865384615384616 0.04326923076923077
1 0.4579326923076923 0.4987980769230769 0.021634615384615384 0.025240384615384616
1 0.44471153846153844 0.49399038461538464 0.015625 0.019230769230769232
1 0.4074519230769231 0.49399038461538464 0.016826923076923076 0.019230769230769232
1 0.39302884615384615 0.48677884615384615 0.010817307692307692 0.015625
1 0.34615384615384615 0.5060096153846154 0.055288461538461536 0.07451923076923077
1 0.34134615384615385 0.515625 0.036057692307692304 0.055288461538461536
1 0.31490384615384615 0.5240384615384616 0.055288461538461536 0.0625
1 0.20673076923076922 0.5024038461538461 0.056490384615384616 0.046875
1 0.2536057692307692 0.5288461538461539 0.09975961538461539 0.09735576923076923
1 0.10336538461538461 0.5612980769230769 0.20673076923076922 0.18509615384615385