1 0.8882211538461539 0.6694711538461539 0.21754807692307693 0.26322115384615385
1 0.7752403846153846 0.5793269230769231 0.15985576923076922 0.15865384615384615
1 0.7007211538461539 0.515625 0.14182692307692307 0.14423076923076922
1 0.6370192307692307 0.49158653846153844 0.0733173076923077 0.08774038461538461
1 0.5480769230769231 0.4795673076923077 0.07692307692307693 0.10336538461538461
1 0.3870192307692308 0.4855769230769231 0.0625 0.07572115384615384
2 0.4699519230769231 0.4807692307692308 0.019230769230769232 0.06971153846153846
2 0.33774038461538464 0.5144230769230769 0.03485576923076923 0.09615384615384616
1 0.30649038461538464 0.5144230769230769 0.04807692307692308 0.08413461538461539
1 0.21514423076923078 0.5588942307692307 0.1658653846153846 0.14423076923076922
1 0.051682692307692304 0.6418269230769231 0.10336538461538461 0.20072115384615385
1 0.9807692307692307 0.4831730769230769 0.03245192307692308 0.06850961538461539
1 0.7848557692307693 0.47115384615384615 0.051682692307692304 0.05889423076923077
1 0.8545673076923077 0.4639423076923077 0.0625 0.07211538461538461
1 0.8689903846153846 0.48197115384615385 0.03125 0.055288461538461536
1 0.46033653846153844 0.45552884615384615 0.026442307692307692 0.028846153846153848
1 0.484375 0.45072115384615385 0.021634615384615384 0.037259615384615384
1 0.5060096153846154 0.45552884615384615 0.027644230769230768 0.03485576923076923
1 0.07091346153846154 0.4807692307692308 0.07932692307692307 0.05048076923076923
1 0.038461538461538464 0.48197115384615385 0.07692307692307693 0.05889423076923077
1 0.40865384615384615 0.47115384615384615 0.051682692307692304 0.05889423076923077