1 0.8317307692307693 0.47596153846153844 0.030048076923076924 0.05889423076923077
1 0.8112980769230769 0.46634615384615385 0.05889423076923077 0.06490384615384616
1 0.9254807692307693 0.44591346153846156 0.140625 0.13822115384615385
1 0.9495192307692307 0.48677884615384615 0.09735576923076923 0.12139423076923077
2 0.6838942307692307 0.46634615384615385 0.030048076923076924 0.11778846153846154
2 0.6274038461538461 0.46634615384615385 0.020432692307692308 0.08653846153846154
2 0.6021634615384616 0.46153846153846156 0.026442307692307692 0.09375
2 0.22115384615384615 0.4879807692307692 0.030048076923076924 0.078125
2 0.19591346153846154 0.49759615384615385 0.026442307692307692 0.06610576923076923
2 0.16947115384615385 0.48197115384615385 0.020432692307692308 0.046875
2 0.37740384615384615 0.46153846153846156 0.014423076923076924 0.025240384615384616
2 0.4074519230769231 0.46153846153846156 0.014423076923076924 0.025240384615384616
2 0.12740384615384615 0.48677884615384615 0.020432692307692308 0.028846153846153848
1 0.7307692307692307 0.46634615384615385 0.03485576923076923 0.0625