2 0.5528846153846154 0.49278846153846156 0.025240384615384616 0.09975961538461539
2 0.5817307692307693 0.47836538461538464 0.027644230769230768 0.09375
2 0.6153846153846154 0.5084134615384616 0.0625 0.1502403846153846
1 0.037259615384615384 0.5649038461538461 0.07451923076923077 0.16947115384615385
1 0.24278846153846154 0.5120192307692307 0.12980769230769232 0.109375
1 0.24158653846153846 0.4543269230769231 0.07692307692307693 0.056490384615384616
1 0.3245192307692308 0.49278846153846156 0.06971153846153846 0.07572115384615384
1 0.3894230769230769 0.47596153846153844 0.055288461538461536 0.052884615384615384
1 0.6754807692307693 0.5216346153846154 0.0985576923076923 0.09735576923076923
1 0.7788461538461539 0.5576923076923077 0.16105769230769232 0.2247596153846154
1 0.8774038461538461 0.6382211538461539 0.23557692307692307 0.39903846153846156
1 0.46875 0.4579326923076923 0.025240384615384616 0.03365384615384615
1 0.43149038461538464 0.46274038461538464 0.03125 0.04326923076923077