1 0.25240384615384615 0.45913461538461536 0.08653846153846154 0.05889423076923077
1 0.15264423076923078 0.4579326923076923 0.05889423076923077 0.06490384615384616
1 0.04807692307692308 0.4579326923076923 0.09375 0.08413461538461539
1 0.6105769230769231 0.4855769230769231 0.055288461538461536 0.052884615384615384
1 0.5396634615384616 0.46153846153846156 0.03245192307692308 0.03125
1 0.875 0.5733173076923077 0.2439903846153846 0.27884615384615385
1 0.7572115384615384 0.5384615384615384 0.109375 0.15384615384615385
1 0.6995192307692307 0.5192307692307693 0.08774038461538461 0.10576923076923077
2 0.38341346153846156 0.45913461538461536 0.020432692307692308 0.055288461538461536
1 0.28365384615384615 0.453125 0.0673076923076923 0.055288461538461536
1 0.16826923076923078 0.4495192307692308 0.07211538461538461 0.06971153846153846
1 0.06971153846153846 0.45072115384615385 0.09375 0.08774038461538461
1 0.4831730769230769 0.45552884615384615 0.025240384615384616 0.02403846153846154
1 0.6045673076923077 0.47115384615384615 0.04326923076923077 0.046875
1 0.5841346153846154 0.4699519230769231 0.02403846153846154 0.040865384615384616
1 0.6574519230769231 0.5060096153846154 0.06850961538461539 0.09014423076923077