1 0.06850961538461539 0.6177884615384616 0.13581730769230768 0.20072115384615385
1 0.15144230769230768 0.5625 0.12139423076923077 0.16826923076923078
2 0.22355769230769232 0.5492788461538461 0.0625 0.1658653846153846
1 0.38822115384615385 0.47596153846153844 0.057692307692307696 0.06490384615384616
1 0.5817307692307693 0.47596153846153844 0.04807692307692308 0.056490384615384616
1 0.6129807692307693 0.49759615384615385 0.057692307692307696 0.06850961538461539
1 0.6514423076923077 0.5180288461538461 0.09735576923076923 0.09615384615384616
1 0.6682692307692307 0.5420673076923077 0.0985576923076923 0.12740384615384615
1 0.7620192307692307 0.578125 0.23076923076923078 0.20673076923076922
1 0.859375 0.7139423076923077 0.27163461538461536 0.31850961538461536
1 0.24879807692307693 0.4483173076923077 0.11298076923076923 0.07572115384615384
1 0.32211538461538464 0.46153846153846156 0.04567307692307692 0.03485576923076923
1 0.3317307692307692 0.4483173076923077 0.052884615384615384 0.040865384615384616
1 0.45552884615384615 0.44711538461538464 0.02403846153846154 0.02403846153846154
1 0.5060096153846154 0.4387019230769231 0.021634615384615384 0.025240384615384616
1 0.5552884615384616 0.45552884615384615 0.036057692307692304 0.038461538461538464
0 0.2127403846153846 0.5973557692307693 0.04567307692307692 0.109375