2 0.7932692307692307 0.4855769230769231 0.026442307692307692 0.09975961538461539
2 0.7644230769230769 0.484375 0.03245192307692308 0.11778846153846154
2 0.7295673076923077 0.484375 0.03125 0.10096153846153846
1 0.625 0.4579326923076923 0.12139423076923077 0.06490384615384616
1 0.4951923076923077 0.4483173076923077 0.027644230769230768 0.028846153846153848
1 0.43509615384615385 0.43028846153846156 0.02403846153846154 0.02403846153846154
1 0.41346153846153844 0.4519230769230769 0.03245192307692308 0.03365384615384615
1 0.3629807692307692 0.47115384615384615 0.051682692307692304 0.05048076923076923
1 0.2860576923076923 0.47115384615384615 0.056490384615384616 0.052884615384615384
1 0.20793269230769232 0.47836538461538464 0.06610576923076923 0.06971153846153846
1 0.1310096153846154 0.48677884615384615 0.1045673076923077 0.07572115384615384
1 0.03365384615384615 0.47115384615384615 0.0673076923076923 0.18509615384615385