1 0.8966346153846154 0.6370192307692307 0.19951923076923078 0.2932692307692308
1 0.9254807692307693 0.5 0.13581730769230768 0.10096153846153846
1 0.7463942307692307 0.4831730769230769 0.056490384615384616 0.07211538461538461
2 0.6911057692307693 0.47836538461538464 0.02403846153846154 0.06971153846153846
1 0.5841346153846154 0.4639423076923077 0.027644230769230768 0.03365384615384615
1 0.5060096153846154 0.4651442307692308 0.026442307692307692 0.04326923076923077
1 0.47475961538461536 0.46634615384615385 0.036057692307692304 0.046875
1 0.4387019230769231 0.47115384615384615 0.05889423076923077 0.06850961538461539
1 0.3894230769230769 0.47716346153846156 0.06610576923076923 0.07572115384615384
1 0.36177884615384615 0.49278846153846156 0.06971153846153846 0.09014423076923077
1 0.09615384615384616 0.546875 0.19230769230769232 0.18028846153846154
1 0.027644230769230768 0.5961538461538461 0.051682692307692304 0.15625
1 0.11538461538461539 0.45072115384615385 0.1346153846153846 0.056490384615384616
1 0.2548076923076923 0.4987980769230769 0.16826923076923078 0.16947115384615385
1 0.7956730769230769 0.4879807692307692 0.08774038461538461 0.06610576923076923
1 0.8197115384615384 0.49278846153846156 0.07451923076923077 0.06850961538461539
1 0.8425480769230769 0.49759615384615385 0.08653846153846154 0.08774038461538461
2 0.5276442307692307 0.46153846153846156 0.014423076923076924 0.038461538461538464
2 0.5408653846153846 0.46153846153846156 0.019230769230769232 0.037259615384615384
2 0.6045673076923077 0.46033653846153844 0.015625 0.028846153846153848