1 0.08173076923076923 0.5600961538461539 0.15985576923076922 0.22596153846153846
1 0.1935096153846154 0.5240384615384616 0.14423076923076922 0.1502403846153846
1 0.38341346153846156 0.48677884615384615 0.06129807692307692 0.07572115384615384
1 0.4074519230769231 0.47716346153846156 0.052884615384615384 0.07211538461538461
1 0.4483173076923077 0.4723557692307692 0.046875 0.0625
1 0.484375 0.47115384615384615 0.03125 0.037259615384615384
1 0.8689903846153846 0.5925480769230769 0.25 0.2247596153846154
2 0.6862980769230769 0.47716346153846156 0.019230769230769232 0.06490384615384616
1 0.5865384615384616 0.4651442307692308 0.03245192307692308 0.038461538461538464
1 0.5096153846153846 0.46875 0.025240384615384616 0.03125
2 0.5336538461538461 0.46153846153846156 0.014423076923076924 0.03485576923076923
2 0.546875 0.46153846153846156 0.01201923076923077 0.03485576923076923
2 0.6081730769230769 0.46033653846153844 0.01201923076923077 0.028846153846153848
1 0.8858173076923077 0.4699519230769231 0.10336538461538461 0.040865384615384616
1 0.8269230769230769 0.48677884615384615 0.11057692307692307 0.078125
1 0.7740384615384616 0.4879807692307692 0.06850961538461539 0.0625
1 0.7379807692307693 0.47836538461538464 0.056490384615384616 0.06610576923076923
1 0.296875 0.49759615384615385 0.140625 0.1310096153846154