2 0.7427884615384616 0.515625 0.08413461538461539 0.24639423076923078
1 0.7932692307692307 0.4987980769230769 0.042067307692307696 0.11899038461538461
1 0.9050480769230769 0.5048076923076923 0.04326923076923077 0.10336538461538461
2 0.8341346153846154 0.515625 0.06610576923076923 0.234375
2 0.8725961538461539 0.5144230769230769 0.036057692307692304 0.20072115384615385
1 0.4182692307692308 0.48197115384615385 0.078125 0.09134615384615384
1 0.3425480769230769 0.46153846153846156 0.027644230769230768 0.03365384615384615
1 0.31850961538461536 0.47596153846153844 0.040865384615384616 0.03485576923076923
2 0.9447115384615384 0.5625 0.036057692307692304 0.14423076923076922
1 0.14182692307692307 0.4795673076923077 0.055288461538461536 0.052884615384615384
1 0.03245192307692308 0.484375 0.06490384615384616 0.0985576923076923
2 0.9543269230769231 0.5264423076923077 0.037259615384615384 0.1935096153846154
2 0.9699519230769231 0.5528846153846154 0.057692307692307696 0.19110576923076922