1 0.8990384615384616 0.7872596153846154 0.19831730769230768 0.375
2 0.1346153846153846 0.5396634615384616 0.04326923076923077 0.12740384615384615
2 0.15504807692307693 0.484375 0.02403846153846154 0.08653846153846154
2 0.17668269230769232 0.48197115384615385 0.021634615384615384 0.07211538461538461
2 0.20072115384615385 0.47716346153846156 0.020432692307692308 0.07211538461538461
2 0.3786057692307692 0.5600961538461539 0.06129807692307692 0.1935096153846154
2 0.5264423076923077 0.5324519230769231 0.046875 0.1814903846153846
0 0.38100961538461536 0.609375 0.037259615384615384 0.109375
0 0.1346153846153846 0.5745192307692307 0.027644230769230768 0.07451923076923077
1 0.2932692307692308 0.48197115384615385 0.0673076923076923 0.056490384615384616
1 0.42788461538461536 0.45552884615384615 0.027644230769230768 0.037259615384615384
1 0.3317307692307692 0.47596153846153844 0.02403846153846154 0.04447115384615385
1 0.3401442307692308 0.4735576923076923 0.020432692307692308 0.040865384615384616
1 0.49399038461538464 0.47115384615384615 0.026442307692307692 0.05048076923076923