1 0.47115384615384615 0.546875 0.14543269230769232 0.15264423076923078
1 0.41947115384615385 0.4879807692307692 0.04807692307692308 0.05048076923076923
2 0.5612980769230769 0.5036057692307693 0.026442307692307692 0.078125
2 0.7872596153846154 0.5324519230769231 0.037259615384615384 0.15384615384615385
2 0.8449519230769231 0.5264423076923077 0.046875 0.1622596153846154
2 0.9278846153846154 0.5769230769230769 0.056490384615384616 0.1778846153846154
2 0.9759615384615384 0.5721153846153846 0.04326923076923077 0.16826923076923078
2 0.9579326923076923 0.49759615384615385 0.03485576923076923 0.06971153846153846
2 0.625 0.484375 0.01201923076923077 0.05048076923076923
2 0.6358173076923077 0.48677884615384615 0.01201923076923077 0.046875
2 0.7560096153846154 0.4855769230769231 0.019230769230769232 0.040865384615384616