1 0.06971153846153846 0.546875 0.13701923076923078 0.23076923076923078
1 0.16826923076923078 0.5216346153846154 0.10336538461538461 0.14423076923076922
1 0.30649038461538464 0.4807692307692308 0.10576923076923077 0.09735576923076923
1 0.3641826923076923 0.47596153846153844 0.037259615384615384 0.06490384615384616
1 0.40024038461538464 0.4699519230769231 0.037259615384615384 0.04447115384615385
1 0.41466346153846156 0.45552884615384615 0.042067307692307696 0.046875
1 0.7007211538461539 0.5300480769230769 0.15745192307692307 0.1466346153846154
1 0.5108173076923077 0.4543269230769231 0.04326923076923077 0.040865384615384616
2 0.5408653846153846 0.46634615384615385 0.021634615384615384 0.06009615384615385
2 0.5576923076923077 0.46634615384615385 0.025240384615384616 0.078125
2 0.4423076923076923 0.4543269230769231 0.019230769230769232 0.04447115384615385
1 0.5901442307692307 0.4639423076923077 0.03485576923076923 0.056490384615384616
1 0.6237980769230769 0.47716346153846156 0.0733173076923077 0.08774038461538461
1 0.37259615384615385 0.46634615384615385 0.042067307692307696 0.0625
1 0.8185096153846154 0.49278846153846156 0.06850961538461539 0.078125
1 0.9086538461538461 0.5048076923076923 0.0673076923076923 0.11538461538461539
1 0.7439903846153846 0.44471153846153844 0.08173076923076923 0.03125
2 0.47836538461538464 0.45552884615384615 0.014423076923076924 0.037259615384615384
2 0.46875 0.4543269230769231 0.009615384615384616 0.04447115384615385
2 0.4567307692307692 0.46153846153846156 0.01201923076923077 0.046875