2 0.7091346153846154 0.5048076923076923 0.03125 0.09134615384615384
2 0.6850961538461539 0.4879807692307692 0.030048076923076924 0.11298076923076923
2 0.6610576923076923 0.4879807692307692 0.027644230769230768 0.10576923076923077
1 0.49038461538461536 0.4651442307692308 0.04567307692307692 0.04326923076923077
1 0.44350961538461536 0.47115384615384615 0.03125 0.03365384615384615
2 0.4206730769230769 0.46153846153846156 0.010817307692307692 0.03125
2 0.3449519230769231 0.45072115384615385 0.015625 0.028846153846153848
0 0.34375 0.47596153846153844 0.009615384615384616 0.021634615384615384
1 0.29447115384615385 0.46634615384615385 0.02403846153846154 0.040865384615384616
1 0.2620192307692308 0.4675480769230769 0.04567307692307692 0.06009615384615385
1 0.18509615384615385 0.4723557692307692 0.10817307692307693 0.09375
1 0.12740384615384615 0.46274038461538464 0.026442307692307692 0.03485576923076923
1 0.06370192307692307 0.47836538461538464 0.12620192307692307 0.1875