2 0.6286057692307693 0.4699519230769231 0.025240384615384616 0.10336538461538461
2 0.6502403846153846 0.4639423076923077 0.026442307692307692 0.12259615384615384
2 0.90625 0.4879807692307692 0.07451923076923077 0.24639423076923078
2 0.16826923076923078 0.48677884615384615 0.016826923076923076 0.055288461538461536
1 0.8076923076923077 0.4651442307692308 0.05889423076923077 0.08653846153846154
1 0.9627403846153846 0.4891826923076923 0.06971153846153846 0.12740384615384615
2 0.6117788461538461 0.46033653846153844 0.020432692307692308 0.056490384615384616
2 0.38100961538461536 0.46274038461538464 0.01201923076923077 0.03485576923076923
2 0.6766826923076923 0.42908653846153844 0.019230769230769232 0.025240384615384616
1 0.7259615384615384 0.45913461538461536 0.037259615384615384 0.05889423076923077
2 0.12860576923076922 0.49038461538461536 0.021634615384615384 0.03125