2 0.5612980769230769 0.4891826923076923 0.027644230769230768 0.08774038461538461
1 0.7800480769230769 0.4855769230769231 0.09014423076923077 0.10336538461538461
1 0.8461538461538461 0.5180288461538461 0.11778846153846154 0.11778846153846154
1 0.48677884615384615 0.45072115384615385 0.036057692307692304 0.03365384615384615
1 0.6081730769230769 0.49158653846153844 0.06971153846153846 0.07211538461538461
1 0.28725961538461536 0.5132211538461539 0.1045673076923077 0.08774038461538461
1 0.3473557692307692 0.4879807692307692 0.052884615384615384 0.06971153846153846
1 0.18629807692307693 0.5492788461538461 0.11778846153846154 0.11538461538461539
1 0.09975961538461539 0.5997596153846154 0.1935096153846154 0.18389423076923078
0 0.5625 0.5384615384615384 0.021634615384615384 0.052884615384615384
1 0.3786057692307692 0.4831730769230769 0.027644230769230768 0.04447115384615385
1 0.4026442307692308 0.47115384615384615 0.026442307692307692 0.03485576923076923