0 0.5576923076923077 0.5444711538461539 0.021634615384615384 0.07211538461538461
0 0.38341346153846156 0.48677884615384615 0.020432692307692308 0.040865384615384616
2 0.5576923076923077 0.49759615384615385 0.03125 0.109375
2 0.38221153846153844 0.47115384615384615 0.020432692307692308 0.0625
1 0.5228365384615384 0.4639423076923077 0.04567307692307692 0.04447115384615385
1 0.3161057692307692 0.48677884615384615 0.06850961538461539 0.07451923076923077
1 0.23918269230769232 0.5216346153846154 0.08413461538461539 0.09014423076923077
1 0.16466346153846154 0.5516826923076923 0.12379807692307693 0.1346153846153846
1 0.07451923076923077 0.5973557692307693 0.14903846153846154 0.19471153846153846
1 0.9591346153846154 0.5516826923076923 0.078125 0.11899038461538461
1 0.8317307692307693 0.5024038461538461 0.0829326923076923 0.08653846153846154
1 0.7764423076923077 0.4963942307692308 0.08413461538461539 0.09735576923076923
1 0.6262019230769231 0.4963942307692308 0.10576923076923077 0.09735576923076923
1 0.9302884615384616 0.49278846153846156 0.1346153846153846 0.109375
1 0.6850961538461539 0.46634615384615385 0.036057692307692304 0.07451923076923077