2 0.8894230769230769 0.47596153846153844 0.015625 0.08413461538461539
2 0.8149038461538461 0.48677884615384615 0.030048076923076924 0.11538461538461539
0 0.31971153846153844 0.515625 0.021634615384615384 0.04326923076923077
0 0.20673076923076922 0.5192307692307693 0.04326923076923077 0.046875
2 0.21995192307692307 0.4579326923076923 0.014423076923076924 0.040865384615384616
1 0.6117788461538461 0.5961538461538461 0.4050480769230769 0.35697115384615385
2 0.9026442307692307 0.4735576923076923 0.019230769230769232 0.08774038461538461
1 0.421875 0.4651442307692308 0.015625 0.02403846153846154
1 0.4110576923076923 0.4699519230769231 0.019230769230769232 0.025240384615384616
1 0.3954326923076923 0.47475961538461536 0.021634615384615384 0.03125
2 0.3233173076923077 0.47475961538461536 0.021634615384615384 0.04326923076923077
2 0.21153846153846154 0.46875 0.021634615384615384 0.046875
2 0.19110576923076922 0.46875 0.019230769230769232 0.05889423076923077
2 0.15745192307692307 0.46875 0.021634615384615384 0.0625
2 0.13701923076923078 0.47115384615384615 0.020432692307692308 0.06490384615384616
2 0.09735576923076923 0.4519230769230769 0.020432692307692308 0.040865384615384616
2 0.07451923076923077 0.4543269230769231 0.019230769230769232 0.03365384615384615