1 0.8990384615384616 0.44711538461538464 0.02403846153846154 0.02403846153846154
1 0.8317307692307693 0.45072115384615385 0.03125 0.027644230769230768
1 0.7259615384615384 0.45913461538461536 0.03485576923076923 0.03485576923076923
1 0.6814903846153846 0.4579326923076923 0.06850961538461539 0.052884615384615384
2 0.5192307692307693 0.4807692307692308 0.030048076923076924 0.125
1 0.49278846153846156 0.45072115384615385 0.026442307692307692 0.027644230769230768
1 0.4651442307692308 0.45072115384615385 0.025240384615384616 0.027644230769230768
2 0.44711538461538464 0.45072115384615385 0.020432692307692308 0.037259615384615384
1 0.32211538461538464 0.453125 0.06850961538461539 0.04326923076923077
1 0.2848557692307692 0.4579326923076923 0.09014423076923077 0.03365384615384615
1 0.18028846153846154 0.4543269230769231 0.14423076923076922 0.056490384615384616
1 0.09975961538461539 0.4639423076923077 0.12139423076923077 0.052884615384615384
1 0.7932692307692307 0.45072115384615385 0.037259615384615384 0.038461538461538464
1 0.7572115384615384 0.4567307692307692 0.02403846153846154 0.04326923076923077
2 0.9519230769230769 0.4831730769230769 0.014423076923076924 0.052884615384615384
2 0.9411057692307693 0.4795673076923077 0.015625 0.052884615384615384