1 0.12379807692307693 0.703125 0.24759615384615385 0.43028846153846156
1 0.2283653846153846 0.5348557692307693 0.0829326923076923 0.08653846153846154
1 0.2644230769230769 0.5132211538461539 0.08413461538461539 0.078125
1 0.3713942307692308 0.4831730769230769 0.055288461538461536 0.056490384615384616
1 0.4026442307692308 0.46875 0.030048076923076924 0.038461538461538464
2 0.33533653846153844 0.4963942307692308 0.030048076923076924 0.08653846153846154
1 0.859375 0.7367788461538461 0.27163461538461536 0.35096153846153844
1 0.71875 0.5913461538461539 0.1935096153846154 0.1814903846153846
1 0.6634615384615384 0.53125 0.11778846153846154 0.125
1 0.640625 0.5060096153846154 0.09975961538461539 0.12139423076923077
2 0.5060096153846154 0.4675480769230769 0.025240384615384616 0.056490384615384616
2 0.3076923076923077 0.5060096153846154 0.040865384615384616 0.06610576923076923
0 0.33413461538461536 0.5252403846153846 0.020432692307692308 0.0625
1 0.4182692307692308 0.46274038461538464 0.027644230769230768 0.03485576923076923
2 0.4338942307692308 0.4543269230769231 0.019230769230769232 0.037259615384615384
1 0.5120192307692307 0.45552884615384615 0.042067307692307696 0.040865384615384616
1 0.7668269230769231 0.4495192307692308 0.09735576923076923 0.038461538461538464
1 0.7043269230769231 0.4483173076923077 0.040865384615384616 0.037259615384615384
1 0.5745192307692307 0.4639423076923077 0.051682692307692304 0.06850961538461539
1 0.5901442307692307 0.48677884615384615 0.037259615384615384 0.06490384615384616