2 0.9122596153846154 0.5697115384615384 0.171875 0.5408653846153846
2 0.44471153846153844 0.4831730769230769 0.025240384615384616 0.08774038461538461
2 0.41225961538461536 0.48197115384615385 0.026442307692307692 0.09375
2 0.3737980769230769 0.48197115384615385 0.03245192307692308 0.09975961538461539
1 0.8016826923076923 0.5240384615384616 0.12860576923076922 0.18990384615384615
1 0.7836538461538461 0.49399038461538464 0.18629807692307693 0.19110576923076922
1 0.6706730769230769 0.5024038461538461 0.09495192307692307 0.12740384615384615
1 0.6442307692307693 0.4879807692307692 0.14423076923076922 0.13221153846153846
1 0.5372596153846154 0.4891826923076923 0.1045673076923077 0.08774038461538461
1 0.5192307692307693 0.47716346153846156 0.12139423076923077 0.09134615384615384
1 0.25600961538461536 0.46634615384615385 0.052884615384615384 0.03485576923076923
1 0.11298076923076923 0.43149038461538464 0.06610576923076923 0.055288461538461536
1 0.12620192307692307 0.47716346153846156 0.10096153846153846 0.07572115384615384
1 0.07211538461538461 0.5024038461538461 0.14182692307692307 0.13221153846153846
1 0.030048076923076924 0.5180288461538461 0.052884615384615384 0.140625
2 0.3401442307692308 0.4723557692307692 0.02403846153846154 0.046875
2 0.31009615384615385 0.46634615384615385 0.020432692307692308 0.04447115384615385
0 0.34134615384615385 0.49158653846153844 0.02403846153846154 0.025240384615384616
0 0.3125 0.4879807692307692 0.021634615384615384 0.027644230769230768