2 0.9026442307692307 0.4987980769230769 0.08173076923076923 0.30649038461538464
2 0.6430288461538461 0.46634615384615385 0.02403846153846154 0.07451923076923077
2 0.625 0.4651442307692308 0.025240384615384616 0.078125
2 0.5504807692307693 0.46274038461538464 0.02403846153846154 0.05048076923076923
2 0.16947115384615385 0.47836538461538464 0.02403846153846154 0.04326923076923077
2 0.12620192307692307 0.4879807692307692 0.019230769230769232 0.03125
2 0.11298076923076923 0.49158653846153844 0.019230769230769232 0.056490384615384616
1 0.8112980769230769 0.44471153846153844 0.056490384615384616 0.09014423076923077
1 0.9603365384615384 0.42427884615384615 0.06370192307692307 0.09014423076923077
1 0.9591346153846154 0.4951923076923077 0.06610576923076923 0.09134615384615384
2 0.36538461538461536 0.4639423076923077 0.015625 0.028846153846153848
2 0.37740384615384615 0.46153846153846156 0.010817307692307692 0.028846153846153848
1 0.7271634615384616 0.46153846153846156 0.036057692307692304 0.055288461538461536