2 0.18870192307692307 0.47596153846153844 0.030048076923076924 0.09375
2 0.1658653846153846 0.484375 0.03485576923076923 0.10576923076923077
2 0.13701923076923078 0.47115384615384615 0.02403846153846154 0.07211538461538461
2 0.11538461538461539 0.47115384615384615 0.027644230769230768 0.052884615384615384
2 0.5564903846153846 0.48677884615384615 0.026442307692307692 0.09375
2 0.5276442307692307 0.47716346153846156 0.02403846153846154 0.07572115384615384
2 0.5084134615384616 0.47716346153846156 0.020432692307692308 0.07211538461538461
2 0.6057692307692307 0.46875 0.02403846153846154 0.04326923076923077
2 0.7367788461538461 0.49158653846153844 0.02403846153846154 0.09134615384615384
1 0.07572115384615384 0.5432692307692307 0.15144230769230768 0.16346153846153846
1 0.3112980769230769 0.5240384615384616 0.2620192307692308 0.17548076923076922
1 0.4651442307692308 0.49759615384615385 0.078125 0.07572115384615384
1 0.6478365384615384 0.49278846153846156 0.10096153846153846 0.06850961538461539
1 0.9699519230769231 0.4879807692307692 0.04326923076923077 0.03485576923076923
2 0.056490384615384616 0.45072115384615385 0.03125 0.037259615384615384
2 0.028846153846153848 0.44471153846153844 0.026442307692307692 0.03365384615384615