1 0.27163461538461536 0.5276442307692307 0.4050480769230769 0.15625
1 0.32091346153846156 0.46274038461538464 0.057692307692307696 0.07451923076923077
1 0.6706730769230769 0.4831730769230769 0.07692307692307693 0.052884615384615384
1 0.7199519230769231 0.49759615384615385 0.03245192307692308 0.040865384615384616
1 0.7716346153846154 0.48677884615384615 0.08413461538461539 0.07572115384615384
1 0.7956730769230769 0.49759615384615385 0.06129807692307692 0.08774038461538461
1 0.8629807692307693 0.49038461538461536 0.11778846153846154 0.09735576923076923
1 0.9182692307692307 0.5120192307692307 0.10096153846153846 0.08653846153846154
1 0.6129807692307693 0.4699519230769231 0.040865384615384616 0.040865384615384616
1 0.6310096153846154 0.47596153846153844 0.042067307692307696 0.052884615384615384
1 0.359375 0.4699519230769231 0.03485576923076923 0.06009615384615385