0 0.9699519230769231 0.5540865384615384 0.057692307692307696 0.13822115384615385
0 0.8918269230769231 0.5793269230769231 0.08653846153846154 0.11538461538461539
0 0.5492788461538461 0.5697115384615384 0.0829326923076923 0.12860576923076922
0 0.4651442307692308 0.5889423076923077 0.0673076923076923 0.08413461538461539
0 0.3485576923076923 0.546875 0.046875 0.09735576923076923
0 0.30408653846153844 0.5576923076923077 0.03245192307692308 0.06850961538461539
0 0.21514423076923078 0.53125 0.026442307692307692 0.08653846153846154
0 0.28125 0.5024038461538461 0.027644230769230768 0.056490384615384616
0 0.16706730769230768 0.5336538461538461 0.027644230769230768 0.06610576923076923
1 0.5576923076923077 0.47596153846153844 0.0625 0.07451923076923077
1 0.17067307692307693 0.47836538461538464 0.07692307692307693 0.08653846153846154
1 0.04326923076923077 0.5024038461538461 0.08173076923076923 0.12259615384615384
2 0.9435096153846154 0.49759615384615385 0.10096153846153846 0.21153846153846154
2 0.5228365384615384 0.5096153846153846 0.0673076923076923 0.21875
2 0.32211538461538464 0.5024038461538461 0.055288461538461536 0.12740384615384615
2 0.22115384615384615 0.49278846153846156 0.036057692307692304 0.1346153846153846
1 0.390625 0.4699519230769231 0.03485576923076923 0.03365384615384615
2 0.16706730769230768 0.4795673076923077 0.05048076923076923 0.07572115384615384
2 0.2800480769230769 0.4675480769230769 0.03485576923076923 0.09134615384615384