2 0.14423076923076922 0.47115384615384615 0.03125 0.06490384615384616
2 0.7079326923076923 0.45552884615384615 0.03125 0.06850961538461539
2 0.6826923076923077 0.45552884615384615 0.027644230769230768 0.06610576923076923
2 0.6574519230769231 0.4567307692307692 0.026442307692307692 0.055288461538461536
1 0.9338942307692307 0.5108173076923077 0.12980769230769232 0.09975961538461539
1 0.3942307692307692 0.5240384615384616 0.19230769230769232 0.09375
1 0.5168269230769231 0.48197115384615385 0.042067307692307696 0.05889423076923077
1 0.26802884615384615 0.47475961538461536 0.057692307692307696 0.0625
1 0.20192307692307693 0.46634615384615385 0.0733173076923077 0.07451923076923077
2 0.5829326923076923 0.43149038461538464 0.019230769230769232 0.027644230769230768
2 0.5372596153846154 0.4387019230769231 0.020432692307692308 0.03365384615384615
1 0.40625 0.4651442307692308 0.04326923076923077 0.03125
1 0.38341346153846156 0.4543269230769231 0.036057692307692304 0.03365384615384615
1 0.36177884615384615 0.4567307692307692 0.026442307692307692 0.03125
2 0.12259615384615384 0.47596153846153844 0.020432692307692308 0.06850961538461539
1 0.5721153846153846 0.46033653846153844 0.06971153846153846 0.028846153846153848