2 0.6850961538461539 0.47115384615384615 0.020432692307692308 0.08173076923076923
2 0.6658653846153846 0.46634615384615385 0.016826923076923076 0.09014423076923077
2 0.6442307692307693 0.4735576923076923 0.025240384615384616 0.07211538461538461
1 0.5877403846153846 0.4519230769230769 0.09014423076923077 0.052884615384615384
1 0.49038461538461536 0.43990384615384615 0.027644230769230768 0.025240384615384616
1 0.4326923076923077 0.421875 0.021634615384615384 0.027644230769230768
1 0.4206730769230769 0.43509615384615385 0.026442307692307692 0.03365384615384615
1 0.3918269230769231 0.43509615384615385 0.021634615384615384 0.025240384615384616
1 0.3870192307692308 0.45072115384615385 0.03485576923076923 0.03485576923076923
1 0.19951923076923078 0.48197115384615385 0.171875 0.13822115384615385
1 0.30408653846153844 0.46033653846153844 0.03245192307692308 0.037259615384615384