0 0.1875 0.6298076923076923 0.046875 0.12740384615384615
2 0.19951923076923078 0.5600961538461539 0.06610576923076923 0.19471153846153846
1 0.35216346153846156 0.49278846153846156 0.06129807692307692 0.055288461538461536
1 0.040865384615384616 0.5360576923076923 0.08173076923076923 0.09975961538461539
1 0.9266826923076923 0.5024038461538461 0.14423076923076922 0.14423076923076922
1 0.8641826923076923 0.7391826923076923 0.265625 0.34134615384615385
2 0.6730769230769231 0.46153846153846156 0.019230769230769232 0.0625
2 0.6526442307692307 0.4579326923076923 0.021634615384615384 0.06009615384615385
2 0.6358173076923077 0.453125 0.021634615384615384 0.04326923076923077
0 0.8365384615384616 0.5204326923076923 0.046875 0.06850961538461539
2 0.5865384615384616 0.44471153846153844 0.010817307692307692 0.03485576923076923
2 0.5528846153846154 0.44711538461538464 0.01201923076923077 0.03485576923076923
2 0.22716346153846154 0.4735576923076923 0.02403846153846154 0.056490384615384616
2 0.2439903846153846 0.4723557692307692 0.021634615384615384 0.055288461538461536
1 0.28846153846153844 0.47115384615384615 0.040865384615384616 0.055288461538461536
1 0.4387019230769231 0.46634615384615385 0.02403846153846154 0.03365384615384615
1 0.4519230769230769 0.4735576923076923 0.030048076923076924 0.028846153846153848
1 0.4098557692307692 0.46153846153846156 0.025240384615384616 0.02403846153846154
1 0.03125 0.484375 0.0625 0.055288461538461536