2 0.8485576923076923 0.46153846153846156 0.027644230769230768 0.11298076923076923
1 0.9050480769230769 0.4879807692307692 0.08413461538461539 0.06610576923076923
1 0.8064903846153846 0.484375 0.038461538461538464 0.0625
1 0.7644230769230769 0.49038461538461536 0.03245192307692308 0.05048076923076923
1 0.7079326923076923 0.49399038461538464 0.05889423076923077 0.055288461538461536
2 0.4879807692307692 0.4026442307692308 0.030048076923076924 0.055288461538461536
1 0.5204326923076923 0.4963942307692308 0.1622596153846154 0.19110576923076922
1 0.2980769230769231 0.484375 0.020432692307692308 0.03125
1 0.2776442307692308 0.48677884615384615 0.025240384615384616 0.037259615384615384
1 0.25721153846153844 0.49038461538461536 0.038461538461538464 0.03125
1 0.12980769230769232 0.49759615384615385 0.20673076923076922 0.09975961538461539
1 0.4206730769230769 0.5600961538461539 0.28125 0.28846153846153844