1 0.3581730769230769 0.5745192307692307 0.15264423076923078 0.12860576923076922
1 0.42908653846153844 0.49038461538461536 0.04567307692307692 0.05048076923076923
1 0.46153846153846156 0.5324519230769231 0.078125 0.07572115384615384
2 0.7007211538461539 0.5132211538461539 0.03245192307692308 0.078125
1 0.6153846153846154 0.4699519230769231 0.026442307692307692 0.028846153846153848
0 0.6959134615384616 0.5504807692307693 0.026442307692307692 0.05048076923076923
2 0.5384615384615384 0.4699519230769231 0.014423076923076924 0.025240384615384616
1 0.46153846153846156 0.47596153846153844 0.020432692307692308 0.03485576923076923
2 0.3557692307692308 0.4723557692307692 0.019230769230769232 0.03125
2 0.33653846153846156 0.47115384615384615 0.019230769230769232 0.027644230769230768
2 0.31971153846153844 0.4699519230769231 0.020432692307692308 0.028846153846153848
2 0.010817307692307692 0.49038461538461536 0.021634615384615384 0.04326923076923077