2 0.7824519230769231 0.5012019230769231 0.09014423076923077 0.20552884615384615
1 0.5769230769230769 0.5024038461538461 0.078125 0.07572115384615384
1 0.5348557692307693 0.4987980769230769 0.027644230769230768 0.06009615384615385
1 0.5072115384615384 0.49278846153846156 0.030048076923076924 0.052884615384615384
1 0.44711538461538464 0.49278846153846156 0.026442307692307692 0.027644230769230768
1 0.41346153846153844 0.49278846153846156 0.03485576923076923 0.03365384615384615
1 0.38221153846153844 0.49158653846153844 0.026442307692307692 0.03365384615384615
1 0.3557692307692308 0.49278846153846156 0.02403846153846154 0.03365384615384615
1 0.3245192307692308 0.49278846153846156 0.03125 0.038461538461538464
1 0.2932692307692308 0.49399038461538464 0.03125 0.04326923076923077
1 0.2608173076923077 0.4963942307692308 0.03125 0.04326923076923077
1 0.23317307692307693 0.49399038461538464 0.025240384615384616 0.05048076923076923
1 0.21033653846153846 0.49278846153846156 0.03245192307692308 0.052884615384615384
1 0.17908653846153846 0.4963942307692308 0.04807692307692308 0.055288461538461536
1 0.11778846153846154 0.48677884615384615 0.07451923076923077 0.08173076923076923
1 0.06490384615384616 0.5408653846153846 0.12980769230769232 0.19951923076923078