2 0.6622596153846154 0.5072115384615384 0.05889423076923077 0.171875
2 0.7247596153846154 0.53125 0.05889423076923077 0.19110576923076922
0 0.7259615384615384 0.5901442307692307 0.042067307692307696 0.109375
0 0.6586538461538461 0.5649038461538461 0.026442307692307692 0.08774038461538461
1 0.7800480769230769 0.5372596153846154 0.0829326923076923 0.12139423076923077
1 0.9567307692307693 0.6802884615384616 0.08413461538461539 0.23076923076923078
1 0.04927884615384615 0.5552884615384616 0.09495192307692307 0.28365384615384615
1 0.3088942307692308 0.5072115384615384 0.13581730769230768 0.10096153846153846
1 0.3786057692307692 0.48677884615384615 0.06850961538461539 0.09735576923076923
1 0.4387019230769231 0.48197115384615385 0.051682692307692304 0.05048076923076923
1 0.46274038461538464 0.4699519230769231 0.042067307692307696 0.052884615384615384
1 0.6286057692307693 0.4831730769230769 0.026442307692307692 0.040865384615384616
1 0.515625 0.4675480769230769 0.025240384615384616 0.028846153846153848
1 0.5973557692307693 0.47115384615384615 0.019230769230769232 0.027644230769230768
1 0.13942307692307693 0.5 0.12980769230769232 0.10576923076923077