2 0.11778846153846154 0.4831730769230769 0.030048076923076924 0.056490384615384616
2 0.9435096153846154 0.48197115384615385 0.03125 0.06610576923076923
2 0.9807692307692307 0.49038461538461536 0.03245192307692308 0.05889423076923077
2 0.8293269230769231 0.4855769230769231 0.026442307692307692 0.056490384615384616
2 0.7824519230769231 0.48677884615384615 0.020432692307692308 0.05048076923076923
2 0.7644230769230769 0.48677884615384615 0.025240384615384616 0.056490384615384616
2 0.7427884615384616 0.4831730769230769 0.026442307692307692 0.052884615384615384
1 0.5721153846153846 0.5072115384615384 0.057692307692307696 0.0625
1 0.40865384615384615 0.5024038461538461 0.051682692307692304 0.05048076923076923
1 0.5324519230769231 0.4879807692307692 0.026442307692307692 0.03125
2 0.2644230769230769 0.48677884615384615 0.020432692307692308 0.04447115384615385
2 0.6995192307692307 0.49759615384615385 0.021634615384615384 0.06490384615384616
2 0.21514423076923078 0.49759615384615385 0.019230769230769232 0.06009615384615385