1 0.47836538461538464 0.5024038461538461 0.1502403846153846 0.14423076923076922
1 0.5697115384615384 0.48677884615384615 0.037259615384615384 0.046875
0 0.21153846153846154 0.5276442307692307 0.03125 0.05889423076923077
0 0.8016826923076923 0.5036057692307693 0.021634615384615384 0.109375
0 0.6586538461538461 0.49399038461538464 0.042067307692307696 0.08653846153846154
0 0.7223557692307693 0.49158653846153844 0.027644230769230768 0.08413461538461539
0 0.09134615384615384 0.5072115384615384 0.016826923076923076 0.056490384615384616
2 0.06129807692307692 0.4723557692307692 0.038461538461538464 0.12860576923076922
2 0.037259615384615384 0.47115384615384615 0.010817307692307692 0.11778846153846154
2 0.5925480769230769 0.4519230769230769 0.016826923076923076 0.052884615384615384
2 0.3173076923076923 0.46875 0.015625 0.055288461538461536
2 0.29927884615384615 0.4699519230769231 0.020432692307692308 0.04927884615384615
0 0.40024038461538464 0.4807692307692308 0.01201923076923077 0.03125
0 0.828125 0.5072115384615384 0.021634615384615384 0.10697115384615384
2 0.39783653846153844 0.4495192307692308 0.010817307692307692 0.03125
2 0.21153846153846154 0.46274038461538464 0.025240384615384616 0.06971153846153846
2 0.23317307692307693 0.46153846153846156 0.015625 0.05889423076923077
2 0.25721153846153844 0.46153846153846156 0.016826923076923076 0.055288461538461536
0 0.06009615384615385 0.5096153846153846 0.030048076923076924 0.05048076923076923
0 0.019230769230769232 0.5168269230769231 0.027644230769230768 0.052884615384615384