2 0.9495192307692307 0.4483173076923077 0.03485576923076923 0.07211538461538461
2 0.7848557692307693 0.4639423076923077 0.02403846153846154 0.07211538461538461
2 0.7848557692307693 0.47115384615384615 0.020432692307692308 0.05048076923076923
2 0.7584134615384616 0.4795673076923077 0.014423076923076924 0.025240384615384616
2 0.7331730769230769 0.47115384615384615 0.015625 0.03125
1 0.9038461538461539 0.6370192307692307 0.18870192307692307 0.33653846153846156
1 0.5252403846153846 0.48677884615384615 0.12620192307692307 0.14903846153846154
1 0.4543269230769231 0.5240384615384616 0.16826923076923078 0.1875
1 0.3449519230769231 0.5024038461538461 0.056490384615384616 0.07451923076923077
1 0.30288461538461536 0.4795673076923077 0.027644230769230768 0.03365384615384615
1 0.12139423076923077 0.4951923076923077 0.078125 0.08413461538461539
1 0.18629807692307693 0.49399038461538464 0.03125 0.038461538461538464
1 0.054086538461538464 0.5324519230769231 0.10817307692307693 0.14302884615384615
2 0.2403846153846154 0.49158653846153844 0.06129807692307692 0.17427884615384615