2 0.6814903846153846 0.46153846153846156 0.057692307692307696 0.09975961538461539
2 0.6033653846153846 0.4807692307692308 0.026442307692307692 0.125
2 0.5757211538461539 0.5036057692307693 0.020432692307692308 0.08173076923076923
2 0.5552884615384616 0.48197115384615385 0.021634615384615384 0.09735576923076923
2 0.53125 0.4807692307692308 0.021634615384615384 0.08653846153846154
1 0.5048076923076923 0.4675480769230769 0.025240384615384616 0.04447115384615385
1 0.46274038461538464 0.47596153846153844 0.025240384615384616 0.03365384615384615
1 0.43149038461538464 0.47475961538461536 0.03485576923076923 0.038461538461538464
1 0.390625 0.48677884615384615 0.06850961538461539 0.08653846153846154
1 0.34975961538461536 0.4675480769230769 0.021634615384615384 0.028846153846153848
1 0.3245192307692308 0.48197115384615385 0.057692307692307696 0.06490384615384616
1 0.24639423076923078 0.47596153846153844 0.09375 0.09975961538461539
1 0.13221153846153846 0.46634615384615385 0.037259615384615384 0.03485576923076923
1 0.0829326923076923 0.4675480769230769 0.03125 0.04447115384615385
1 0.03245192307692308 0.4723557692307692 0.037259615384615384 0.055288461538461536