2 0.6646634615384616 0.4375 0.020432692307692308 0.05889423076923077
2 0.6418269230769231 0.43990384615384615 0.015625 0.056490384615384616
2 0.6213942307692307 0.4387019230769231 0.019230769230769232 0.06009615384615385
2 0.6033653846153846 0.4411057692307692 0.015625 0.055288461538461536
1 0.4699519230769231 0.44471153846153844 0.027644230769230768 0.03485576923076923
1 0.4230769230769231 0.453125 0.03245192307692308 0.038461538461538464
1 0.3762019230769231 0.4567307692307692 0.06850961538461539 0.06610576923076923
1 0.28966346153846156 0.47115384615384615 0.13221153846153846 0.12259615384615384
1 0.21995192307692307 0.45552884615384615 0.03485576923076923 0.040865384615384616
1 0.16706730769230768 0.46033653846153844 0.05889423076923077 0.056490384615384616
1 0.016826923076923076 0.484375 0.03365384615384615 0.06490384615384616