2 0.9290865384615384 0.5276442307692307 0.036057692307692304 0.13221153846153846
2 0.9098557692307693 0.5144230769230769 0.019230769230769232 0.11899038461538461
2 0.8990384615384616 0.5240384615384616 0.021634615384615384 0.125
2 0.8689903846153846 0.5216346153846154 0.03125 0.12860576923076922
2 0.8425480769230769 0.5228365384615384 0.02403846153846154 0.12259615384615384
2 0.8088942307692307 0.5180288461538461 0.020432692307692308 0.08774038461538461
2 0.7824519230769231 0.5216346153846154 0.020432692307692308 0.109375
2 0.7608173076923077 0.5216346153846154 0.021634615384615384 0.09014423076923077
2 0.7439903846153846 0.5180288461538461 0.020432692307692308 0.078125
2 0.7247596153846154 0.5252403846153846 0.019230769230769232 0.09735576923076923
2 0.7115384615384616 0.5132211538461539 0.01201923076923077 0.06850961538461539
2 0.6995192307692307 0.5096153846153846 0.01201923076923077 0.06610576923076923
2 0.6658653846153846 0.4963942307692308 0.01201923076923077 0.0625
2 0.65625 0.4879807692307692 0.009615384615384616 0.05048076923076923
2 0.6490384615384616 0.4879807692307692 0.010817307692307692 0.05048076923076923
2 0.5901442307692307 0.48677884615384615 0.014423076923076924 0.05048076923076923
2 0.5685096153846154 0.4639423076923077 0.009615384615384616 0.028846153846153848
2 0.6334134615384616 0.49399038461538464 0.016826923076923076 0.05889423076923077
2 0.9759615384615384 0.5204326923076923 0.038461538461538464 0.1466346153846154
1 0.3858173076923077 0.46875 0.03125 0.03125
2 0.3870192307692308 0.48197115384615385 0.010817307692307692 0.028846153846153848
2 0.37740384615384615 0.48677884615384615 0.010817307692307692 0.040865384615384616
1 0.45552884615384615 0.46634615384615385 0.0733173076923077 0.02403846153846154
1 0.4050480769230769 0.5432692307692307 0.07211538461538461 0.11778846153846154
1 0.35697115384615385 0.4951923076923077 0.026442307692307692 0.052884615384615384
1 0.33413461538461536 0.49158653846153844 0.020432692307692308 0.040865384615384616
1 0.31009615384615385 0.49759615384615385 0.042067307692307696 0.05048076923076923
1 0.4963942307692308 0.5540865384615384 0.15625 0.15384615384615385
2 0.2283653846153846 0.49158653846153844 0.01201923076923077 0.052884615384615384
2 0.2091346153846154 0.49399038461538464 0.015625 0.055288461538461536
2 0.18629807692307693 0.4963942307692308 0.014423076923076924 0.05889423076923077
2 0.14302884615384615 0.48677884615384615 0.016826923076923076 0.037259615384615384
2 0.1346153846153846 0.48677884615384615 0.014423076923076924 0.03125
2 0.1045673076923077 0.5372596153846154 0.027644230769230768 0.07451923076923077
1 0.07211538461538461 0.5204326923076923 0.10336538461538461 0.08052884615384616
2 0.5348557692307693 0.46153846153846156 0.014423076923076924 0.028846153846153848
2 0.8004807692307693 0.45913461538461536 0.01201923076923077 0.03485576923076923
2 0.7379807692307693 0.46153846153846156 0.010817307692307692 0.028846153846153848
2 0.6790865384615384 0.4879807692307692 0.016826923076923076 0.0625
2 0.5564903846153846 0.4651442307692308 0.014423076923076924 0.027644230769230768
1 0.40625 0.46153846153846156 0.021634615384615384 0.02403846153846154
1 0.4375 0.4411057692307692 0.015625 0.019230769230769232