2 0.6899038461538461 0.5841346153846154 0.051682692307692304 0.24639423076923078
2 0.5661057692307693 0.5444711538461539 0.051682692307692304 0.1778846153846154
1 0.8245192307692307 0.6165865384615384 0.2439903846153846 0.24759615384615385
1 0.6033653846153846 0.47836538461538464 0.056490384615384616 0.05048076923076923
1 0.4375 0.4723557692307692 0.07211538461538461 0.07451923076923077
1 0.33413461538461536 0.4951923076923077 0.0673076923076923 0.06009615384615385
1 0.2776442307692308 0.5168269230769231 0.07451923076923077 0.08774038461538461
1 0.22956730769230768 0.5432692307692307 0.09735576923076923 0.11778846153846154
1 0.125 0.5588942307692307 0.15625 0.17548076923076922
1 0.04567307692307692 0.6237980769230769 0.09134615384615384 0.18509615384615385
0 0.5612980769230769 0.6033653846153846 0.03245192307692308 0.09735576923076923
1 0.390625 0.47115384615384615 0.046875 0.056490384615384616
1 0.2848557692307692 0.46153846153846156 0.04567307692307692 0.040865384615384616
1 0.6742788461538461 0.47115384615384615 0.03245192307692308 0.05889423076923077