2 0.5841346153846154 0.421875 0.019230769230769232 0.046875
1 0.6959134615384616 0.49038461538461536 0.23317307692307693 0.1875
1 0.4963942307692308 0.4338942307692308 0.046875 0.05048076923076923
1 0.4855769230769231 0.421875 0.04326923076923077 0.05048076923076923
1 0.45913461538461536 0.41947115384615385 0.020432692307692308 0.028846153846153848
1 0.41225961538461536 0.4182692307692308 0.020432692307692308 0.019230769230769232
1 0.38221153846153844 0.41947115384615385 0.009615384615384616 0.027644230769230768
2 0.3545673076923077 0.3713942307692308 0.015625 0.02403846153846154
1 0.33774038461538464 0.42908653846153844 0.07211538461538461 0.08774038461538461
1 0.31850961538461536 0.44471153846153844 0.06850961538461539 0.07211538461538461
1 0.2548076923076923 0.4579326923076923 0.10336538461538461 0.10336538461538461
1 0.11538461538461539 0.4795673076923077 0.20432692307692307 0.18509615384615385
1 0.025240384615384616 0.4699519230769231 0.04326923076923077 0.18509615384615385