1 0.06971153846153846 0.6346153846153846 0.13942307692307693 0.2536057692307692
1 0.3870192307692308 0.5336538461538461 0.09375 0.08653846153846154
1 0.4831730769230769 0.5757211538461539 0.1310096153846154 0.1502403846153846
1 0.5252403846153846 0.5120192307692307 0.04567307692307692 0.04326923076923077
2 0.171875 0.5024038461538461 0.025240384615384616 0.056490384615384616
2 0.2764423076923077 0.5180288461538461 0.025240384615384616 0.078125
2 0.6574519230769231 0.5360576923076923 0.03245192307692308 0.08774038461538461
2 0.8810096153846154 0.5300480769230769 0.030048076923076924 0.10336538461538461
2 0.8016826923076923 0.53125 0.040865384615384616 0.10096153846153846
0 0.6622596153846154 0.5588942307692307 0.019230769230769232 0.055288461538461536
2 0.8389423076923077 0.5228365384615384 0.025240384615384616 0.056490384615384616