2 0.5877403846153846 0.5204326923076923 0.046875 0.15865384615384615
2 0.5564903846153846 0.5036057692307693 0.04807692307692308 0.18028846153846154
2 0.4411057692307692 0.4855769230769231 0.036057692307692304 0.15384615384615385
2 0.40865384615384615 0.49038461538461536 0.04807692307692308 0.14903846153846154
2 0.375 0.4651442307692308 0.03485576923076923 0.13221153846153846
2 0.3269230769230769 0.45552884615384615 0.04807692307692308 0.140625
2 0.3016826923076923 0.4266826923076923 0.027644230769230768 0.08413461538461539
2 0.2764423076923077 0.4567307692307692 0.040865384615384616 0.125
2 0.25600961538461536 0.41225961538461536 0.020432692307692308 0.06971153846153846
2 0.23557692307692307 0.46153846153846156 0.042067307692307696 0.12740384615384615
2 0.19951923076923078 0.44591346153846156 0.04567307692307692 0.1310096153846154
1 0.171875 0.43509615384615385 0.03485576923076923 0.06009615384615385
1 0.47115384615384615 0.45072115384615385 0.04567307692307692 0.06490384615384616
1 0.6237980769230769 0.4699519230769231 0.037259615384615384 0.07211538461538461
1 0.7067307692307693 0.43028846153846156 0.07932692307692307 0.037259615384615384
1 0.8401442307692307 0.4375 0.07932692307692307 0.027644230769230768
1 0.6875 0.45072115384615385 0.08774038461538461 0.038461538461538464
1 0.8918269230769231 0.4483173076923077 0.07451923076923077 0.025240384615384616