0 0.36658653846153844 0.5336538461538461 0.020432692307692308 0.07211538461538461
2 0.3641826923076923 0.49759615384615385 0.037259615384615384 0.14903846153846154
2 0.4230769230769231 0.47475961538461536 0.027644230769230768 0.125
2 0.7151442307692307 0.47836538461538464 0.046875 0.17548076923076922
2 0.7680288461538461 0.48197115384615385 0.051682692307692304 0.16826923076923078
1 0.8112980769230769 0.46274038461538464 0.06610576923076923 0.07451923076923077
1 0.9266826923076923 0.4495192307692308 0.14423076923076922 0.14903846153846154
1 0.9519230769230769 0.4879807692307692 0.09375 0.12860576923076922
2 0.5528846153846154 0.4579326923076923 0.020432692307692308 0.04447115384615385
2 0.6033653846153846 0.46033653846153844 0.020432692307692308 0.052884615384615384
2 0.6189903846153846 0.46033653846153844 0.020432692307692308 0.06009615384615385
2 0.6310096153846154 0.46153846153846156 0.019230769230769232 0.05889423076923077
1 0.6418269230769231 0.44591346153846156 0.025240384615384616 0.028846153846153848
2 0.171875 0.4807692307692308 0.019230769230769232 0.04326923076923077
2 0.12740384615384615 0.4879807692307692 0.020432692307692308 0.03125
2 0.1141826923076923 0.49158653846153844 0.019230769230769232 0.052884615384615384