2 0.5625 0.5540865384615384 0.05048076923076923 0.16947115384615385
2 0.9759615384615384 0.49278846153846156 0.026442307692307692 0.08653846153846154
2 0.9591346153846154 0.47836538461538464 0.026442307692307692 0.09375
0 0.9543269230769231 0.5396634615384616 0.078125 0.08774038461538461
0 0.9086538461538461 0.5372596153846154 0.057692307692307696 0.08173076923076923
0 0.3269230769230769 0.5180288461538461 0.027644230769230768 0.08413461538461539
2 0.3317307692307692 0.47475961538461536 0.030048076923076924 0.08653846153846154
2 0.2956730769230769 0.46274038461538464 0.025240384615384616 0.05889423076923077
2 0.2283653846153846 0.44471153846153844 0.03125 0.037259615384615384
1 0.20432692307692307 0.49399038461538464 0.11538461538461539 0.06971153846153846
1 0.10336538461538461 0.48197115384615385 0.0985576923076923 0.06610576923076923
1 0.03365384615384615 0.47115384615384615 0.0673076923076923 0.0625
0 0.25240384615384615 0.5204326923076923 0.020432692307692308 0.040865384615384616
0 0.27524038461538464 0.5372596153846154 0.020432692307692308 0.038461538461538464
0 0.2920673076923077 0.5432692307692307 0.021634615384615384 0.046875