2 0.6814903846153846 0.5012019230769231 0.036057692307692304 0.1310096153846154
1 0.43028846153846156 0.47115384615384615 0.06610576923076923 0.056490384615384616
1 0.31850961538461536 0.4651442307692308 0.042067307692307696 0.055288461538461536
1 0.2800480769230769 0.47475961538461536 0.0625 0.055288461538461536
0 0.6838942307692307 0.5444711538461539 0.02403846153846154 0.09014423076923077
2 0.5901442307692307 0.46634615384615385 0.015625 0.038461538461538464
2 0.5733173076923077 0.46634615384615385 0.015625 0.040865384615384616
2 0.5528846153846154 0.46274038461538464 0.015625 0.04326923076923077
1 0.3545673076923077 0.4675480769230769 0.03485576923076923 0.040865384615384616
1 0.38341346153846156 0.46634615384615385 0.02403846153846154 0.037259615384615384
1 0.4987980769230769 0.46634615384615385 0.021634615384615384 0.021634615384615384
1 0.45913461538461536 0.46153846153846156 0.020432692307692308 0.025240384615384616