1 0.8810096153846154 0.5649038461538461 0.23557692307692307 0.25600961538461536
1 0.7019230769230769 0.5036057692307693 0.1201923076923077 0.17548076923076922
1 0.7824519230769231 0.46153846153846156 0.040865384615384616 0.08774038461538461
1 0.609375 0.4831730769230769 0.06850961538461539 0.09134615384615384
1 0.5697115384615384 0.4795673076923077 0.036057692307692304 0.07211538461538461
1 0.4567307692307692 0.5024038461538461 0.13581730769230768 0.1346153846153846
1 0.3858173076923077 0.4735576923076923 0.021634615384615384 0.040865384615384616
1 0.3545673076923077 0.47716346153846156 0.040865384615384616 0.040865384615384616
2 0.2980769230769231 0.4699519230769231 0.015625 0.040865384615384616
1 0.24639423076923078 0.48197115384615385 0.056490384615384616 0.06610576923076923
1 0.17548076923076922 0.46875 0.08653846153846154 0.109375
1 0.06610576923076923 0.48197115384615385 0.13221153846153846 0.14423076923076922