1 0.5913461538461539 0.4423076923076923 0.10817307692307693 0.056490384615384616
0 0.5504807692307693 0.4651442307692308 0.026442307692307692 0.03485576923076923
0 0.5096153846153846 0.47115384615384615 0.03245192307692308 0.03125
1 0.49759615384615385 0.4266826923076923 0.06129807692307692 0.056490384615384616
1 0.4567307692307692 0.4338942307692308 0.025240384615384616 0.03125
1 0.44711538461538464 0.421875 0.03245192307692308 0.046875
1 0.43028846153846156 0.41947115384615385 0.021634615384615384 0.03485576923076923
1 0.39663461538461536 0.41947115384615385 0.025240384615384616 0.03125
2 0.38221153846153844 0.4423076923076923 0.014423076923076924 0.06850961538461539
2 0.36899038461538464 0.43990384615384615 0.016826923076923076 0.08413461538461539
2 0.32091346153846156 0.40625 0.010817307692307692 0.02403846153846154
2 0.3088942307692308 0.40384615384615385 0.01201923076923077 0.027644230769230768
1 0.1346153846153846 0.42427884615384615 0.03245192307692308 0.040865384615384616