2 0.875 0.5288461538461539 0.05048076923076923 0.19471153846153846
2 0.8197115384615384 0.5168269230769231 0.0829326923076923 0.22115384615384615
2 0.6213942307692307 0.5072115384615384 0.0625 0.18509615384615385
2 0.5841346153846154 0.5144230769230769 0.06129807692307692 0.1814903846153846
2 0.4963942307692308 0.48677884615384615 0.07932692307692307 0.16826923076923078
2 0.4326923076923077 0.47475961538461536 0.052884615384615384 0.16346153846153846
2 0.4050480769230769 0.4639423076923077 0.040865384615384616 0.12259615384615384
2 0.3737980769230769 0.46274038461538464 0.030048076923076924 0.140625
2 0.3401442307692308 0.49278846153846156 0.040865384615384616 0.1502403846153846
1 0.18990384615384615 0.4326923076923077 0.0733173076923077 0.06850961538461539
1 0.3125 0.46033653846153844 0.027644230769230768 0.1346153846153846
1 0.28365384615384615 0.46033653846153844 0.036057692307692304 0.1346153846153846
2 0.23918269230769232 0.4170673076923077 0.025240384615384616 0.06009615384615385
1 0.6418269230769231 0.46634615384615385 0.030048076923076924 0.06971153846153846
1 0.6862980769230769 0.4483173076923077 0.06850961538461539 0.037259615384615384