2 0.9747596153846154 0.4987980769230769 0.04567307692307692 0.13822115384615385
2 0.8485576923076923 0.49759615384615385 0.037259615384615384 0.12860576923076922
2 0.8221153846153846 0.5072115384615384 0.026442307692307692 0.11899038461538461
2 0.7932692307692307 0.49278846153846156 0.026442307692307692 0.07211538461538461
2 0.7620192307692307 0.5084134615384616 0.037259615384615384 0.11538461538461539
2 0.7307692307692307 0.5180288461538461 0.030048076923076924 0.10697115384615384
2 0.7043269230769231 0.515625 0.025240384615384616 0.06971153846153846
2 0.6838942307692307 0.5120192307692307 0.02403846153846154 0.06971153846153846
2 0.6634615384615384 0.5132211538461539 0.021634615384615384 0.07211538461538461
2 0.6454326923076923 0.5120192307692307 0.021634615384615384 0.06971153846153846
2 0.6310096153846154 0.5192307692307693 0.020432692307692308 0.06610576923076923
2 0.6105769230769231 0.5204326923076923 0.021634615384615384 0.06490384615384616
2 0.5949519230769231 0.5216346153846154 0.020432692307692308 0.0625
2 0.5552884615384616 0.49038461538461536 0.019230769230769232 0.055288461538461536
2 0.5348557692307693 0.5060096153846154 0.02403846153846154 0.05889423076923077
1 0.43509615384615385 0.47115384615384615 0.02403846153846154 0.02403846153846154
1 0.41586538461538464 0.46153846153846156 0.020432692307692308 0.027644230769230768
1 0.4735576923076923 0.5336538461538461 0.10576923076923077 0.10576923076923077
1 0.3954326923076923 0.484375 0.027644230769230768 0.03125
2 0.3798076923076923 0.5072115384615384 0.021634615384615384 0.052884615384615384
1 0.3605769230769231 0.5024038461538461 0.021634615384615384 0.037259615384615384
1 0.328125 0.5072115384615384 0.04326923076923077 0.04326923076923077
2 0.25961538461538464 0.5168269230769231 0.016826923076923076 0.04447115384615385
2 0.23798076923076922 0.5060096153846154 0.016826923076923076 0.05048076923076923
2 0.22596153846153846 0.5132211538461539 0.015625 0.04927884615384615
1 0.17067307692307693 0.53125 0.042067307692307696 0.046875
1 0.12980769230769232 0.5276442307692307 0.025240384615384616 0.05889423076923077
1 0.4026442307692308 0.5300480769230769 0.03125 0.07211538461538461