1 0.06610576923076923 0.6454326923076923 0.12860576923076922 0.2403846153846154
1 0.14543269230769232 0.5709134615384616 0.1814903846153846 0.18509615384615385
1 0.27283653846153844 0.5096153846153846 0.10096153846153846 0.109375
1 0.33774038461538464 0.5024038461538461 0.04326923076923077 0.07451923076923077
1 0.4026442307692308 0.46153846153846156 0.04807692307692308 0.06009615384615385
1 0.5661057692307693 0.4699519230769231 0.030048076923076924 0.04447115384615385
1 0.6814903846153846 0.5240384615384616 0.13221153846153846 0.1346153846153846
1 0.7439903846153846 0.5757211538461539 0.17307692307692307 0.15985576923076922
1 0.8737980769230769 0.6742788461538461 0.24639423076923078 0.24639423076923078
1 0.4326923076923077 0.4543269230769231 0.027644230769230768 0.028846153846153848
1 0.44711538461538464 0.44350961538461536 0.027644230769230768 0.03485576923076923
1 0.5480769230769231 0.44591346153846156 0.037259615384615384 0.04447115384615385
1 0.030048076923076924 0.4855769230769231 0.05889423076923077 0.08413461538461539
1 0.6237980769230769 0.5012019230769231 0.057692307692307696 0.07572115384615384
1 0.5961538461538461 0.48677884615384615 0.04567307692307692 0.055288461538461536