1 0.9615384615384616 0.6490384615384616 0.0733173076923077 0.38221153846153844
1 0.8473557692307693 0.5252403846153846 0.3004807692307692 0.3161057692307692
1 0.6826923076923077 0.5216346153846154 0.10336538461538461 0.10096153846153846
2 0.6286057692307693 0.47596153846153844 0.014423076923076924 0.03485576923076923
1 0.5456730769230769 0.47716346153846156 0.08653846153846154 0.09134615384615384
1 0.5072115384615384 0.49399038461538464 0.08774038461538461 0.09375
1 0.42788461538461536 0.48197115384615385 0.040865384615384616 0.03125
1 0.3870192307692308 0.4807692307692308 0.040865384615384616 0.027644230769230768
1 0.3449519230769231 0.4855769230769231 0.03125 0.028846153846153848
1 0.27884615384615385 0.5012019230769231 0.0889423076923077 0.08052884615384616
1 0.20432692307692307 0.515625 0.0625 0.10576923076923077
1 0.0889423076923077 0.5240384615384616 0.1778846153846154 0.19951923076923078