2 0.5564903846153846 0.4675480769230769 0.020432692307692308 0.06009615384615385
1 0.021634615384615384 0.5384615384615384 0.04326923076923077 0.1875
1 0.10576923076923077 0.5264423076923077 0.1814903846153846 0.18509615384615385
1 0.25841346153846156 0.5120192307692307 0.11778846153846154 0.10096153846153846
1 0.3269230769230769 0.4963942307692308 0.057692307692307696 0.08653846153846154
1 0.3762019230769231 0.4735576923076923 0.052884615384615384 0.06490384615384616
1 0.6370192307692307 0.5024038461538461 0.09254807692307693 0.09014423076923077
1 0.8365384615384616 0.4891826923076923 0.10336538461538461 0.11538461538461539
1 0.421875 0.4699519230769231 0.03485576923076923 0.04447115384615385
1 0.4579326923076923 0.4651442307692308 0.025240384615384616 0.038461538461538464
2 0.5432692307692307 0.4639423076923077 0.019230769230769232 0.04927884615384615
1 0.9387019230769231 0.47115384615384615 0.08173076923076923 0.08774038461538461
1 0.9651442307692307 0.4807692307692308 0.052884615384615384 0.10576923076923077
1 0.36778846153846156 0.48677884615384615 0.03485576923076923 0.055288461538461536
1 0.47836538461538464 0.4543269230769231 0.020432692307692308 0.028846153846153848
1 0.5228365384615384 0.4567307692307692 0.020432692307692308 0.02403846153846154
2 0.5120192307692307 0.4543269230769231 0.010817307692307692 0.028846153846153848
1 0.5889423076923077 0.4723557692307692 0.03125 0.038461538461538464