2 0.14423076923076922 0.5132211538461539 0.04567307692307692 0.15625
2 0.18629807692307693 0.5060096153846154 0.042067307692307696 0.15625
2 0.5252403846153846 0.47475961538461536 0.021634615384615384 0.09735576923076923
2 0.5516826923076923 0.49399038461538464 0.04326923076923077 0.15264423076923078
2 0.41586538461538464 0.4699519230769231 0.02403846153846154 0.056490384615384616
1 0.07692307692307693 0.5216346153846154 0.12620192307692307 0.13221153846153846
1 0.234375 0.4855769230769231 0.07211538461538461 0.12259615384615384
1 0.29086538461538464 0.47475961538461536 0.0733173076923077 0.09375
1 0.33774038461538464 0.5024038461538461 0.14903846153846154 0.11778846153846154
1 0.6658653846153846 0.5132211538461539 0.13701923076923078 0.1622596153846154
1 0.7512019230769231 0.4879807692307692 0.04567307692307692 0.06971153846153846
1 0.9639423076923077 0.49759615384615385 0.0625 0.11298076923076923
1 0.5925480769230769 0.4963942307692308 0.036057692307692304 0.109375
1 0.4831730769230769 0.4675480769230769 0.030048076923076924 0.025240384615384616
2 0.40024038461538464 0.45913461538461536 0.014423076923076924 0.027644230769230768