2 0.20432692307692307 0.5649038461538461 0.0625 0.15264423076923078
2 0.38100961538461536 0.6117788461538461 0.09375 0.24759615384615385
0 0.3894230769230769 0.6850961538461539 0.04567307692307692 0.125
0 0.20673076923076922 0.6069711538461539 0.03245192307692308 0.09735576923076923
1 0.14543269230769232 0.5504807692307693 0.125 0.15985576923076922
1 0.2536057692307692 0.5204326923076923 0.09735576923076923 0.12740384615384615
1 0.31490384615384615 0.5 0.042067307692307696 0.09375
1 0.33653846153846156 0.48197115384615385 0.06129807692307692 0.09975961538461539
1 0.4326923076923077 0.453125 0.046875 0.03485576923076923
1 0.5697115384615384 0.45552884615384615 0.037259615384615384 0.04326923076923077
1 0.6153846153846154 0.4987980769230769 0.06610576923076923 0.06490384615384616
1 0.671875 0.5192307692307693 0.09735576923076923 0.10576923076923077
1 0.7307692307692307 0.5649038461538461 0.1658653846153846 0.12740384615384615
1 0.8737980769230769 0.6370192307692307 0.25 0.234375
1 0.7379807692307693 0.43509615384615385 0.09735576923076923 0.037259615384615384
1 0.6778846153846154 0.43990384615384615 0.03125 0.04447115384615385
1 0.38461538461538464 0.47596153846153844 0.040865384615384616 0.06850961538461539
1 0.46274038461538464 0.4483173076923077 0.021634615384615384 0.028846153846153848
1 0.4699519230769231 0.44471153846153844 0.026442307692307692 0.03365384615384615
1 0.5276442307692307 0.4387019230769231 0.02403846153846154 0.025240384615384616
1 0.8365384615384616 0.4495192307692308 0.042067307692307696 0.02403846153846154