2 0.8233173076923077 0.6370192307692307 0.09375 0.33653846153846156
2 0.1971153846153846 0.6225961538461539 0.10576923076923077 0.25961538461538464
0 0.1778846153846154 0.7079326923076923 0.051682692307692304 0.1466346153846154
1 0.9350961538461539 0.7512019230769231 0.12379807692307693 0.27163461538461536
1 0.9098557692307693 0.5829326923076923 0.17548076923076922 0.2091346153846154
1 0.7644230769230769 0.5805288461538461 0.05889423076923077 0.17548076923076922
1 0.6875 0.5060096153846154 0.11899038461538461 0.10576923076923077
1 0.33052884615384615 0.5072115384615384 0.0985576923076923 0.08774038461538461
1 0.0829326923076923 0.59375 0.1622596153846154 0.18389423076923078
1 0.24158653846153846 0.5336538461538461 0.0829326923076923 0.11177884615384616
1 0.4074519230769231 0.47475961538461536 0.057692307692307696 0.06610576923076923
1 0.4879807692307692 0.45913461538461536 0.051682692307692304 0.04326923076923077
2 0.5456730769230769 0.4543269230769231 0.01201923076923077 0.040865384615384616
1 0.9074519230769231 0.4543269230769231 0.06850961538461539 0.037259615384615384
1 0.3737980769230769 0.49158653846153844 0.040865384615384616 0.06850961538461539
1 0.43149038461538464 0.4699519230769231 0.03245192307692308 0.052884615384615384
1 0.4495192307692308 0.46153846153846156 0.020432692307692308 0.04326923076923077
1 0.4543269230769231 0.46033653846153844 0.030048076923076924 0.052884615384615384
1 0.5240384615384616 0.43990384615384615 0.020432692307692308 0.027644230769230768
1 0.5925480769230769 0.45072115384615385 0.030048076923076924 0.027644230769230768
1 0.6310096153846154 0.4855769230769231 0.03485576923076923 0.056490384615384616
1 0.6165865384615384 0.47836538461538464 0.030048076923076924 0.04326923076923077