1 0.20673076923076922 0.4254807692307692 0.046875 0.09375
1 0.3112980769230769 0.41586538461538464 0.15504807692307693 0.08653846153846154
0 0.6033653846153846 0.46875 0.042067307692307696 0.05048076923076923
2 0.5985576923076923 0.43990384615384615 0.03485576923076923 0.07451923076923077
2 0.5324519230769231 0.44471153846153844 0.037259615384615384 0.08774038461538461
0 0.5360576923076923 0.47596153846153844 0.040865384615384616 0.052884615384615384
2 0.49759615384615385 0.4266826923076923 0.042067307692307696 0.08413461538461539
0 0.4987980769230769 0.4735576923076923 0.037259615384615384 0.056490384615384616
0 0.4326923076923077 0.47836538461538464 0.037259615384615384 0.08653846153846154
2 0.43028846153846156 0.43028846153846156 0.042067307692307696 0.09375
2 0.390625 0.4543269230769231 0.037259615384615384 0.06009615384615385
0 0.3942307692307692 0.49399038461538464 0.036057692307692304 0.046875
0 0.34375 0.4987980769230769 0.056490384615384616 0.056490384615384616
2 0.3473557692307692 0.453125 0.040865384615384616 0.08173076923076923
2 0.28846153846153844 0.453125 0.04807692307692308 0.09014423076923077
0 0.28725961538461536 0.49158653846153844 0.04567307692307692 0.08413461538461539
0 0.1971153846153846 0.49278846153846156 0.08653846153846154 0.07572115384615384
2 0.18629807692307693 0.4495192307692308 0.0625 0.125