2 0.9783653846153846 0.5024038461538461 0.040865384615384616 0.1502403846153846
2 0.8425480769230769 0.48197115384615385 0.025240384615384616 0.09134615384615384
1 0.7367788461538461 0.4855769230769231 0.04807692307692308 0.040865384615384616
1 0.7307692307692307 0.4483173076923077 0.05048076923076923 0.03365384615384615
2 0.6850961538461539 0.47115384615384615 0.010817307692307692 0.04927884615384615
2 0.6730769230769231 0.47596153846153844 0.019230769230769232 0.05889423076923077
2 0.6550480769230769 0.4651442307692308 0.019230769230769232 0.046875
2 0.6370192307692307 0.4651442307692308 0.020432692307692308 0.04326923076923077
2 0.6189903846153846 0.46875 0.019230769230769232 0.05048076923076923
1 0.5625 0.47596153846153844 0.046875 0.04447115384615385
1 0.5252403846153846 0.4675480769230769 0.026442307692307692 0.028846153846153848
1 0.4879807692307692 0.46634615384615385 0.04326923076923077 0.025240384615384616
1 0.4411057692307692 0.4639423076923077 0.03245192307692308 0.03365384615384615
1 0.38461538461538464 0.46634615384615385 0.037259615384615384 0.04447115384615385
1 0.3449519230769231 0.4675480769230769 0.02403846153846154 0.028846153846153848
1 0.30408653846153844 0.46634615384615385 0.051682692307692304 0.055288461538461536
2 0.037259615384615384 0.47475961538461536 0.020432692307692308 0.055288461538461536
2 0.078125 0.49038461538461536 0.021634615384615384 0.05048076923076923
1 0.11177884615384616 0.47596153846153844 0.08653846153846154 0.06490384615384616