2 0.7379807692307693 0.4987980769230769 0.038461538461538464 0.16947115384615385
1 0.8990384615384616 0.48677884615384615 0.19831730769230768 0.20072115384615385
1 0.6862980769230769 0.46634615384615385 0.026442307692307692 0.02403846153846154
1 0.6634615384615384 0.47115384615384615 0.02403846153846154 0.02403846153846154
1 0.6370192307692307 0.46875 0.02403846153846154 0.02403846153846154
1 0.6081730769230769 0.4675480769230769 0.03485576923076923 0.025240384615384616
1 0.44711538461538464 0.46634615384615385 0.030048076923076924 0.027644230769230768
1 0.4098557692307692 0.48677884615384615 0.05889423076923077 0.0625
1 0.33533653846153844 0.46634615384615385 0.026442307692307692 0.04326923076923077
2 0.3112980769230769 0.46875 0.025240384615384616 0.06971153846153846
1 0.27163461538461536 0.4483173076923077 0.03245192307692308 0.028846153846153848
1 0.23076923076923078 0.44711538461538464 0.030048076923076924 0.03125
2 0.1875 0.4891826923076923 0.025240384615384616 0.10336538461538461
2 0.14423076923076922 0.46875 0.03125 0.11298076923076923
1 0.09254807692307693 0.44711538461538464 0.042067307692307696 0.038461538461538464
1 0.03245192307692308 0.44591346153846156 0.057692307692307696 0.04447115384615385