1 0.47836538461538464 0.46274038461538464 0.10096153846153846 0.06610576923076923
2 0.9603365384615384 0.5132211538461539 0.057692307692307696 0.2439903846153846
2 0.8725961538461539 0.5036057692307693 0.07692307692307693 0.265625
2 0.8064903846153846 0.4891826923076923 0.04567307692307692 0.1778846153846154
2 0.7536057692307693 0.49278846153846156 0.06129807692307692 0.16826923076923078
2 0.036057692307692304 0.5 0.03125 0.08173076923076923
2 0.014423076923076924 0.5024038461538461 0.025240384615384616 0.09615384615384616
2 0.6177884615384616 0.46153846153846156 0.030048076923076924 0.07572115384615384
2 0.5973557692307693 0.46634615384615385 0.027644230769230768 0.08052884615384616
2 0.5504807692307693 0.4579326923076923 0.010817307692307692 0.04927884615384615
2 0.6430288461538461 0.4519230769230769 0.02403846153846154 0.056490384615384616
2 0.6682692307692307 0.4387019230769231 0.021634615384615384 0.04447115384615385
2 0.16346153846153846 0.4807692307692308 0.019230769230769232 0.04326923076923077
2 0.12860576923076922 0.48677884615384615 0.020432692307692308 0.03365384615384615
2 0.11177884615384616 0.49399038461538464 0.020432692307692308 0.05048076923076923