1 0.8533653846153846 0.515625 0.28846153846153844 0.28846153846153844
1 0.7067307692307693 0.4879807692307692 0.1045673076923077 0.14903846153846154
1 0.6033653846153846 0.48677884615384615 0.0829326923076923 0.078125
1 0.02403846153846154 0.5360576923076923 0.04807692307692308 0.1346153846153846
1 0.15264423076923078 0.5060096153846154 0.08774038461538461 0.10096153846153846
1 0.07572115384615384 0.5204326923076923 0.11057692307692307 0.11538461538461539
1 0.20192307692307693 0.4951923076923077 0.04567307692307692 0.08052884615384616
1 0.24519230769230768 0.4891826923076923 0.046875 0.06850961538461539
1 0.2824519230769231 0.47836538461538464 0.04807692307692308 0.0625
1 0.5516826923076923 0.47115384615384615 0.037259615384615384 0.07451923076923077
1 0.5240384615384616 0.47115384615384615 0.021634615384615384 0.056490384615384616
1 0.49399038461538464 0.46153846153846156 0.03125 0.037259615384615384
1 0.38100961538461536 0.4639423076923077 0.025240384615384616 0.028846153846153848
1 0.35697115384615385 0.4651442307692308 0.026442307692307692 0.03125
1 0.33653846153846156 0.47475961538461536 0.021634615384615384 0.03485576923076923
1 0.31850961538461536 0.47716346153846156 0.021634615384615384 0.040865384615384616