1 0.43149038461538464 0.5396634615384616 0.052884615384615384 0.06009615384615385
1 0.40384615384615385 0.5456730769230769 0.02403846153846154 0.037259615384615384
1 0.3894230769230769 0.5408653846153846 0.019230769230769232 0.03125
1 0.3798076923076923 0.5396634615384616 0.019230769230769232 0.025240384615384616
1 0.359375 0.5420673076923077 0.021634615384615384 0.025240384615384616
1 0.3293269230769231 0.5456730769230769 0.02403846153846154 0.025240384615384616
1 0.3076923076923077 0.5444711538461539 0.019230769230769232 0.027644230769230768
1 0.28725961538461536 0.5420673076923077 0.026442307692307692 0.028846153846153848
1 0.25721153846153844 0.5444711538461539 0.021634615384615384 0.04326923076923077
1 0.2403846153846154 0.5504807692307693 0.026442307692307692 0.04326923076923077
1 0.12259615384615384 0.5552884615384616 0.21754807692307693 0.1875