1 0.8317307692307693 0.47115384615384615 0.08774038461538461 0.052884615384615384
1 0.9050480769230769 0.4651442307692308 0.07211538461538461 0.04326923076923077
1 0.46153846153846156 0.4795673076923077 0.09735576923076923 0.06009615384615385
1 0.2403846153846154 0.5180288461538461 0.18629807692307693 0.125
1 0.07451923076923077 0.5336538461538461 0.1466346153846154 0.140625
2 0.6550480769230769 0.47115384615384615 0.021634615384615384 0.06971153846153846
2 0.7019230769230769 0.4639423076923077 0.026442307692307692 0.06850961538461539
2 0.7319711538461539 0.4651442307692308 0.026442307692307692 0.0625
2 0.40625 0.49038461538461536 0.021634615384615384 0.09014423076923077
2 0.38461538461538464 0.4879807692307692 0.03245192307692308 0.09735576923076923
2 0.3581730769230769 0.48197115384615385 0.026442307692307692 0.09375
2 0.33774038461538464 0.4831730769230769 0.02403846153846154 0.09975961538461539
2 0.3088942307692308 0.4567307692307692 0.019230769230769232 0.04326923076923077
2 0.28966346153846156 0.4543269230769231 0.026442307692307692 0.040865384615384616
2 0.039663461538461536 0.45072115384615385 0.02403846153846154 0.038461538461538464
2 0.9483173076923077 0.4567307692307692 0.019230769230769232 0.05048076923076923
2 0.9591346153846154 0.4567307692307692 0.019230769230769232 0.046875
2 0.8689903846153846 0.44591346153846156 0.019230769230769232 0.028846153846153848