1 0.09134615384615384 0.6189903846153846 0.18028846153846154 0.25721153846153844
1 0.37259615384615385 0.5384615384615384 0.08653846153846154 0.08413461538461539
1 0.45913461538461536 0.5877403846153846 0.171875 0.171875
1 0.5192307692307693 0.53125 0.055288461538461536 0.06971153846153846
1 0.5420673076923077 0.5180288461538461 0.04326923076923077 0.04447115384615385
2 0.8185096153846154 0.5336538461538461 0.025240384615384616 0.078125
2 0.7572115384615384 0.5324519230769231 0.027644230769230768 0.08413461538461539
2 0.6454326923076923 0.5384615384615384 0.03125 0.08173076923076923
2 0.9927884615384616 0.5240384615384616 0.01201923076923077 0.08052884615384616
2 0.7860576923076923 0.5240384615384616 0.021634615384615384 0.04447115384615385
2 0.32572115384615385 0.5180288461538461 0.02403846153846154 0.06490384615384616