1 0.9747596153846154 0.7596153846153846 0.046875 0.23798076923076922
1 0.8870192307692307 0.6117788461538461 0.2091346153846154 0.27884615384615385
1 0.7764423076923077 0.5528846153846154 0.1658653846153846 0.14903846153846154
1 0.7007211538461539 0.5300480769230769 0.10817307692307693 0.10336538461538461
1 0.625 0.49759615384615385 0.0625 0.06490384615384616
1 0.5348557692307693 0.4651442307692308 0.036057692307692304 0.03485576923076923
1 0.20192307692307693 0.4675480769230769 0.12139423076923077 0.06850961538461539
1 0.08653846153846154 0.45913461538461536 0.1045673076923077 0.09014423076923077
1 0.042067307692307696 0.46875 0.078125 0.08173076923076923
2 0.359375 0.46634615384615385 0.021634615384615384 0.056490384615384616
1 0.24278846153846154 0.4579326923076923 0.078125 0.06490384615384616
1 0.07692307692307693 0.47115384615384615 0.06971153846153846 0.08173076923076923
1 0.3137019230769231 0.45552884615384615 0.03485576923076923 0.04447115384615385
1 0.38461538461538464 0.4639423076923077 0.027644230769230768 0.037259615384615384
1 0.47596153846153844 0.46153846153846156 0.025240384615384616 0.025240384615384616
1 0.5889423076923077 0.47596153846153844 0.03485576923076923 0.05889423076923077