1 0.07692307692307693 0.5228365384615384 0.15384615384615385 0.24759615384615385
1 0.22355769230769232 0.5072115384615384 0.1658653846153846 0.11538461538461539
1 0.4831730769230769 0.4807692307692308 0.12379807692307693 0.08653846153846154
2 0.5901442307692307 0.48197115384615385 0.03125 0.10096153846153846
2 0.3894230769230769 0.484375 0.04326923076923077 0.12139423076923077
2 0.32211538461538464 0.47115384615384615 0.026442307692307692 0.08653846153846154
2 0.34615384615384615 0.4699519230769231 0.026442307692307692 0.08413461538461539
2 0.27403846153846156 0.44711538461538464 0.03245192307692308 0.04326923076923077
2 0.1346153846153846 0.4326923076923077 0.027644230769230768 0.03365384615384615
1 0.8365384615384616 0.4735576923076923 0.040865384615384616 0.03365384615384615
1 0.875 0.4675480769230769 0.056490384615384616 0.056490384615384616
2 0.9435096153846154 0.47836538461538464 0.019230769230769232 0.06971153846153846
2 0.953125 0.4831730769230769 0.01201923076923077 0.056490384615384616
2 0.4387019230769231 0.4639423076923077 0.026442307692307692 0.06009615384615385