2 0.04447115384615385 0.5192307692307693 0.02403846153846154 0.09375
2 0.07211538461538461 0.5192307692307693 0.030048076923076924 0.09735576923076923
2 0.7740384615384616 0.5288461538461539 0.036057692307692304 0.09014423076923077
1 0.4423076923076923 0.48197115384615385 0.046875 0.04326923076923077
1 0.49278846153846156 0.5096153846153846 0.05048076923076923 0.06610576923076923
1 0.4567307692307692 0.5288461538461539 0.07451923076923077 0.07211538461538461
0 0.7764423076923077 0.5649038461538461 0.025240384615384616 0.0625
1 0.6141826923076923 0.4699519230769231 0.021634615384615384 0.025240384615384616
2 0.5552884615384616 0.47115384615384615 0.015625 0.03485576923076923
2 0.026442307692307692 0.5036057692307693 0.037259615384615384 0.09735576923076923
2 0.9867788461538461 0.5 0.020432692307692308 0.078125
2 0.9747596153846154 0.49759615384615385 0.020432692307692308 0.078125