2 0.7668269230769231 0.5036057692307693 0.019230769230769232 0.11778846153846154
2 0.7019230769230769 0.5 0.078125 0.15625
1 0.5504807692307693 0.5060096153846154 0.07692307692307693 0.0625
1 0.4987980769230769 0.49759615384615385 0.03485576923076923 0.046875
1 0.43990384615384615 0.5036057692307693 0.026442307692307692 0.027644230769230768
1 0.40865384615384615 0.5024038461538461 0.03245192307692308 0.03365384615384615
1 0.38100961538461536 0.4987980769230769 0.027644230769230768 0.037259615384615384
1 0.35096153846153844 0.4963942307692308 0.02403846153846154 0.03485576923076923
1 0.32211538461538464 0.49399038461538464 0.027644230769230768 0.03485576923076923
1 0.2932692307692308 0.4987980769230769 0.03125 0.040865384615384616
1 0.2644230769230769 0.5 0.027644230769230768 0.038461538461538464
1 0.23317307692307693 0.4951923076923077 0.03125 0.04447115384615385
1 0.20192307692307693 0.49759615384615385 0.030048076923076924 0.05048076923076923
1 0.11177884615384616 0.5276442307692307 0.16706730769230768 0.13221153846153846
1 0.04326923076923077 0.5036057692307693 0.08653846153846154 0.09375