1 0.5444711538461539 0.44471153846153844 0.042067307692307696 0.046875
1 0.5132211538461539 0.44471153846153844 0.020432692307692308 0.03365384615384615
1 0.47836538461538464 0.43509615384615385 0.016826923076923076 0.02403846153846154
2 0.46033653846153844 0.44471153846153844 0.007211538461538462 0.027644230769230768
2 0.4519230769230769 0.44471153846153844 0.009615384615384616 0.03485576923076923
1 0.3161057692307692 0.46153846153846156 0.025240384615384616 0.028846153846153848
1 0.28725961538461536 0.46634615384615385 0.03125 0.03485576923076923
1 0.21995192307692307 0.4795673076923077 0.04326923076923077 0.037259615384615384
2 0.007211538461538462 0.578125 0.014423076923076924 0.040865384615384616
2 0.09975961538461539 0.48197115384615385 0.016826923076923076 0.04927884615384615
1 0.18509615384615385 0.4831730769230769 0.03245192307692308 0.040865384615384616
2 0.1141826923076923 0.4855769230769231 0.015625 0.04927884615384615