2 0.41586538461538464 0.4675480769230769 0.021634615384615384 0.052884615384615384
2 0.4014423076923077 0.46274038461538464 0.021634615384615384 0.06971153846153846
2 0.4699519230769231 0.46153846153846156 0.020432692307692308 0.055288461538461536
2 0.5817307692307693 0.4735576923076923 0.025240384615384616 0.08413461538461539
2 0.7259615384615384 0.47475961538461536 0.027644230769230768 0.06610576923076923
1 0.8942307692307693 0.7427884615384616 0.20192307692307693 0.46153846153846156
1 0.8269230769230769 0.5637019230769231 0.2704326923076923 0.26322115384615385
1 0.6706730769230769 0.515625 0.10096153846153846 0.09014423076923077
1 0.6370192307692307 0.49038461538461536 0.07451923076923077 0.09014423076923077
1 0.25721153846153844 0.5036057692307693 0.12980769230769232 0.11298076923076923
1 0.04326923076923077 0.49158653846153844 0.08413461538461539 0.12259615384615384
2 0.7536057692307693 0.46274038461538464 0.025240384615384616 0.05048076923076923
1 0.5276442307692307 0.4543269230769231 0.025240384615384616 0.025240384615384616
1 0.15865384615384615 0.47475961538461536 0.03245192307692308 0.0625
2 0.3894230769230769 0.4699519230769231 0.019230769230769232 0.06490384615384616
0 0.47475961538461536 0.47836538461538464 0.014423076923076924 0.03485576923076923
1 0.20673076923076922 0.46875 0.025240384615384616 0.0625