0 0.8341346153846154 0.65625 0.08774038461538461 0.21153846153846154
0 0.5853365384615384 0.5612980769230769 0.042067307692307696 0.11899038461538461
0 0.4423076923076923 0.5841346153846154 0.046875 0.12860576923076922
2 0.9423076923076923 0.4951923076923077 0.05048076923076923 0.15384615384615385
2 0.9158653846153846 0.46153846153846156 0.015625 0.028846153846153848
2 0.9627403846153846 0.4483173076923077 0.010817307692307692 0.028846153846153848
2 0.9867788461538461 0.4495192307692308 0.02403846153846154 0.03485576923076923
1 0.41346153846153844 0.4699519230769231 0.02403846153846154 0.021634615384615384
1 0.3918269230769231 0.47115384615384615 0.021634615384615384 0.018028846153846152
2 0.8221153846153846 0.5144230769230769 0.10336538461538461 0.31850961538461536
2 0.5901442307692307 0.49759615384615385 0.055288461538461536 0.21153846153846154
2 0.5408653846153846 0.4723557692307692 0.019230769230769232 0.05889423076923077
2 0.5300480769230769 0.46634615384615385 0.010817307692307692 0.040865384615384616
2 0.5240384615384616 0.4651442307692308 0.007211538461538462 0.03485576923076923
2 0.44711538461538464 0.5036057692307693 0.06370192307692307 0.19471153846153846