1 0.07932692307692307 0.6069711538461539 0.15865384615384615 0.19471153846153846
1 0.17427884615384615 0.5528846153846154 0.1201923076923077 0.12860576923076922
1 0.23317307692307693 0.5132211538461539 0.0985576923076923 0.09375
1 0.2932692307692308 0.49759615384615385 0.06971153846153846 0.07572115384615384
1 0.3317307692307692 0.47596153846153844 0.05889423076923077 0.06850961538461539
1 0.625 0.5072115384615384 0.10576923076923077 0.09735576923076923
1 0.5721153846153846 0.46634615384615385 0.06129807692307692 0.06610576923076923
1 0.3798076923076923 0.45913461538461536 0.03485576923076923 0.038461538461538464
1 0.3918269230769231 0.4519230769230769 0.037259615384615384 0.037259615384615384
1 0.43149038461538464 0.4423076923076923 0.026442307692307692 0.025240384615384616
1 0.7151442307692307 0.46274038461538464 0.037259615384615384 0.055288461538461536
1 0.9158653846153846 0.46274038461538464 0.10336538461538461 0.09375
1 0.9675480769230769 0.45552884615384615 0.05048076923076923 0.046875
1 0.5396634615384616 0.4579326923076923 0.02403846153846154 0.04447115384615385
1 0.47716346153846156 0.42908653846153844 0.020432692307692308 0.025240384615384616
1 0.5180288461538461 0.43990384615384615 0.026442307692307692 0.03125
1 0.5264423076923077 0.44591346153846156 0.021634615384615384 0.03365384615384615
2 0.49038461538461536 0.43149038461538464 0.015625 0.027644230769230768
2 0.45552884615384615 0.4375 0.014423076923076924 0.038461538461538464