2 0.18629807692307693 0.47115384615384615 0.03125 0.06009615384615385
1 0.3401442307692308 0.4855769230769231 0.08413461538461539 0.09134615384615384
1 0.052884615384615384 0.5120192307692307 0.10576923076923077 0.14903846153846154
1 0.13341346153846154 0.5877403846153846 0.23557692307692307 0.1875
1 0.7271634615384616 0.5264423076923077 0.1045673076923077 0.12259615384615384
1 0.6225961538461539 0.4879807692307692 0.055288461538461536 0.05889423076923077
1 0.7487980769230769 0.5637019230769231 0.11538461538461539 0.1310096153846154
1 0.8701923076923077 0.5817307692307693 0.25 0.265625
1 0.9182692307692307 0.7367788461538461 0.15985576923076922 0.3870192307692308
1 0.21754807692307693 0.4795673076923077 0.052884615384615384 0.07572115384615384
1 0.11899038461538461 0.47475961538461536 0.06129807692307692 0.06610576923076923
1 0.24879807692307693 0.4639423076923077 0.030048076923076924 0.056490384615384616
1 0.5877403846153846 0.4699519230769231 0.037259615384615384 0.04447115384615385
1 0.5649038461538461 0.46033653846153844 0.026442307692307692 0.037259615384615384
1 0.5552884615384616 0.45072115384615385 0.026442307692307692 0.03125
1 0.7115384615384616 0.5096153846153846 0.12620192307692307 0.10576923076923077