2 0.6370192307692307 0.5288461538461539 0.03125 0.06850961538461539
2 0.7151442307692307 0.5168269230769231 0.030048076923076924 0.07572115384615384
2 0.8942307692307693 0.5444711538461539 0.03125 0.10576923076923077
2 0.9302884615384616 0.5132211538461539 0.030048076923076924 0.052884615384615384
2 0.8713942307692307 0.5132211538461539 0.02403846153846154 0.07572115384615384
2 0.7572115384615384 0.5204326923076923 0.03125 0.07211538461538461
1 0.5192307692307693 0.5180288461538461 0.051682692307692304 0.06610576923076923
1 0.4206730769230769 0.5997596153846154 0.19951923076923078 0.21153846153846154
1 0.49759615384615385 0.5384615384615384 0.051682692307692304 0.09375
0 0.8425480769230769 0.5733173076923077 0.03485576923076923 0.07211538461538461
2 0.3401442307692308 0.5060096153846154 0.019230769230769232 0.05048076923076923