1 0.9435096153846154 0.5504807692307693 0.10817307692307693 0.203125
1 0.8161057692307693 0.5084134615384616 0.21514423076923078 0.1814903846153846
1 0.6862980769230769 0.4951923076923077 0.09495192307692307 0.09615384615384616
1 0.6286057692307693 0.4891826923076923 0.05048076923076923 0.07211538461538461
1 0.5973557692307693 0.4831730769230769 0.036057692307692304 0.06009615384615385
1 0.5721153846153846 0.47836538461538464 0.03485576923076923 0.046875
1 0.5456730769230769 0.47836538461538464 0.02403846153846154 0.03485576923076923
1 0.5012019230769231 0.4807692307692308 0.019230769230769232 0.02403846153846154
1 0.47596153846153844 0.47836538461538464 0.020432692307692308 0.02403846153846154
1 0.45913461538461536 0.48197115384615385 0.020432692307692308 0.02403846153846154
1 0.4362980769230769 0.4831730769230769 0.020432692307692308 0.025240384615384616
2 0.28725961538461536 0.47596153846153844 0.015625 0.052884615384615384
2 0.25961538461538464 0.47716346153846156 0.020432692307692308 0.06490384615384616