1 0.4807692307692308 0.5552884615384616 0.15745192307692307 0.1502403846153846
1 0.47596153846153844 0.47836538461538464 0.025240384615384616 0.02403846153846154
2 0.5817307692307693 0.5192307692307693 0.03245192307692308 0.09375
2 0.6610576923076923 0.5072115384615384 0.021634615384615384 0.08653846153846154
2 0.7007211538461539 0.5072115384615384 0.026442307692307692 0.08413461538461539
2 0.7668269230769231 0.5132211538461539 0.021634615384615384 0.08653846153846154
2 0.7932692307692307 0.5144230769230769 0.027644230769230768 0.08774038461538461
2 0.8185096153846154 0.5120192307692307 0.025240384615384616 0.08653846153846154
2 0.8677884615384616 0.5324519230769231 0.02403846153846154 0.06490384615384616
2 0.8509615384615384 0.5180288461538461 0.037259615384615384 0.09375
2 0.8846153846153846 0.5288461538461539 0.037259615384615384 0.11298076923076923
2 0.3786057692307692 0.49038461538461536 0.019230769230769232 0.046875
0 0.5817307692307693 0.5480769230769231 0.014423076923076924 0.06009615384615385
2 0.7355769230769231 0.5120192307692307 0.020432692307692308 0.07451923076923077