1 0.3762019230769231 0.48677884615384615 0.07211538461538461 0.06850961538461539
1 0.8088942307692307 0.4639423076923077 0.0673076923076923 0.07211538461538461
1 0.9230769230769231 0.4519230769230769 0.1502403846153846 0.1466346153846154
1 0.9507211538461539 0.49038461538461536 0.09254807692307693 0.125
2 0.7175480769230769 0.47115384615384615 0.040865384615384616 0.11538461538461539
2 0.6778846153846154 0.4735576923076923 0.037259615384615384 0.11538461538461539
2 0.06971153846153846 0.47115384615384615 0.025240384615384616 0.028846153846153848
2 0.125 0.4891826923076923 0.021634615384615384 0.037259615384615384
1 0.41225961538461536 0.46033653846153844 0.026442307692307692 0.028846153846153848
1 0.45552884615384615 0.45913461538461536 0.04567307692307692 0.03125
2 0.6021634615384616 0.46033653846153844 0.02403846153846154 0.06490384615384616
2 0.6286057692307693 0.4483173076923077 0.020432692307692308 0.06009615384615385
1 0.6466346153846154 0.44711538461538464 0.02403846153846154 0.03125