1 0.16346153846153846 0.5540865384615384 0.20432692307692307 0.1658653846153846
1 0.17307692307692307 0.45552884615384615 0.0985576923076923 0.05889423076923077
1 0.2692307692307692 0.4639423076923077 0.057692307692307696 0.06850961538461539
1 0.5408653846153846 0.5108173076923077 0.08653846153846154 0.08774038461538461
1 0.8112980769230769 0.5612980769230769 0.13581730769230768 0.1346153846153846
2 0.7740384615384616 0.46274038461538464 0.021634615384615384 0.05889423076923077
2 0.8629807692307693 0.4675480769230769 0.025240384615384616 0.04447115384615385
2 0.8185096153846154 0.46634615384615385 0.027644230769230768 0.055288461538461536
2 0.09735576923076923 0.46634615384615385 0.015625 0.08173076923076923
1 0.31971153846153844 0.46033653846153844 0.03485576923076923 0.04447115384615385
1 0.515625 0.4795673076923077 0.0625 0.06850961538461539
1 0.48197115384615385 0.47716346153846156 0.026442307692307692 0.04447115384615385
1 0.34615384615384615 0.45913461538461536 0.030048076923076924 0.03485576923076923
2 0.11899038461538461 0.4483173076923077 0.019230769230769232 0.040865384615384616
1 0.9387019230769231 0.5336538461538461 0.11899038461538461 0.078125