1 0.8894230769230769 0.43990384615384615 0.040865384615384616 0.06490384615384616
1 0.8413461538461539 0.45072115384615385 0.06971153846153846 0.05889423076923077
1 0.640625 0.46274038461538464 0.11298076923076923 0.08173076923076923
1 0.49759615384615385 0.4495192307692308 0.030048076923076924 0.03485576923076923
1 0.43149038461538464 0.43028846153846156 0.02403846153846154 0.02403846153846154
1 0.3942307692307692 0.4483173076923077 0.03125 0.037259615384615384
1 0.3161057692307692 0.46153846153846156 0.052884615384615384 0.037259615384615384
1 0.22235576923076922 0.5 0.13581730769230768 0.10096153846153846
1 0.09495192307692307 0.49278846153846156 0.1201923076923077 0.10096153846153846
1 0.019230769230769232 0.49759615384615385 0.038461538461538464 0.11298076923076923
1 0.71875 0.46153846153846156 0.03485576923076923 0.07211538461538461
2 0.9543269230769231 0.5276442307692307 0.06129807692307692 0.18389423076923078