2 0.8341346153846154 0.5120192307692307 0.026442307692307692 0.15264423076923078
2 0.9314903846153846 0.5216346153846154 0.051682692307692304 0.17548076923076922
1 0.578125 0.48677884615384615 0.040865384615384616 0.037259615384615384
1 0.4230769230769231 0.4807692307692308 0.042067307692307696 0.04326923076923077
2 0.23317307692307693 0.47596153846153844 0.02403846153846154 0.06610576923076923
2 0.3004807692307692 0.47115384615384615 0.019230769230769232 0.06490384615384616
2 0.31850961538461536 0.4723557692307692 0.019230769230769232 0.055288461538461536
2 0.48677884615384615 0.47836538461538464 0.014423076923076924 0.03485576923076923
2 0.5060096153846154 0.47596153846153844 0.014423076923076924 0.03485576923076923
2 0.9627403846153846 0.5228365384615384 0.03485576923076923 0.16947115384615385
1 0.45072115384615385 0.48197115384615385 0.020432692307692308 0.03365384615384615
1 0.45913461538461536 0.47836538461538464 0.020432692307692308 0.03125