1 0.1502403846153846 0.5204326923076923 0.12379807692307693 0.08774038461538461
1 0.22716346153846154 0.5072115384615384 0.06129807692307692 0.0625
1 0.2704326923076923 0.5012019230769231 0.05889423076923077 0.056490384615384616
1 0.30528846153846156 0.49759615384615385 0.04567307692307692 0.05048076923076923
1 0.33052884615384615 0.49759615384615385 0.036057692307692304 0.04927884615384615
1 0.3737980769230769 0.4891826923076923 0.03125 0.03365384615384615
1 0.43028846153846156 0.484375 0.030048076923076924 0.03125
1 0.35336538461538464 0.4951923076923077 0.042067307692307696 0.052884615384615384
2 0.6586538461538461 0.5336538461538461 0.042067307692307696 0.12740384615384615
0 0.6598557692307693 0.5721153846153846 0.02403846153846154 0.078125
1 0.44711538461538464 0.484375 0.020432692307692308 0.02403846153846154
1 0.4579326923076923 0.48197115384615385 0.021634615384615384 0.025240384615384616