0 0.9519230769230769 0.6237980769230769 0.09375 0.2127403846153846
0 0.5504807692307693 0.5024038461538461 0.015625 0.05889423076923077
0 0.49399038461538464 0.5048076923076923 0.014423076923076924 0.04927884615384615
2 0.9627403846153846 0.5240384615384616 0.07211538461538461 0.29927884615384615
1 0.45552884615384615 0.4699519230769231 0.06129807692307692 0.028846153846153848
0 0.17548076923076922 0.5036057692307693 0.03245192307692308 0.08173076923076923
0 0.13942307692307693 0.5024038461538461 0.01201923076923077 0.06610576923076923
0 0.04567307692307692 0.5528846153846154 0.027644230769230768 0.07451923076923077
2 0.5961538461538461 0.4651442307692308 0.016826923076923076 0.046875
1 0.8954326923076923 0.45072115384615385 0.021634615384615384 0.04447115384615385
2 0.9230769230769231 0.4519230769230769 0.03245192307692308 0.10336538461538461
1 0.8677884615384616 0.453125 0.03245192307692308 0.05048076923076923
0 0.7872596153846154 0.5072115384615384 0.025240384615384616 0.09375
0 0.7608173076923077 0.5180288461538461 0.027644230769230768 0.08413461538461539
0 0.734375 0.5144230769230769 0.040865384615384616 0.08774038461538461
0 0.6622596153846154 0.49759615384615385 0.021634615384615384 0.07211538461538461
2 0.5480769230769231 0.4699519230769231 0.02403846153846154 0.10336538461538461
2 0.49399038461538464 0.47475961538461536 0.02403846153846154 0.09375
0 0.2620192307692308 0.49399038461538464 0.036057692307692304 0.05048076923076923
0 0.02283653846153846 0.5444711538461539 0.042067307692307696 0.11298076923076923