1 0.9086538461538461 0.6382211538461539 0.18028846153846154 0.19951923076923078
1 0.6466346153846154 0.4855769230769231 0.06850961538461539 0.06009615384615385
1 0.5432692307692307 0.453125 0.03485576923076923 0.03485576923076923
1 0.4387019230769231 0.4675480769230769 0.04567307692307692 0.056490384615384616
1 0.4699519230769231 0.4639423076923077 0.02403846153846154 0.037259615384615384
1 0.38100961538461536 0.49759615384615385 0.08413461538461539 0.08173076923076923
1 0.04567307692307692 0.5024038461538461 0.08413461538461539 0.09975961538461539
1 0.17427884615384615 0.5913461538461539 0.23317307692307693 0.25961538461538464
1 0.055288461538461536 0.6598557692307693 0.109375 0.21514423076923078
1 0.11538461538461539 0.4495192307692308 0.08774038461538461 0.0625
1 0.027644230769230768 0.43028846153846156 0.052884615384615384 0.03485576923076923
1 0.6045673076923077 0.46153846153846156 0.03485576923076923 0.04447115384615385
1 0.22596153846153846 0.46875 0.09735576923076923 0.05889423076923077