2 0.7259615384615384 0.45072115384615385 0.015625 0.08173076923076923
1 0.609375 0.48677884615384615 0.109375 0.11298076923076923
1 0.5685096153846154 0.4675480769230769 0.08413461538461539 0.11538461538461539
1 0.5240384615384616 0.48197115384615385 0.014423076923076924 0.04326923076923077
1 0.5120192307692307 0.46634615384615385 0.027644230769230768 0.04326923076923077
1 0.5012019230769231 0.46033653846153844 0.025240384615384616 0.040865384615384616
1 0.48677884615384615 0.46153846153846156 0.020432692307692308 0.025240384615384616
1 0.47115384615384615 0.45552884615384615 0.014423076923076924 0.018028846153846152
1 0.41947115384615385 0.46153846153846156 0.026442307692307692 0.02403846153846154
1 0.38461538461538464 0.46274038461538464 0.021634615384615384 0.03125
1 0.3629807692307692 0.4651442307692308 0.019230769230769232 0.03125
2 0.33413461538461536 0.4519230769230769 0.020432692307692308 0.03365384615384615
0 0.33653846153846156 0.49038461538461536 0.019230769230769232 0.038461538461538464
1 0.31490384615384615 0.4699519230769231 0.020432692307692308 0.052884615384615384
1 0.2776442307692308 0.47115384615384615 0.052884615384615384 0.06490384615384616
1 0.25961538461538464 0.4891826923076923 0.040865384615384616 0.06850961538461539
1 0.2127403846153846 0.48197115384615385 0.05889423076923077 0.10096153846153846
1 0.09254807692307693 0.4699519230769231 0.18509615384615385 0.44471153846153844