1 0.1935096153846154 0.5769230769230769 0.17548076923076922 0.1622596153846154
1 0.056490384615384616 0.49278846153846156 0.1045673076923077 0.07572115384615384
1 0.49278846153846156 0.43990384615384615 0.021634615384615384 0.025240384615384616
1 0.5697115384615384 0.4807692307692308 0.046875 0.055288461538461536
1 0.6213942307692307 0.49278846153846156 0.09014423076923077 0.08653846153846154
1 0.6418269230769231 0.5384615384615384 0.12379807692307693 0.12259615384615384
1 0.7427884615384616 0.578125 0.19951923076923078 0.15625
1 0.9098557692307693 0.8100961538461539 0.17668269230769232 0.37740384615384615
2 0.2932692307692308 0.48197115384615385 0.020432692307692308 0.06850961538461539
1 0.12620192307692307 0.46153846153846156 0.15504807692307693 0.09735576923076923
1 0.23798076923076922 0.47115384615384615 0.0733173076923077 0.046875
1 0.25841346153846156 0.45072115384615385 0.055288461538461536 0.040865384615384616
1 0.34134615384615385 0.45913461538461536 0.055288461538461536 0.038461538461538464
1 0.4362980769230769 0.4519230769230769 0.025240384615384616 0.025240384615384616
1 0.5408653846153846 0.4567307692307692 0.025240384615384616 0.03485576923076923