1 0.6959134615384616 0.4543269230769231 0.055288461538461536 0.06490384615384616
1 0.9182692307692307 0.47596153846153844 0.06129807692307692 0.10096153846153846
1 0.8112980769230769 0.47115384615384615 0.06610576923076923 0.08413461538461539
1 0.4519230769230769 0.4567307692307692 0.0625 0.05889423076923077
1 0.5120192307692307 0.44711538461538464 0.04326923076923077 0.04326923076923077
1 0.20432692307692307 0.4519230769230769 0.11057692307692307 0.09975961538461539
1 0.0889423076923077 0.4326923076923077 0.11899038461538461 0.028846153846153848
0 0.40024038461538464 0.6105769230769231 0.13221153846153846 0.08052884615384616
2 0.40625 0.5360576923076923 0.0625 0.1466346153846154
1 0.5480769230769231 0.4375 0.042067307692307696 0.038461538461538464
1 0.5733173076923077 0.43509615384615385 0.019230769230769232 0.03365384615384615
1 0.5985576923076923 0.43028846153846156 0.021634615384615384 0.03365384615384615
1 0.6346153846153846 0.4230769230769231 0.025240384615384616 0.025240384615384616