1 0.234375 0.4375 0.1658653846153846 0.125
1 0.16826923076923078 0.41346153846153844 0.06850961538461539 0.07451923076923077
1 0.31490384615384615 0.40024038461538464 0.042067307692307696 0.04326923076923077
1 0.47475961538461536 0.41466346153846156 0.056490384615384616 0.06490384615384616
1 0.5108173076923077 0.43509615384615385 0.07451923076923077 0.07211538461538461
1 0.39663461538461536 0.40625 0.03125 0.03125
2 0.8461538461538461 0.5372596153846154 0.08653846153846154 0.3004807692307692
2 0.9122596153846154 0.5492788461538461 0.1658653846153846 0.42788461538461536
1 0.7932692307692307 0.4326923076923077 0.0673076923076923 0.052884615384615384
2 0.2536057692307692 0.36177884615384615 0.027644230769230768 0.03125
2 0.22235576923076922 0.3641826923076923 0.020432692307692308 0.025240384615384616
2 0.36658653846153844 0.39903846153846156 0.016826923076923076 0.040865384615384616
2 0.42788461538461536 0.4050480769230769 0.014423076923076924 0.037259615384615384
2 0.35336538461538464 0.40024038461538464 0.01201923076923077 0.038461538461538464
1 0.7067307692307693 0.4567307692307692 0.09975961538461539 0.10096153846153846