1 0.06971153846153846 0.5096153846153846 0.13942307692307693 0.11538461538461539
1 0.9086538461538461 0.5721153846153846 0.18028846153846154 0.390625
1 0.7860576923076923 0.5288461538461539 0.2091346153846154 0.1971153846153846
1 0.6730769230769231 0.5096153846153846 0.12980769230769232 0.11778846153846154
0 0.41586538461538464 0.5048076923076923 0.055288461538461536 0.028846153846153848
1 0.53125 0.4795673076923077 0.05048076923076923 0.04447115384615385
1 0.3004807692307692 0.4807692307692308 0.046875 0.046875
1 0.5048076923076923 0.47475961538461536 0.03125 0.038461538461538464
1 0.3798076923076923 0.4699519230769231 0.019230769230769232 0.025240384615384616
1 0.4831730769230769 0.47115384615384615 0.020432692307692308 0.03485576923076923
1 0.45913461538461536 0.46634615384615385 0.025240384615384616 0.025240384615384616
1 0.39903846153846156 0.46634615384615385 0.019230769230769232 0.027644230769230768
1 0.3557692307692308 0.47115384615384615 0.027644230769230768 0.03485576923076923
1 0.33413461538461536 0.47596153846153844 0.019230769230769232 0.038461538461538464
2 0.4206730769230769 0.4723557692307692 0.021634615384615384 0.038461538461538464