2 0.578125 0.44350961538461536 0.025240384615384616 0.08653846153846154
2 0.5564903846153846 0.4387019230769231 0.02403846153846154 0.08774038461538461
2 0.40865384615384615 0.42908653846153844 0.02403846153846154 0.07572115384615384
1 0.6418269230769231 0.44711538461538464 0.09014423076923077 0.10576923076923077
1 0.3581730769230769 0.43509615384615385 0.0733173076923077 0.06971153846153846
1 0.19951923076923078 0.42788461538461536 0.0673076923076923 0.0625
1 0.2608173076923077 0.44591346153846156 0.11899038461538461 0.09975961538461539
1 0.10697115384615384 0.39903846153846156 0.10817307692307693 0.07211538461538461
1 0.11778846153846154 0.421875 0.06129807692307692 0.06971153846153846
1 0.06129807692307692 0.4266826923076923 0.08774038461538461 0.09134615384615384
1 0.43149038461538464 0.42788461538461536 0.026442307692307692 0.04326923076923077
1 0.4519230769230769 0.4254807692307692 0.020432692307692308 0.03485576923076923
1 0.46033653846153844 0.41586538461538464 0.030048076923076924 0.038461538461538464