1 0.40024038461538464 0.46274038461538464 0.03125 0.04326923076923077
1 0.38100961538461536 0.47596153846153844 0.03485576923076923 0.0625
1 0.3269230769230769 0.4831730769230769 0.08774038461538461 0.09615384615384616
1 0.6009615384615384 0.47596153846153844 0.055288461538461536 0.056490384615384616
1 0.6177884615384616 0.49759615384615385 0.0733173076923077 0.07451923076923077
1 0.6947115384615384 0.5420673076923077 0.12379807692307693 0.10697115384615384
1 0.7872596153846154 0.5949519230769231 0.19951923076923078 0.16947115384615385
1 0.8990384615384616 0.7055288461538461 0.1935096153846154 0.30649038461538464
1 0.42788461538461536 0.44471153846153844 0.026442307692307692 0.03485576923076923
2 0.45913461538461536 0.45072115384615385 0.019230769230769232 0.04326923076923077
2 0.49399038461538464 0.45072115384615385 0.019230769230769232 0.05048076923076923
2 0.5228365384615384 0.4519230769230769 0.020432692307692308 0.03365384615384615