2 0.8413461538461539 0.43028846153846156 0.02403846153846154 0.10576923076923077
0 0.8689903846153846 0.46274038461538464 0.026442307692307692 0.04326923076923077
0 0.8125 0.46634615384615385 0.03485576923076923 0.05048076923076923
0 0.6838942307692307 0.4723557692307692 0.037259615384615384 0.046875
2 0.6538461538461539 0.4411057692307692 0.026442307692307692 0.09014423076923077
2 0.625 0.43990384615384615 0.025240384615384616 0.09375
0 0.6081730769230769 0.47596153846153844 0.036057692307692304 0.04326923076923077
1 0.6009615384615384 0.41225961538461536 0.026442307692307692 0.078125
1 0.484375 0.42788461538461536 0.040865384615384616 0.046875
1 0.42427884615384615 0.39783653846153844 0.014423076923076924 0.021634615384615384
1 0.44711538461538464 0.39663461538461536 0.015625 0.019230769230769232
1 0.4543269230769231 0.4110576923076923 0.016826923076923076 0.021634615384615384
1 0.45913461538461536 0.4254807692307692 0.014423076923076924 0.02403846153846154
1 0.38822115384615385 0.39302884615384615 0.016826923076923076 0.019230769230769232
1 0.3798076923076923 0.4230769230769231 0.025240384615384616 0.040865384615384616
1 0.3641826923076923 0.4338942307692308 0.027644230769230768 0.05048076923076923
1 0.31850961538461536 0.4387019230769231 0.0829326923076923 0.09134615384615384