1 0.03245192307692308 0.5877403846153846 0.06490384615384616 0.17548076923076922
1 0.1346153846153846 0.5396634615384616 0.21754807692307693 0.18509615384615385
1 0.23918269230769232 0.5264423076923077 0.11899038461538461 0.12259615384615384
1 0.3004807692307692 0.5180288461538461 0.05889423076923077 0.08173076923076923
1 0.3329326923076923 0.5048076923076923 0.05889423076923077 0.06490384615384616
1 0.36538461538461536 0.49759615384615385 0.040865384615384616 0.055288461538461536
1 0.4098557692307692 0.484375 0.057692307692307696 0.05889423076923077
1 0.8762019230769231 0.6490384615384616 0.24519230769230768 0.3125
1 0.7596153846153846 0.5661057692307693 0.15264423076923078 0.171875
1 0.6862980769230769 0.5360576923076923 0.08413461538461539 0.11538461538461539
1 0.6418269230769231 0.49759615384615385 0.0733173076923077 0.09735576923076923
1 0.4855769230769231 0.4495192307692308 0.03245192307692308 0.02403846153846154
1 0.5901442307692307 0.47596153846153844 0.03125 0.03125