1 0.4795673076923077 0.44711538461538464 0.08173076923076923 0.06610576923076923
1 0.5480769230769231 0.4483173076923077 0.037259615384615384 0.037259615384615384
1 0.5865384615384616 0.44591346153846156 0.037259615384615384 0.03365384615384615
1 0.8810096153846154 0.46153846153846156 0.12379807692307693 0.12139423076923077
1 0.9014423076923077 0.4807692307692308 0.07451923076923077 0.109375
1 0.9831730769230769 0.48197115384615385 0.03125 0.1310096153846154
2 0.6838942307692307 0.47716346153846156 0.037259615384615384 0.10697115384615384
2 0.6478365384615384 0.44711538461538464 0.026442307692307692 0.078125
2 0.6334134615384616 0.44591346153846156 0.026442307692307692 0.08774038461538461
1 0.2620192307692308 0.43990384615384615 0.037259615384615384 0.09615384615384616
1 0.17548076923076922 0.4326923076923077 0.125 0.10336538461538461
1 0.7355769230769231 0.4519230769230769 0.05889423076923077 0.06850961538461539