1 0.5036057692307693 0.5132211538461539 0.057692307692307696 0.06610576923076923
1 0.4963942307692308 0.5336538461538461 0.05889423076923077 0.08653846153846154
1 0.4098557692307692 0.5072115384615384 0.030048076923076924 0.037259615384615384
1 0.3112980769230769 0.5336538461538461 0.10576923076923077 0.09735576923076923
2 0.5793269230769231 0.5192307692307693 0.02403846153846154 0.06610576923076923
1 0.4567307692307692 0.5552884615384616 0.13581730769230768 0.1346153846153846
2 0.6550480769230769 0.5120192307692307 0.025240384615384616 0.06610576923076923
2 0.7608173076923077 0.49278846153846156 0.019230769230769232 0.03365384615384615
2 0.8161057692307693 0.5384615384615384 0.027644230769230768 0.06850961538461539
2 0.8185096153846154 0.5492788461538461 0.026442307692307692 0.03485576923076923
2 0.9110576923076923 0.5132211538461539 0.021634615384615384 0.06850961538461539
2 0.8822115384615384 0.5072115384615384 0.026442307692307692 0.08413461538461539
2 0.3737980769230769 0.5024038461538461 0.014423076923076924 0.046875