1 0.9519230769230769 0.42427884615384615 0.08774038461538461 0.04447115384615385
2 0.6911057692307693 0.45072115384615385 0.021634615384615384 0.10096153846153846
1 0.7175480769230769 0.4699519230769231 0.019230769230769232 0.04447115384615385
1 0.6141826923076923 0.47115384615384615 0.08774038461538461 0.07211538461538461
1 0.4735576923076923 0.48197115384615385 0.1935096153846154 0.22596153846153846
1 0.3798076923076923 0.47115384615384615 0.025240384615384616 0.07572115384615384
1 0.3629807692307692 0.44591346153846156 0.030048076923076924 0.037259615384615384
1 0.33653846153846156 0.4495192307692308 0.025240384615384616 0.038461538461538464
1 0.2644230769230769 0.46875 0.1346153846153846 0.15264423076923078
1 0.10697115384615384 0.5 0.12379807692307693 0.14903846153846154
1 0.03485576923076923 0.49038461538461536 0.06971153846153846 0.21153846153846154