0 0.7115384615384616 0.5 0.030048076923076924 0.04326923076923077
1 0.40024038461538464 0.47115384615384615 0.05889423076923077 0.05889423076923077
1 0.23798076923076922 0.47475961538461536 0.0673076923076923 0.055288461538461536
1 0.2800480769230769 0.46634615384615385 0.038461538461538464 0.055288461538461536
1 0.30528846153846156 0.46153846153846156 0.036057692307692304 0.04927884615384615
1 0.5240384615384616 0.47115384615384615 0.057692307692307696 0.05048076923076923
1 0.4879807692307692 0.46274038461538464 0.020432692307692308 0.046875
1 0.4735576923076923 0.4651442307692308 0.021634615384615384 0.03485576923076923
1 0.4567307692307692 0.46153846153846156 0.019230769230769232 0.025240384615384616
1 0.4411057692307692 0.4579326923076923 0.020432692307692308 0.025240384615384616
1 0.3317307692307692 0.4651442307692308 0.015625 0.04326923076923077
1 0.34615384615384615 0.4651442307692308 0.016826923076923076 0.03125
1 0.3605769230769231 0.46634615384615385 0.016826923076923076 0.02403846153846154