1 0.03125 0.5901442307692307 0.0625 0.19110576923076922
1 0.125 0.5673076923076923 0.19951923076923078 0.1658653846153846
1 0.2980769230769231 0.5384615384615384 0.109375 0.08653846153846154
1 0.359375 0.515625 0.0625 0.08653846153846154
1 0.40024038461538464 0.5180288461538461 0.037259615384615384 0.037259615384615384
1 0.7331730769230769 0.5877403846153846 0.16105769230769232 0.13701923076923078
1 0.90625 0.6574519230769231 0.18389423076923078 0.39663461538461536
1 0.6502403846153846 0.5444711538461539 0.06850961538461539 0.08413461538461539
1 0.6286057692307693 0.5240384615384616 0.06129807692307692 0.08653846153846154
0 0.6502403846153846 0.5637019230769231 0.057692307692307696 0.06850961538461539
0 0.5120192307692307 0.5480769230769231 0.019230769230769232 0.06490384615384616
0 0.5925480769230769 0.5625 0.021634615384615384 0.05889423076923077
2 0.5901442307692307 0.5264423076923077 0.037259615384615384 0.09975961538461539
2 0.5132211538461539 0.5228365384615384 0.036057692307692304 0.11538461538461539
1 0.4206730769230769 0.5072115384615384 0.036057692307692304 0.04447115384615385
1 0.4423076923076923 0.5072115384615384 0.021634615384615384 0.03485576923076923
1 0.45913461538461536 0.5024038461538461 0.02403846153846154 0.03485576923076923
1 0.5697115384615384 0.515625 0.026442307692307692 0.03485576923076923