1 0.7379807692307693 0.5288461538461539 0.22355769230769232 0.19951923076923078
1 0.6141826923076923 0.5 0.10576923076923077 0.12139423076923077
1 0.5588942307692307 0.49038461538461536 0.0625 0.08173076923076923
1 0.5204326923076923 0.4735576923076923 0.05048076923076923 0.04927884615384615
1 0.4543269230769231 0.46875 0.04326923076923077 0.04326923076923077
2 0.9747596153846154 0.4855769230769231 0.04807692307692308 0.1622596153846154
2 0.9242788461538461 0.4987980769230769 0.04567307692307692 0.1346153846153846
2 0.2932692307692308 0.46153846153846156 0.016826923076923076 0.05048076923076923
0 0.3629807692307692 0.49038461538461536 0.019230769230769232 0.03125
1 0.43149038461538464 0.46153846153846156 0.015625 0.02403846153846154
2 0.38461538461538464 0.4651442307692308 0.009615384615384616 0.03485576923076923
2 0.3641826923076923 0.45552884615384615 0.019230769230769232 0.04326923076923077
2 0.3485576923076923 0.45552884615384615 0.009615384615384616 0.040865384615384616
2 0.33774038461538464 0.45552884615384615 0.009615384615384616 0.03485576923076923
2 0.27524038461538464 0.46634615384615385 0.01201923076923077 0.052884615384615384
0 0.24519230769230768 0.4831730769230769 0.027644230769230768 0.06009615384615385
0 0.22956730769230768 0.4723557692307692 0.021634615384615384 0.046875
0 0.20192307692307693 0.47596153846153844 0.020432692307692308 0.052884615384615384
0 0.17548076923076922 0.4735576923076923 0.019230769230769232 0.040865384615384616
0 0.15745192307692307 0.4951923076923077 0.021634615384615384 0.06850961538461539
0 0.13942307692307693 0.49038461538461536 0.021634615384615384 0.08173076923076923
0 0.125 0.48677884615384615 0.025240384615384616 0.08653846153846154
0 0.109375 0.49278846153846156 0.03485576923076923 0.078125
0 0.04807692307692308 0.49759615384615385 0.03245192307692308 0.10336538461538461