1 0.7151442307692307 0.5132211538461539 0.16346153846153846 0.14423076923076922
0 0.8269230769230769 0.5276442307692307 0.021634615384615384 0.05889423076923077
0 0.15625 0.5348557692307693 0.046875 0.06971153846153846
2 0.6310096153846154 0.4723557692307692 0.02403846153846154 0.07451923076923077
2 0.12139423076923077 0.4831730769230769 0.020432692307692308 0.10697115384615384
2 0.21514423076923078 0.4699519230769231 0.015625 0.052884615384615384
2 0.23798076923076922 0.47115384615384615 0.019230769230769232 0.05889423076923077
2 0.33774038461538464 0.47115384615384615 0.016826923076923076 0.055288461538461536
0 0.5877403846153846 0.4951923076923077 0.019230769230769232 0.056490384615384616
0 0.5564903846153846 0.5012019230769231 0.027644230769230768 0.040865384615384616
2 0.5612980769230769 0.4579326923076923 0.014423076923076924 0.04447115384615385
2 0.16826923076923078 0.46274038461538464 0.046875 0.078125
2 0.3629807692307692 0.4543269230769231 0.006009615384615385 0.028846153846153848
2 0.3557692307692308 0.46033653846153844 0.009615384615384616 0.028846153846153848
0 0.35697115384615385 0.4855769230769231 0.010817307692307692 0.025240384615384616
1 0.40024038461538464 0.4675480769230769 0.019230769230769232 0.021634615384615384
0 0.2668269230769231 0.4831730769230769 0.030048076923076924 0.040865384615384616