2 0.9723557692307693 0.47475961538461536 0.020432692307692308 0.08173076923076923
2 0.9507211538461539 0.4699519230769231 0.020432692307692308 0.08774038461538461
1 0.8966346153846154 0.48197115384615385 0.08774038461538461 0.09014423076923077
1 0.7716346153846154 0.4807692307692308 0.11538461538461539 0.10576923076923077
2 0.6550480769230769 0.48197115384615385 0.020432692307692308 0.08774038461538461
2 0.6057692307692307 0.47475961538461536 0.027644230769230768 0.08653846153846154
2 0.5709134615384616 0.46153846153846156 0.02403846153846154 0.040865384615384616
2 0.5396634615384616 0.44350961538461536 0.020432692307692308 0.04326923076923077
2 0.5180288461538461 0.46634615384615385 0.02403846153846154 0.09975961538461539
1 0.44471153846153844 0.47836538461538464 0.09375 0.09375
1 0.22596153846153846 0.4855769230769231 0.0985576923076923 0.08413461538461539
1 0.10336538461538461 0.47475961538461536 0.11298076923076923 0.10576923076923077
1 0.02403846153846154 0.47596153846153844 0.04567307692307692 0.09615384615384616