0 0.2127403846153846 0.5120192307692307 0.021634615384615384 0.05048076923076923
0 0.3605769230769231 0.4891826923076923 0.019230769230769232 0.04447115384615385
2 0.17427884615384615 0.45913461538461536 0.016826923076923076 0.055288461538461536
2 0.2439903846153846 0.46274038461538464 0.016826923076923076 0.05889423076923077
1 0.4987980769230769 0.5180288461538461 0.1935096153846154 0.1814903846153846
1 0.6334134615384616 0.48197115384615385 0.0889423076923077 0.07572115384615384
0 0.7199519230769231 0.5060096153846154 0.03125 0.10576923076923077
0 0.7884615384615384 0.5036057692307693 0.040865384615384616 0.10096153846153846
0 0.9603365384615384 0.5276442307692307 0.04567307692307692 0.125
0 0.016826923076923076 0.5072115384615384 0.03245192307692308 0.09014423076923077
0 0.9158653846153846 0.515625 0.04807692307692308 0.14423076923076922
2 0.3605769230769231 0.44711538461538464 0.021634615384615384 0.038461538461538464
2 0.3425480769230769 0.46153846153846156 0.016826923076923076 0.05048076923076923
2 0.3245192307692308 0.4651442307692308 0.02403846153846154 0.06971153846153846
2 0.20793269230769232 0.4567307692307692 0.03125 0.0625
2 0.16105769230769232 0.44350961538461536 0.015625 0.03125
0 0.6923076923076923 0.5180288461538461 0.027644230769230768 0.052884615384615384