1 0.9651442307692307 0.4675480769230769 0.06610576923076923 0.06490384615384616
1 0.9254807692307693 0.46033653846153844 0.025240384615384616 0.06850961538461539
1 0.875 0.46274038461538464 0.06610576923076923 0.046875
1 0.8028846153846154 0.44711538461538464 0.07692307692307693 0.07451923076923077
2 0.7512019230769231 0.4423076923076923 0.021634615384615384 0.056490384615384616
2 0.7091346153846154 0.45552884615384615 0.02403846153846154 0.09375
2 0.6862980769230769 0.43509615384615385 0.019230769230769232 0.06610576923076923
2 0.6682692307692307 0.4411057692307692 0.020432692307692308 0.078125
2 0.6526442307692307 0.4254807692307692 0.020432692307692308 0.05048076923076923
2 0.6262019230769231 0.421875 0.020432692307692308 0.055288461538461536
2 0.6081730769230769 0.4230769230769231 0.020432692307692308 0.052884615384615384
2 0.5901442307692307 0.421875 0.021634615384615384 0.05048076923076923
2 0.5721153846153846 0.4266826923076923 0.020432692307692308 0.052884615384615384
2 0.5564903846153846 0.42427884615384615 0.019230769230769232 0.04447115384615385
2 0.546875 0.42427884615384615 0.019230769230769232 0.04326923076923077
2 0.5348557692307693 0.4254807692307692 0.019230769230769232 0.04326923076923077
2 0.5144230769230769 0.4326923076923077 0.019230769230769232 0.04447115384615385
1 0.44471153846153844 0.44350961538461536 0.030048076923076924 0.027644230769230768
2 0.2824519230769231 0.44471153846153844 0.01201923076923077 0.027644230769230768
2 0.27403846153846156 0.44350961538461536 0.014423076923076924 0.038461538461538464
2 0.25961538461538464 0.4423076923076923 0.01201923076923077 0.04447115384615385
2 0.24879807692307693 0.4375 0.019230769230769232 0.046875
2 0.23557692307692307 0.4387019230769231 0.019230769230769232 0.04447115384615385
1 0.15264423076923078 0.48677884615384615 0.12860576923076922 0.11177884615384616