1 0.052884615384615384 0.5540865384615384 0.10336538461538461 0.1935096153846154
1 0.6370192307692307 0.484375 0.0733173076923077 0.09014423076923077
1 0.6598557692307693 0.5024038461538461 0.0829326923076923 0.09615384615384616
1 0.7415865384615384 0.5288461538461539 0.15745192307692307 0.16346153846153846
1 0.8473557692307693 0.5997596153846154 0.28125 0.2536057692307692
2 0.8810096153846154 0.4723557692307692 0.052884615384615384 0.055288461538461536
2 0.9735576923076923 0.5420673076923077 0.046875 0.2247596153846154
2 0.59375 0.4891826923076923 0.03485576923076923 0.11538461538461539
2 0.3737980769230769 0.47836538461538464 0.02403846153846154 0.08653846153846154
2 0.3545673076923077 0.453125 0.021634615384615384 0.0625
0 0.3317307692307692 0.5180288461538461 0.036057692307692304 0.078125
2 0.33413461538461536 0.4807692307692308 0.040865384615384616 0.08653846153846154
1 0.5372596153846154 0.4519230769230769 0.025240384615384616 0.028846153846153848
1 0.5745192307692307 0.4651442307692308 0.021634615384615384 0.03485576923076923
1 0.44591346153846156 0.45072115384615385 0.026442307692307692 0.027644230769230768
2 0.4639423076923077 0.4519230769230769 0.01201923076923077 0.028846153846153848
1 0.4963942307692308 0.44711538461538464 0.014423076923076924 0.015625
1 0.07451923076923077 0.49038461538461536 0.1045673076923077 0.09735576923076923
1 0.4014423076923077 0.4543269230769231 0.040865384615384616 0.03365384615384615