2 0.90625 0.5324519230769231 0.03485576923076923 0.10697115384615384
2 0.8197115384615384 0.5336538461538461 0.040865384615384616 0.11538461538461539
2 0.6598557692307693 0.5336538461538461 0.037259615384615384 0.09014423076923077
2 0.24639423076923078 0.5180288461538461 0.02403846153846154 0.08774038461538461
2 0.15264423076923078 0.5 0.025240384615384616 0.0625
1 0.5252403846153846 0.5192307692307693 0.051682692307692304 0.055288461538461536
1 0.4855769230769231 0.5673076923076923 0.1310096153846154 0.1466346153846154
1 0.3317307692307692 0.5360576923076923 0.12379807692307693 0.11538461538461539
0 0.11899038461538461 0.5408653846153846 0.078125 0.06971153846153846
0 0.6598557692307693 0.5588942307692307 0.021634615384615384 0.06610576923076923
2 0.8629807692307693 0.5252403846153846 0.027644230769230768 0.06610576923076923