1 0.6213942307692307 0.47836538461538464 0.046875 0.07451923076923077
2 0.5757211538461539 0.5 0.04567307692307692 0.140625
1 0.5396634615384616 0.46153846153846156 0.026442307692307692 0.06971153846153846
1 0.5192307692307693 0.44711538461538464 0.020432692307692308 0.06610576923076923
1 0.5036057692307693 0.4411057692307692 0.019230769230769232 0.05889423076923077
1 0.49158653846153844 0.40625 0.030048076923076924 0.038461538461538464
1 0.4807692307692308 0.3858173076923077 0.026442307692307692 0.037259615384615384
1 0.46153846153846156 0.38221153846153844 0.020432692307692308 0.025240384615384616
1 0.3713942307692308 0.38341346153846156 0.030048076923076924 0.028846153846153848
1 0.3557692307692308 0.39783653846153844 0.02403846153846154 0.028846153846153848
1 0.3449519230769231 0.4110576923076923 0.027644230769230768 0.03365384615384615
1 0.33533653846153844 0.4230769230769231 0.026442307692307692 0.04447115384615385
1 0.31971153846153844 0.4326923076923077 0.027644230769230768 0.04447115384615385
1 0.29086538461538464 0.44350961538461536 0.046875 0.05048076923076923
1 0.21514423076923078 0.47716346153846156 0.09254807692307693 0.08413461538461539
1 0.08653846153846154 0.44350961538461536 0.07451923076923077 0.0625
1 0.03125 0.44350961538461536 0.027644230769230768 0.05889423076923077