1 0.0673076923076923 0.6274038461538461 0.12860576923076922 0.21634615384615385
1 0.1658653846153846 0.5625 0.140625 0.13701923076923078
1 0.25961538461538464 0.5240384615384616 0.08653846153846154 0.09975961538461539
2 0.30528846153846156 0.5132211538461539 0.03245192307692308 0.09735576923076923
1 0.30288461538461536 0.4963942307692308 0.078125 0.09375
1 0.3545673076923077 0.4951923076923077 0.03125 0.06850961538461539
1 0.625 0.5012019230769231 0.09014423076923077 0.08774038461538461
1 0.6394230769230769 0.5240384615384616 0.06850961538461539 0.09014423076923077
1 0.7067307692307693 0.5516826923076923 0.14543269230769232 0.1346153846153846
1 0.8653846153846154 0.671875 0.2620192307692308 0.2776442307692308
1 0.5829326923076923 0.47115384615384615 0.05048076923076923 0.056490384615384616
1 0.5685096153846154 0.46153846153846156 0.042067307692307696 0.052884615384615384
2 0.5240384615384616 0.4495192307692308 0.020432692307692308 0.04326923076923077
2 0.5096153846153846 0.45072115384615385 0.019230769230769232 0.037259615384615384
1 0.41586538461538464 0.45913461538461536 0.02403846153846154 0.038461538461538464
1 0.42788461538461536 0.4519230769230769 0.026442307692307692 0.040865384615384616
1 0.3894230769230769 0.46634615384615385 0.03485576923076923 0.05048076923076923