2 0.20673076923076922 0.4182692307692308 0.02403846153846154 0.03485576923076923
2 0.5697115384615384 0.4639423076923077 0.021634615384615384 0.056490384615384616
2 0.2980769230769231 0.45072115384615385 0.021634615384615384 0.07211538461538461
2 0.2644230769230769 0.4495192307692308 0.019230769230769232 0.06971153846153846
1 0.6189903846153846 0.4795673076923077 0.042067307692307696 0.07572115384615384
2 0.5252403846153846 0.45072115384615385 0.019230769230769232 0.03365384615384615
2 0.4651442307692308 0.45552884615384615 0.019230769230769232 0.040865384615384616
2 0.3137019230769231 0.453125 0.021634615384615384 0.05889423076923077
2 0.390625 0.44591346153846156 0.019230769230769232 0.037259615384615384
1 0.6670673076923077 0.49158653846153844 0.09975961538461539 0.10336538461538461
0 0.04447115384615385 0.48677884615384615 0.030048076923076924 0.038461538461538464
0 0.016826923076923076 0.49278846153846156 0.03245192307692308 0.052884615384615384
2 0.7043269230769231 0.4567307692307692 0.015625 0.04326923076923077
2 0.6911057692307693 0.44350961538461536 0.019230769230769232 0.02403846153846154