1 0.2091346153846154 0.5805288461538461 0.4182692307692308 0.35336538461538464
0 0.6069711538461539 0.46634615384615385 0.016826923076923076 0.055288461538461536
2 0.6658653846153846 0.41947115384615385 0.021634615384615384 0.038461538461538464
0 0.5901442307692307 0.4651442307692308 0.021634615384615384 0.055288461538461536
0 0.5769230769230769 0.46274038461538464 0.021634615384615384 0.046875
0 0.5600961538461539 0.4699519230769231 0.020432692307692308 0.052884615384615384
0 0.5408653846153846 0.46153846153846156 0.020432692307692308 0.040865384615384616
1 0.3629807692307692 0.4411057692307692 0.021634615384615384 0.027644230769230768
1 0.34975961538461536 0.4423076923076923 0.021634615384615384 0.028846153846153848
1 0.33653846153846156 0.44471153846153844 0.021634615384615384 0.03365384615384615
1 0.32211538461538464 0.4411057692307692 0.025240384615384616 0.03485576923076923