1 0.9026442307692307 0.5865384615384616 0.19110576923076922 0.40625
1 0.7091346153846154 0.5360576923076923 0.1875 0.18509615384615385
1 0.6286057692307693 0.49759615384615385 0.13581730769230768 0.14423076923076922
1 0.5625 0.49038461538461536 0.07211538461538461 0.10096153846153846
1 0.5252403846153846 0.48197115384615385 0.042067307692307696 0.09134615384615384
1 0.41225961538461536 0.4519230769230769 0.037259615384615384 0.040865384615384616
1 0.38100961538461536 0.421875 0.015625 0.015625
1 0.3641826923076923 0.41947115384615385 0.015625 0.019230769230769232
1 0.3581730769230769 0.42427884615384615 0.015625 0.019230769230769232
1 0.3425480769230769 0.42427884615384615 0.015625 0.019230769230769232
1 0.3557692307692308 0.4519230769230769 0.025240384615384616 0.028846153846153848
1 0.32211538461538464 0.47716346153846156 0.06971153846153846 0.07572115384615384
2 0.234375 0.45552884615384615 0.019230769230769232 0.04447115384615385
2 0.14543269230769232 0.5 0.037259615384615384 0.17548076923076922
2 0.11778846153846154 0.5252403846153846 0.03125 0.13701923076923078
1 0.19471153846153846 0.4963942307692308 0.057692307692307696 0.11298076923076923
1 0.09254807692307693 0.5192307692307693 0.019230769230769232 0.06971153846153846