2 0.9507211538461539 0.46634615384615385 0.02403846153846154 0.03365384615384615
2 0.8629807692307693 0.47596153846153844 0.04326923076923077 0.13221153846153846
2 0.9471153846153846 0.4254807692307692 0.020432692307692308 0.04326923076923077
2 0.8064903846153846 0.4735576923076923 0.021634615384615384 0.09615384615384616
2 0.7884615384615384 0.46875 0.03125 0.11298076923076923
2 0.7740384615384616 0.47115384615384615 0.021634615384615384 0.09975961538461539
2 0.7259615384615384 0.46634615384615385 0.020432692307692308 0.07211538461538461
2 0.6959134615384616 0.46634615384615385 0.02403846153846154 0.07451923076923077
1 0.5829326923076923 0.4855769230769231 0.09975961538461539 0.10697115384615384
1 0.4387019230769231 0.46274038461538464 0.046875 0.05889423076923077
1 0.36778846153846156 0.45913461538461536 0.026442307692307692 0.03125
1 0.39663461538461536 0.4639423076923077 0.03125 0.03365384615384615
1 0.2403846153846154 0.4831730769230769 0.07211538461538461 0.07211538461538461
1 0.1346153846153846 0.4951923076923077 0.14423076923076922 0.1310096153846154
1 0.014423076923076924 0.5360576923076923 0.027644230769230768 0.12740384615384615
2 0.49278846153846156 0.45552884615384615 0.009615384615384616 0.025240384615384616
2 0.5420673076923077 0.45552884615384615 0.009615384615384616 0.027644230769230768
2 0.5216346153846154 0.4543269230769231 0.007211538461538462 0.028846153846153848