1 0.07932692307692307 0.5456730769230769 0.15865384615384615 0.17307692307692307
1 0.2283653846153846 0.46634615384615385 0.05048076923076923 0.056490384615384616
1 0.29927884615384615 0.4723557692307692 0.04567307692307692 0.038461538461538464
1 0.4026442307692308 0.4699519230769231 0.04326923076923077 0.04447115384615385
1 0.5829326923076923 0.47596153846153844 0.052884615384615384 0.056490384615384616
1 0.78125 0.5552884615384616 0.234375 0.21634615384615385
1 0.8810096153846154 0.6826923076923077 0.23557692307692307 0.38822115384615385
2 0.5384615384615384 0.46634615384615385 0.019230769230769232 0.05048076923076923
2 0.5276442307692307 0.46634615384615385 0.019230769230769232 0.052884615384615384
2 0.43990384615384615 0.4651442307692308 0.020432692307692308 0.046875
1 0.3581730769230769 0.47475961538461536 0.055288461538461536 0.0625
1 0.12620192307692307 0.4723557692307692 0.11057692307692307 0.06610576923076923
1 0.15625 0.46153846153846156 0.078125 0.0625
1 0.45913461538461536 0.45552884615384615 0.020432692307692308 0.028846153846153848