1 0.056490384615384616 0.6382211538461539 0.109375 0.2439903846153846
1 0.14423076923076922 0.5745192307692307 0.15625 0.16346153846153846
1 0.23076923076923078 0.5228365384615384 0.13221153846153846 0.13822115384615385
1 0.3137019230769231 0.49759615384615385 0.06850961538461539 0.056490384615384616
1 0.3401442307692308 0.4831730769230769 0.06129807692307692 0.056490384615384616
1 0.3762019230769231 0.47115384615384615 0.04567307692307692 0.05048076923076923
1 0.6009615384615384 0.4891826923076923 0.0625 0.056490384615384616
1 0.7836538461538461 0.6033653846153846 0.23317307692307693 0.19110576923076922
1 0.8028846153846154 0.47836538461538464 0.09975961538461539 0.06610576923076923
1 0.7584134615384616 0.47836538461538464 0.1045673076923077 0.05889423076923077
1 0.6634615384615384 0.45913461538461536 0.036057692307692304 0.038461538461538464
1 0.9423076923076923 0.5180288461538461 0.09014423076923077 0.10096153846153846
1 0.9807692307692307 0.53125 0.03485576923076923 0.14423076923076922
2 0.4230769230769231 0.4639423076923077 0.019230769230769232 0.06009615384615385