1 0.039663461538461536 0.515625 0.07692307692307693 0.12139423076923077
1 0.5997596153846154 0.48197115384615385 0.1045673076923077 0.06610576923076923
1 0.6875 0.47836538461538464 0.09735576923076923 0.05889423076923077
1 0.7932692307692307 0.4735576923076923 0.10576923076923077 0.06850961538461539
1 0.8653846153846154 0.47475961538461536 0.052884615384615384 0.05048076923076923
2 0.3713942307692308 0.48677884615384615 0.025240384615384616 0.09735576923076923
2 0.49399038461538464 0.484375 0.037259615384615384 0.10576923076923077
2 0.5384615384615384 0.46634615384615385 0.040865384615384616 0.07211538461538461
2 0.9615384615384616 0.48677884615384615 0.030048076923076924 0.10096153846153846
0 0.5384615384615384 0.5108173076923077 0.04807692307692308 0.04447115384615385
2 0.7199519230769231 0.4567307692307692 0.020432692307692308 0.04326923076923077
2 0.8990384615384616 0.46274038461538464 0.019230769230769232 0.05048076923076923
2 0.9158653846153846 0.46634615384615385 0.020432692307692308 0.06009615384615385
2 0.9435096153846154 0.46634615384615385 0.020432692307692308 0.05048076923076923
2 0.6394230769230769 0.4579326923076923 0.020432692307692308 0.03365384615384615
2 0.625 0.453125 0.015625 0.019230769230769232