2 0.9807692307692307 0.5228365384615384 0.036057692307692304 0.09975961538461539
2 0.6814903846153846 0.5504807692307693 0.05048076923076923 0.12860576923076922
2 0.5817307692307693 0.47836538461538464 0.02403846153846154 0.09014423076923077
2 0.5252403846153846 0.4795673076923077 0.03485576923076923 0.09134615384615384
1 0.9266826923076923 0.7151442307692307 0.13701923076923078 0.25721153846153844
1 0.8762019230769231 0.5913461538461539 0.1935096153846154 0.18509615384615385
1 0.7127403846153846 0.5384615384615384 0.07451923076923077 0.14423076923076922
1 0.3786057692307692 0.4963942307692308 0.09735576923076923 0.11298076923076923
1 0.3293269230769231 0.5288461538461539 0.0889423076923077 0.11538461538461539
1 0.23197115384615385 0.5661057692307693 0.18269230769230768 0.15625
1 0.04447115384615385 0.6995192307692307 0.08653846153846154 0.2536057692307692
1 0.42788461538461536 0.4831730769230769 0.02403846153846154 0.056490384615384616
1 0.7716346153846154 0.5540865384615384 0.11298076923076923 0.11899038461538461
1 0.6682692307692307 0.49759615384615385 0.052884615384615384 0.06490384615384616
1 0.6502403846153846 0.48677884615384615 0.042067307692307696 0.05889423076923077
1 0.6394230769230769 0.4807692307692308 0.042067307692307696 0.06610576923076923
1 0.5685096153846154 0.4579326923076923 0.025240384615384616 0.03365384615384615
1 0.49399038461538464 0.4543269230769231 0.03125 0.03365384615384615
1 0.44711538461538464 0.4831730769230769 0.03245192307692308 0.06009615384615385
1 0.4675480769230769 0.4699519230769231 0.027644230769230768 0.04447115384615385
0 0.5252403846153846 0.5072115384615384 0.020432692307692308 0.052884615384615384