1 0.9567307692307693 0.5492788461538461 0.08413461538461539 0.12860576923076922
1 0.09495192307692307 0.40024038461538464 0.06610576923076923 0.06610576923076923
1 0.17908653846153846 0.4182692307692308 0.06971153846153846 0.06610576923076923
1 0.3233173076923077 0.42427884615384615 0.040865384615384616 0.06009615384615385
1 0.40024038461538464 0.41947115384615385 0.03245192307692308 0.052884615384615384
1 0.4254807692307692 0.41225961538461536 0.03245192307692308 0.038461538461538464
2 0.6670673076923077 0.44711538461538464 0.03485576923076923 0.12860576923076922
2 0.6370192307692307 0.44591346153846156 0.03245192307692308 0.11899038461538461
2 0.35216346153846156 0.4206730769230769 0.030048076923076924 0.09975961538461539
1 0.6057692307692307 0.42788461538461536 0.037259615384615384 0.07451923076923077
1 0.5901442307692307 0.4266826923076923 0.027644230769230768 0.052884615384615384
1 0.3713942307692308 0.42908653846153844 0.03245192307692308 0.06850961538461539
1 0.2439903846153846 0.4387019230769231 0.1346153846153846 0.11538461538461539
1 0.04567307692307692 0.40865384615384615 0.07932692307692307 0.09014423076923077
1 0.4483173076923077 0.41346153846153844 0.021634615384615384 0.038461538461538464
1 0.46274038461538464 0.40625 0.026442307692307692 0.038461538461538464