0 0.039663461538461536 0.5588942307692307 0.06971153846153846 0.07451923076923077
0 0.12620192307692307 0.5432692307692307 0.03125 0.10096153846153846
0 0.21875 0.5264423076923077 0.037259615384615384 0.06490384615384616
0 0.2932692307692308 0.5096153846153846 0.03485576923076923 0.05048076923076923
2 0.04447115384615385 0.4879807692307692 0.06971153846153846 0.13221153846153846
2 0.09254807692307693 0.4651442307692308 0.036057692307692304 0.078125
1 0.020432692307692308 0.47115384615384615 0.040865384615384616 0.05889423076923077
2 0.12860576923076922 0.46153846153846156 0.06129807692307692 0.09975961538461539
2 0.21754807692307693 0.46875 0.046875 0.10096153846153846
1 0.5504807692307693 0.4807692307692308 0.0829326923076923 0.08653846153846154
2 0.2920673076923077 0.4699519230769231 0.027644230769230768 0.07572115384615384
1 0.18028846153846154 0.46153846153846156 0.04807692307692308 0.052884615384615384
0 0.18870192307692307 0.5240384615384616 0.027644230769230768 0.040865384615384616
0 0.15865384615384615 0.5420673076923077 0.02403846153846154 0.040865384615384616
1 0.5072115384615384 0.48197115384615385 0.021634615384615384 0.040865384615384616
1 0.4987980769230769 0.4735576923076923 0.030048076923076924 0.040865384615384616
1 0.4026442307692308 0.47475961538461536 0.026442307692307692 0.027644230769230768