2 0.9723557692307693 0.5600961538461539 0.051682692307692304 0.4495192307692308
1 0.9290865384615384 0.5649038461538461 0.06971153846153846 0.15264423076923078
1 0.8413461538461539 0.5096153846153846 0.23317307692307693 0.20673076923076922
1 0.7115384615384616 0.5024038461538461 0.1045673076923077 0.1502403846153846
1 0.6802884615384616 0.49278846153846156 0.11538461538461539 0.1346153846153846
1 0.6478365384615384 0.4723557692307692 0.13942307692307693 0.125
1 0.5600961538461539 0.48197115384615385 0.038461538461538464 0.09134615384615384
1 0.5372596153846154 0.48677884615384615 0.02403846153846154 0.06009615384615385
2 0.5120192307692307 0.47836538461538464 0.021634615384615384 0.08653846153846154
2 0.4891826923076923 0.47475961538461536 0.019230769230769232 0.078125
1 0.41586538461538464 0.4795673076923077 0.12139423076923077 0.15384615384615385
1 0.34615384615384615 0.45072115384615385 0.03245192307692308 0.03485576923076923
1 0.0985576923076923 0.48677884615384615 0.1971153846153846 0.21153846153846154
1 0.036057692307692304 0.5456730769230769 0.07211538461538461 0.13822115384615385
1 0.30649038461538464 0.4831730769230769 0.09735576923076923 0.08413461538461539
1 0.21754807692307693 0.4735576923076923 0.10096153846153846 0.12259615384615384
1 0.21394230769230768 0.5096153846153846 0.05889423076923077 0.125