1 0.35096153846153844 0.5072115384615384 0.09495192307692307 0.078125
1 0.31850961538461536 0.4795673076923077 0.04567307692307692 0.04447115384615385
1 0.25600961538461536 0.4735576923076923 0.046875 0.052884615384615384
1 0.8966346153846154 0.4963942307692308 0.15745192307692307 0.055288461538461536
2 0.6875 0.46274038461538464 0.021634615384615384 0.0625
2 0.6682692307692307 0.46153846153846156 0.026442307692307692 0.0625
2 0.6442307692307693 0.4735576923076923 0.030048076923076924 0.06850961538461539
2 0.2091346153846154 0.48197115384615385 0.020432692307692308 0.05889423076923077
2 0.19110576923076922 0.4807692307692308 0.025240384615384616 0.06610576923076923
1 0.4338942307692308 0.47596153846153844 0.04326923076923077 0.037259615384615384
1 0.41225961538461536 0.4639423076923077 0.030048076923076924 0.037259615384615384
1 0.390625 0.46153846153846156 0.021634615384615384 0.03365384615384615
0 0.9447115384615384 0.5588942307692307 0.07692307692307693 0.08173076923076923
1 0.9627403846153846 0.47115384615384615 0.040865384615384616 0.03365384615384615
2 0.5877403846153846 0.44471153846153844 0.020432692307692308 0.03125