1 0.0829326923076923 0.5757211538461539 0.1658653846153846 0.15384615384615385
1 0.20673076923076922 0.5288461538461539 0.125 0.12860576923076922
1 0.2776442307692308 0.4951923076923077 0.08653846153846154 0.10336538461538461
1 0.35096153846153844 0.46875 0.04567307692307692 0.046875
1 0.36778846153846156 0.4567307692307692 0.04567307692307692 0.04326923076923077
1 0.3870192307692308 0.4543269230769231 0.03125 0.040865384615384616
1 0.4170673076923077 0.44471153846153844 0.027644230769230768 0.02403846153846154
1 0.5769230769230769 0.4795673076923077 0.08653846153846154 0.07572115384615384
1 0.6322115384615384 0.5024038461538461 0.11778846153846154 0.10697115384615384
1 0.6862980769230769 0.546875 0.1778846153846154 0.14423076923076922
1 0.7848557692307693 0.47596153846153844 0.07692307692307693 0.06490384615384616
1 0.4723557692307692 0.4338942307692308 0.020432692307692308 0.02403846153846154
1 0.5444711538461539 0.46153846153846156 0.036057692307692304 0.05048076923076923
1 0.5144230769230769 0.43990384615384615 0.025240384615384616 0.03125
1 0.5204326923076923 0.4495192307692308 0.021634615384615384 0.03125
1 0.3233173076923077 0.48677884615384615 0.040865384615384616 0.0625
2 0.4495192307692308 0.44350961538461536 0.015625 0.03485576923076923
2 0.4879807692307692 0.4326923076923077 0.015625 0.028846153846153848