1 0.7103365384615384 0.4543269230769231 0.14182692307692307 0.10336538461538461
2 0.859375 0.46153846153846156 0.021634615384615384 0.10697115384615384
1 0.47836538461538464 0.41947115384615385 0.06129807692307692 0.027644230769230768
1 0.45913461538461536 0.46153846153846156 0.10817307692307693 0.07572115384615384
1 0.34975961538461536 0.43509615384615385 0.0829326923076923 0.05889423076923077
1 0.25240384615384615 0.4423076923076923 0.055288461538461536 0.06850961538461539
1 0.15745192307692307 0.44350961538461536 0.06129807692307692 0.05889423076923077
2 0.20072115384615385 0.47596153846153844 0.03245192307692308 0.1935096153846154
1 0.040865384615384616 0.44350961538461536 0.07932692307692307 0.10096153846153846
1 0.10576923076923077 0.4543269230769231 0.05889423076923077 0.07211538461538461
1 0.265625 0.43990384615384615 0.09735576923076923 0.06610576923076923
1 0.546875 0.4387019230769231 0.06610576923076923 0.056490384615384616