1 0.06490384615384616 0.6382211538461539 0.12980769230769232 0.21634615384615385
1 0.2403846153846154 0.53125 0.12620192307692307 0.12139423076923077
1 0.296875 0.5024038461538461 0.06850961538461539 0.06971153846153846
1 0.3245192307692308 0.48677884615384615 0.051682692307692304 0.05889423076923077
1 0.359375 0.47475961538461536 0.04326923076923077 0.05048076923076923
1 0.38221153846153844 0.46153846153846156 0.052884615384615384 0.04447115384615385
1 0.5973557692307693 0.4795673076923077 0.078125 0.06490384615384616
1 0.84375 0.640625 0.3088942307692308 0.3557692307692308
1 0.41586538461538464 0.4519230769230769 0.042067307692307696 0.037259615384615384
1 0.4483173076923077 0.4411057692307692 0.027644230769230768 0.02403846153846154
1 0.46153846153846156 0.43028846153846156 0.020432692307692308 0.02403846153846154
1 0.5661057692307693 0.46153846153846156 0.05048076923076923 0.040865384615384616
1 0.8810096153846154 0.46153846153846156 0.08173076923076923 0.03125