2 0.45072115384615385 0.46634615384615385 0.020432692307692308 0.056490384615384616
2 0.4651442307692308 0.4699519230769231 0.020432692307692308 0.04447115384615385
2 0.5661057692307693 0.47475961538461536 0.021634615384615384 0.05889423076923077
2 0.5925480769230769 0.4855769230769231 0.02403846153846154 0.07211538461538461
1 0.8822115384615384 0.6105769230769231 0.23317307692307693 0.46274038461538464
1 0.7536057692307693 0.5745192307692307 0.11778846153846154 0.18028846153846154
1 0.6814903846153846 0.515625 0.10336538461538461 0.11298076923076923
1 0.6286057692307693 0.5024038461538461 0.04567307692307692 0.08173076923076923
1 0.40024038461538464 0.484375 0.05889423076923077 0.05048076923076923
1 0.08413461538461539 0.5360576923076923 0.15625 0.2247596153846154
1 0.5348557692307693 0.45913461538461536 0.02403846153846154 0.03125
1 0.31971153846153844 0.49038461538461536 0.109375 0.09375
2 0.48677884615384615 0.4651442307692308 0.014423076923076924 0.03485576923076923