2 0.6826923076923077 0.47115384615384615 0.040865384615384616 0.11298076923076923
2 0.7247596153846154 0.46875 0.042067307692307696 0.12139423076923077
1 0.8088942307692307 0.46634615384615385 0.051682692307692304 0.07451923076923077
1 0.9254807692307693 0.44711538461538464 0.140625 0.140625
1 0.9495192307692307 0.49038461538461536 0.09495192307692307 0.125
1 0.3629807692307692 0.49038461538461536 0.07451923076923077 0.07451923076923077
2 0.04927884615384615 0.47115384615384615 0.020432692307692308 0.028846153846153848
2 0.06370192307692307 0.4699519230769231 0.02403846153846154 0.03365384615384615
2 0.6045673076923077 0.46153846153846156 0.025240384615384616 0.0625
2 0.6322115384615384 0.45072115384615385 0.020432692307692308 0.056490384615384616
1 0.41225961538461536 0.46153846153846156 0.025240384615384616 0.028846153846153848
1 0.46274038461538464 0.46153846153846156 0.042067307692307696 0.03125
2 0.12620192307692307 0.4891826923076923 0.021634615384615384 0.03365384615384615
1 0.6478365384615384 0.44591346153846156 0.020432692307692308 0.028846153846153848