1 0.5625 0.5612980769230769 0.265625 0.2403846153846154
0 0.8713942307692307 0.5300480769230769 0.040865384615384616 0.056490384615384616
0 0.24278846153846154 0.53125 0.027644230769230768 0.05889423076923077
0 0.02403846153846154 0.5769230769230769 0.038461538461538464 0.10336538461538461
2 0.9170673076923077 0.49759615384615385 0.04326923076923077 0.14302884615384615
2 0.171875 0.4723557692307692 0.015625 0.05889423076923077
2 0.15985576923076922 0.47716346153846156 0.016826923076923076 0.07211538461538461
2 0.8918269230769231 0.46153846153846156 0.027644230769230768 0.08653846153846154
0 0.9471153846153846 0.5300480769230769 0.016826923076923076 0.052884615384615384
1 0.41346153846153844 0.46634615384615385 0.019230769230769232 0.025240384615384616
1 0.4050480769230769 0.4675480769230769 0.019230769230769232 0.025240384615384616
1 0.3870192307692308 0.47115384615384615 0.021634615384615384 0.03365384615384615
2 0.23918269230769232 0.4735576923076923 0.03125 0.06009615384615385
2 0.1346153846153846 0.47716346153846156 0.030048076923076924 0.08413461538461539
2 0.10336538461538461 0.4735576923076923 0.021634615384615384 0.07572115384615384
2 0.08774038461538461 0.4735576923076923 0.019230769230769232 0.07572115384615384
2 0.06850961538461539 0.47596153846153844 0.021634615384615384 0.08173076923076923
2 0.02403846153846154 0.46634615384615385 0.04567307692307692 0.12139423076923077