1 0.078125 0.7632211538461539 0.15625 0.3401442307692308
1 0.07932692307692307 0.5649038461538461 0.15264423076923078 0.140625
1 0.1658653846153846 0.5 0.0673076923076923 0.05889423076923077
1 0.23557692307692307 0.5697115384615384 0.21995192307692307 0.1971153846153846
1 0.3629807692307692 0.5012019230769231 0.08173076923076923 0.11538461538461539
1 0.9326923076923077 0.8822115384615384 0.12860576923076922 0.23076923076923078
1 0.8221153846153846 0.6418269230769231 0.34975961538461536 0.33413461538461536
1 0.6574519230769231 0.5540865384615384 0.109375 0.13822115384615385
1 0.6153846153846154 0.5192307692307693 0.09014423076923077 0.10096153846153846
1 0.5901442307692307 0.48197115384615385 0.078125 0.10096153846153846
2 0.5060096153846154 0.4675480769230769 0.025240384615384616 0.06009615384615385
2 0.40625 0.4579326923076923 0.019230769230769232 0.052884615384615384
1 0.4206730769230769 0.4519230769230769 0.027644230769230768 0.037259615384615384
1 0.49278846153846156 0.4483173076923077 0.03485576923076923 0.04447115384615385
1 0.6875 0.4411057692307692 0.037259615384615384 0.03485576923076923
1 0.6598557692307693 0.44471153846153844 0.030048076923076924 0.03365384615384615
1 0.2536057692307692 0.4567307692307692 0.11538461538461539 0.03485576923076923
1 0.5480769230769231 0.45552884615384615 0.042067307692307696 0.05048076923076923