2 0.5697115384615384 0.4723557692307692 0.021634615384615384 0.06610576923076923
1 0.859375 0.6646634615384616 0.27524038461538464 0.38100961538461536
1 0.640625 0.5072115384615384 0.0625 0.09975961538461539
1 0.6129807692307693 0.4951923076923077 0.04807692307692308 0.07572115384615384
1 0.3737980769230769 0.4735576923076923 0.052884615384615384 0.06490384615384616
1 0.4098557692307692 0.47115384615384615 0.030048076923076924 0.046875
1 0.09254807692307693 0.5288461538461539 0.18028846153846154 0.19110576923076922
1 0.21754807692307693 0.4987980769230769 0.13581730769230768 0.13822115384615385
1 0.2956730769230769 0.49278846153846156 0.09254807692307693 0.09735576923076923
1 0.3389423076923077 0.4879807692307692 0.0625 0.06971153846153846
1 0.4266826923076923 0.46634615384615385 0.027644230769230768 0.046875
1 0.4675480769230769 0.45913461538461536 0.027644230769230768 0.03125
1 0.7596153846153846 0.5384615384615384 0.2091346153846154 0.2403846153846154