0 0.30288461538461536 0.6105769230769231 0.14423076923076922 0.08774038461538461
2 0.3112980769230769 0.5336538461538461 0.057692307692307696 0.15985576923076922
1 0.06971153846153846 0.4206730769230769 0.1346153846153846 0.028846153846153848
1 0.20432692307692307 0.44350961538461536 0.1201923076923077 0.10096153846153846
1 0.4567307692307692 0.44591346153846156 0.06129807692307692 0.056490384615384616
1 0.49399038461538464 0.4387019230769231 0.037259615384615384 0.040865384615384616
1 0.515625 0.4362980769230769 0.03485576923076923 0.040865384615384616
1 0.7115384615384616 0.44591346153846156 0.06129807692307692 0.06490384615384616
1 0.9627403846153846 0.4651442307692308 0.0673076923076923 0.11298076923076923
1 0.8798076923076923 0.4651442307692308 0.05889423076923077 0.10576923076923077
1 0.8377403846153846 0.46033653846153844 0.06610576923076923 0.07211538461538461
1 0.5600961538461539 0.43149038461538464 0.042067307692307696 0.046875
1 0.5889423076923077 0.4206730769230769 0.03125 0.037259615384615384
1 0.6081730769230769 0.4206730769230769 0.021634615384615384 0.028846153846153848