1 0.9639423076923077 0.45913461538461536 0.06610576923076923 0.06971153846153846
1 0.9759615384615384 0.5709134615384616 0.04326923076923077 0.10697115384615384
1 0.8990384615384616 0.46274038461538464 0.0733173076923077 0.0625
1 0.8161057692307693 0.4483173076923077 0.09735576923076923 0.08774038461538461
2 0.6947115384615384 0.41947115384615385 0.026442307692307692 0.052884615384615384
2 0.6526442307692307 0.3918269230769231 0.020432692307692308 0.028846153846153848
1 0.4098557692307692 0.43149038461538464 0.03245192307692308 0.05048076923076923
1 0.6057692307692307 0.4879807692307692 0.4026442307692308 0.18028846153846154
1 0.3581730769230769 0.43990384615384615 0.03245192307692308 0.028846153846153848
1 0.3112980769230769 0.43509615384615385 0.056490384615384616 0.06850961538461539
1 0.2512019230769231 0.47716346153846156 0.10336538461538461 0.09975961538461539
1 0.09014423076923077 0.484375 0.15504807692307693 0.125