1 0.02403846153846154 0.5048076923076923 0.046875 0.12259615384615384
1 0.16466346153846154 0.4831730769230769 0.12379807692307693 0.08774038461538461
1 0.22596153846153846 0.4675480769230769 0.07451923076923077 0.08774038461538461
1 0.2848557692307692 0.47115384615384615 0.056490384615384616 0.06610576923076923
1 0.31971153846153844 0.46634615384615385 0.042067307692307696 0.056490384615384616
2 0.8954326923076923 0.5048076923076923 0.056490384615384616 0.18509615384615385
2 0.6153846153846154 0.47836538461538464 0.025240384615384616 0.07451923076923077
0 0.6129807692307693 0.5024038461538461 0.020432692307692308 0.05048076923076923
2 0.5372596153846154 0.44711538461538464 0.015625 0.027644230769230768
1 0.41586538461538464 0.45072115384615385 0.03125 0.025240384615384616
1 0.4254807692307692 0.44591346153846156 0.02403846153846154 0.028846153846153848
1 0.46634615384615385 0.4495192307692308 0.016826923076923076 0.019230769230769232