2 0.7115384615384616 0.5192307692307693 0.03125 0.078125
2 0.7379807692307693 0.5048076923076923 0.02403846153846154 0.052884615384615384
2 0.9338942307692307 0.5180288461538461 0.025240384615384616 0.04447115384615385
2 0.9158653846153846 0.5168269230769231 0.019230769230769232 0.037259615384615384
2 0.8966346153846154 0.515625 0.026442307692307692 0.04326923076923077
2 0.8641826923076923 0.5132211538461539 0.025240384615384616 0.055288461538461536
2 0.8485576923076923 0.5168269230769231 0.019230769230769232 0.052884615384615384
2 0.7944711538461539 0.5096153846153846 0.030048076923076924 0.03485576923076923
1 0.06610576923076923 0.5120192307692307 0.0733173076923077 0.07451923076923077
1 0.030048076923076924 0.5216346153846154 0.05889423076923077 0.07451923076923077
1 0.31009615384615385 0.5336538461538461 0.21153846153846154 0.19471153846153846
1 0.2127403846153846 0.5384615384615384 0.027644230769230768 0.03365384615384615