1 0.8088942307692307 0.5288461538461539 0.28125 0.25600961538461536
1 0.5709134615384616 0.47115384615384615 0.055288461538461536 0.06610576923076923
1 0.5324519230769231 0.4639423076923077 0.02403846153846154 0.04927884615384615
2 0.515625 0.45913461538461536 0.015625 0.038461538461538464
1 0.4495192307692308 0.46634615384615385 0.040865384615384616 0.04927884615384615
1 0.421875 0.4230769230769231 0.019230769230769232 0.021634615384615384
1 0.42788461538461536 0.4483173076923077 0.020432692307692308 0.025240384615384616
1 0.3798076923076923 0.46274038461538464 0.021634615384615384 0.03125
1 0.3629807692307692 0.47836538461538464 0.03485576923076923 0.05048076923076923
1 0.31490384615384615 0.47836538461538464 0.0673076923076923 0.08173076923076923
2 0.2608173076923077 0.46634615384615385 0.015625 0.056490384615384616
2 0.24639423076923078 0.46875 0.016826923076923076 0.055288461538461536