1 0.6286057692307693 0.5012019230769231 0.13701923076923078 0.12259615384615384
1 0.5588942307692307 0.48197115384615385 0.056490384615384616 0.09134615384615384
1 0.5252403846153846 0.48197115384615385 0.025240384615384616 0.05889423076923077
1 0.49038461538461536 0.4951923076923077 0.036057692307692304 0.028846153846153848
1 0.4567307692307692 0.4855769230769231 0.027644230769230768 0.037259615384615384
1 0.43990384615384615 0.49038461538461536 0.030048076923076924 0.03485576923076923
1 0.4026442307692308 0.4831730769230769 0.04326923076923077 0.06009615384615385
1 0.37259615384615385 0.4807692307692308 0.036057692307692304 0.06971153846153846
1 0.31850961538461536 0.49399038461538464 0.11778846153846154 0.09375
1 0.171875 0.5276442307692307 0.1778846153846154 0.15625
1 0.04807692307692308 0.5528846153846154 0.09375 0.24639423076923078