1 0.8197115384615384 0.5228365384615384 0.27403846153846156 0.14302884615384615
1 0.7139423076923077 0.5048076923076923 0.08173076923076923 0.07572115384615384
1 0.6658653846153846 0.4963942307692308 0.052884615384615384 0.06610576923076923
1 0.5420673076923077 0.47115384615384615 0.025240384615384616 0.028846153846153848
1 0.5276442307692307 0.46875 0.020432692307692308 0.027644230769230768
2 0.4567307692307692 0.49278846153846156 0.04326923076923077 0.09975961538461539
1 0.4254807692307692 0.4675480769230769 0.019230769230769232 0.028846153846153848
1 0.39663461538461536 0.4675480769230769 0.05048076923076923 0.06009615384615385
2 0.33413461538461536 0.4543269230769231 0.014423076923076924 0.040865384615384616
2 0.31009615384615385 0.4543269230769231 0.016826923076923076 0.040865384615384616
2 0.09975961538461539 0.4735576923076923 0.036057692307692304 0.08774038461538461