2 0.4266826923076923 0.46634615384615385 0.021634615384615384 0.07451923076923077
2 0.6370192307692307 0.4651442307692308 0.021634615384615384 0.08653846153846154
2 0.6177884615384616 0.46153846153846156 0.026442307692307692 0.09615384615384616
2 0.7259615384615384 0.4723557692307692 0.03485576923076923 0.13701923076923078
2 0.14783653846153846 0.48677884615384615 0.020432692307692308 0.078125
1 0.8100961538461539 0.45072115384615385 0.057692307692307696 0.09735576923076923
1 0.9266826923076923 0.4495192307692308 0.14423076923076922 0.14423076923076922
1 0.9519230769230769 0.49038461538461536 0.09375 0.12139423076923077
2 0.5516826923076923 0.46033653846153844 0.019230769230769232 0.052884615384615384
2 0.4723557692307692 0.4579326923076923 0.019230769230769232 0.040865384615384616
2 0.16826923076923078 0.47716346153846156 0.019230769230769232 0.037259615384615384
2 0.13221153846153846 0.4807692307692308 0.015625 0.02403846153846154
2 0.1141826923076923 0.47836538461538464 0.021634615384615384 0.03125
1 0.453125 0.46153846153846156 0.027644230769230768 0.027644230769230768