1 0.9435096153846154 0.5204326923076923 0.11057692307692307 0.1622596153846154
1 0.8713942307692307 0.4795673076923077 0.2548076923076923 0.1778846153846154
1 0.8028846153846154 0.47596153846153844 0.1310096153846154 0.1466346153846154
1 0.59375 0.49038461538461536 0.2247596153846154 0.296875
1 0.4098557692307692 0.4675480769230769 0.13581730769230768 0.1502403846153846
2 0.33413461538461536 0.4735576923076923 0.0829326923076923 0.2439903846153846
0 0.328125 0.6021634615384616 0.078125 0.1658653846153846
1 0.17307692307692307 0.4807692307692308 0.23317307692307693 0.234375
1 0.2932692307692308 0.46875 0.2127403846153846 0.15625
1 0.056490384615384616 0.5072115384615384 0.11298076923076923 0.32572115384615385
1 0.7223557692307693 0.48197115384615385 0.030048076923076924 0.04326923076923077