1 0.040865384615384616 0.4987980769230769 0.08173076923076923 0.11538461538461539
1 0.16466346153846154 0.4807692307692308 0.06129807692307692 0.08173076923076923
1 0.5480769230769231 0.4795673076923077 0.078125 0.07572115384615384
0 0.109375 0.5444711538461539 0.056490384615384616 0.078125
0 0.20552884615384615 0.5360576923076923 0.026442307692307692 0.06490384615384616
0 0.2668269230769231 0.5168269230769231 0.03125 0.056490384615384616
0 0.3425480769230769 0.5973557692307693 0.06850961538461539 0.09375
0 0.4387019230769231 0.5889423076923077 0.09014423076923077 0.13822115384615385
2 0.38822115384615385 0.515625 0.09254807692307693 0.19951923076923078
2 0.26802884615384615 0.47115384615384615 0.03245192307692308 0.09615384615384616
2 0.203125 0.49278846153846156 0.03485576923076923 0.12740384615384615
2 0.23557692307692307 0.47115384615384615 0.040865384615384616 0.08774038461538461
1 0.5060096153846154 0.48197115384615385 0.025240384615384616 0.04326923076923077
1 0.5 0.4735576923076923 0.03125 0.040865384615384616
2 0.3088942307692308 0.4735576923076923 0.03485576923076923 0.07572115384615384
2 0.3269230769230769 0.46634615384615385 0.021634615384615384 0.06009615384615385