2 0.7079326923076923 0.48197115384615385 0.027644230769230768 0.11778846153846154
2 0.6682692307692307 0.49399038461538464 0.036057692307692304 0.140625
2 0.9615384615384616 0.4735576923076923 0.037259615384615384 0.06009615384615385
1 0.8052884615384616 0.45072115384615385 0.1622596153846154 0.06610576923076923
2 0.5625 0.4723557692307692 0.027644230769230768 0.09375
1 0.49399038461538464 0.46875 0.036057692307692304 0.04326923076923077
2 0.4651442307692308 0.46634615384615385 0.020432692307692308 0.056490384615384616
1 0.39783653846153844 0.4639423076923077 0.03245192307692308 0.037259615384615384
2 0.3401442307692308 0.47596153846153844 0.019230769230769232 0.052884615384615384
2 0.3137019230769231 0.4651442307692308 0.019230769230769232 0.0625
1 0.23918269230769232 0.453125 0.046875 0.038461538461538464
1 0.20552884615384615 0.453125 0.020432692307692308 0.03125
1 0.1502403846153846 0.4495192307692308 0.04326923076923077 0.027644230769230768
1 0.10817307692307693 0.45072115384615385 0.03485576923076923 0.03365384615384615
1 0.08413461538461539 0.45552884615384615 0.027644230769230768 0.027644230769230768
1 0.054086538461538464 0.5540865384615384 0.10817307692307693 0.29447115384615385
1 0.05048076923076923 0.4411057692307692 0.027644230769230768 0.03125