1 0.9519230769230769 0.7019230769230769 0.09254807692307693 0.23197115384615385
1 0.8521634615384616 0.6009615384615384 0.2920673076923077 0.21634615384615385
1 0.6598557692307693 0.5516826923076923 0.19471153846153846 0.12259615384615384
2 0.7596153846153846 0.4855769230769231 0.040865384615384616 0.07572115384615384
1 0.5408653846153846 0.5132211538461539 0.15144230769230768 0.10336538461538461
1 0.45913461538461536 0.49759615384615385 0.109375 0.08653846153846154
2 0.3629807692307692 0.4651442307692308 0.027644230769230768 0.06610576923076923
2 0.06370192307692307 0.4483173076923077 0.025240384615384616 0.052884615384615384
1 0.31971153846153844 0.46274038461538464 0.0733173076923077 0.05889423076923077
1 0.7475961538461539 0.4387019230769231 0.042067307692307696 0.028846153846153848
2 0.10336538461538461 0.45072115384615385 0.019230769230769232 0.052884615384615384
2 0.11899038461538461 0.4411057692307692 0.020432692307692308 0.05889423076923077
2 0.16105769230769232 0.43990384615384615 0.019230769230769232 0.055288461538461536
2 0.15144230769230768 0.44350961538461536 0.019230769230769232 0.05048076923076923