1 0.15985576923076922 0.49759615384615385 0.18269230769230768 0.1466346153846154
1 0.4423076923076923 0.47115384615384615 0.06850961538461539 0.08052884615384616
1 0.3605769230769231 0.47115384615384615 0.042067307692307696 0.04326923076923077
1 0.31971153846153844 0.46875 0.03485576923076923 0.04326923076923077
1 0.2824519230769231 0.46634615384615385 0.042067307692307696 0.04447115384615385
0 0.8713942307692307 0.49759615384615385 0.0673076923076923 0.04447115384615385
2 0.8737980769230769 0.44591346153846156 0.04567307692307692 0.06490384615384616
1 0.4050480769230769 0.46153846153846156 0.015625 0.018028846153846152
1 0.3894230769230769 0.4675480769230769 0.016826923076923076 0.021634615384615384
2 0.06370192307692307 0.4651442307692308 0.02403846153846154 0.055288461538461536
1 0.2512019230769231 0.4651442307692308 0.027644230769230768 0.02403846153846154