1 0.8942307692307693 0.7163461538461539 0.20432692307692307 0.3161057692307692
1 0.7836538461538461 0.578125 0.20432692307692307 0.18389423076923078
1 0.6802884615384616 0.5384615384615384 0.1045673076923077 0.11778846153846154
1 0.6322115384615384 0.49158653846153844 0.06971153846153846 0.07211538461538461
1 0.5048076923076923 0.44591346153846156 0.027644230769230768 0.025240384615384616
1 0.1814903846153846 0.4951923076923077 0.1466346153846154 0.06850961538461539
2 0.4362980769230769 0.46153846153846156 0.020432692307692308 0.046875
1 0.04326923076923077 0.4831730769230769 0.0829326923076923 0.07211538461538461
1 0.25240384615384615 0.4723557692307692 0.0985576923076923 0.05889423076923077
1 0.3713942307692308 0.46153846153846156 0.030048076923076924 0.046875
1 0.5973557692307693 0.4735576923076923 0.04807692307692308 0.06490384615384616
1 0.5745192307692307 0.4723557692307692 0.025240384615384616 0.055288461538461536
1 0.09134615384615384 0.4723557692307692 0.0733173076923077 0.05889423076923077