1 0.6310096153846154 0.45552884615384615 0.10336538461538461 0.10697115384615384
1 0.5841346153846154 0.44591346153846156 0.03245192307692308 0.06490384615384616
1 0.5685096153846154 0.42908653846153844 0.025240384615384616 0.04447115384615385
1 0.5456730769230769 0.421875 0.02403846153846154 0.03485576923076923
1 0.5048076923076923 0.44350961538461536 0.07211538461538461 0.06971153846153846
1 0.46634615384615385 0.4266826923076923 0.020432692307692308 0.025240384615384616
1 0.44591346153846156 0.4326923076923077 0.02403846153846154 0.028846153846153848
1 0.40625 0.44471153846153844 0.03485576923076923 0.04447115384615385
1 0.3713942307692308 0.45552884615384615 0.051682692307692304 0.05889423076923077
1 0.3137019230769231 0.4675480769230769 0.05889423076923077 0.07211538461538461
1 0.2668269230769231 0.4855769230769231 0.06971153846153846 0.09134615384615384
1 0.16826923076923078 0.5096153846153846 0.16346153846153846 0.15625