2 0.9519230769230769 0.5408653846153846 0.09254807692307693 0.53125
2 0.6610576923076923 0.5649038461538461 0.1658653846153846 0.4879807692307692
2 0.3954326923076923 0.48197115384615385 0.03125 0.10336538461538461
2 0.3545673076923077 0.48677884615384615 0.025240384615384616 0.10096153846153846
1 0.8473557692307693 0.5288461538461539 0.20673076923076922 0.21514423076923078
1 0.7752403846153846 0.46274038461538464 0.07451923076923077 0.11298076923076923
1 0.5973557692307693 0.5024038461538461 0.06129807692307692 0.1875
1 0.5276442307692307 0.5060096153846154 0.06850961538461539 0.11298076923076923
1 0.5120192307692307 0.48677884615384615 0.140625 0.11538461538461539
1 0.08173076923076923 0.49158653846153844 0.12379807692307693 0.10697115384615384
1 0.12379807692307693 0.47596153846153844 0.057692307692307696 0.06009615384615385
1 0.037259615384615384 0.49399038461538464 0.06971153846153846 0.11778846153846154
1 0.4338942307692308 0.4855769230769231 0.036057692307692304 0.052884615384615384