1 0.9302884615384616 0.5096153846153846 0.04326923076923077 0.09735576923076923
1 0.4206730769230769 0.4891826923076923 0.0625 0.07211538461538461
1 0.4026442307692308 0.47115384615384615 0.0625 0.06850961538461539
1 0.18389423076923078 0.46274038461538464 0.04807692307692308 0.055288461538461536
1 0.15504807692307693 0.4795673076923077 0.0673076923076923 0.06490384615384616
2 0.7379807692307693 0.5120192307692307 0.051682692307692304 0.08173076923076923
2 0.671875 0.5024038461538461 0.03485576923076923 0.09615384615384616
2 0.2764423076923077 0.44471153846153844 0.019230769230769232 0.04447115384615385
2 0.25721153846153844 0.4543269230769231 0.019230769230769232 0.052884615384615384
2 0.2247596153846154 0.45913461538461536 0.02403846153846154 0.055288461538461536
1 0.9807692307692307 0.5108173076923077 0.03485576923076923 0.09975961538461539
1 0.09014423076923077 0.45552884615384615 0.030048076923076924 0.05048076923076923
1 0.056490384615384616 0.4579326923076923 0.055288461538461536 0.06850961538461539