2 0.7740384615384616 0.4567307692307692 0.036057692307692304 0.08653846153846154
2 0.7439903846153846 0.45072115384615385 0.02403846153846154 0.07451923076923077
2 0.7175480769230769 0.45913461538461536 0.03125 0.0625
2 0.09495192307692307 0.46033653846153844 0.027644230769230768 0.08413461538461539
2 0.07091346153846154 0.46274038461538464 0.026442307692307692 0.08173076923076923
1 0.7620192307692307 0.5588942307692307 0.3329326923076923 0.14423076923076922
1 0.5408653846153846 0.47836538461538464 0.057692307692307696 0.06971153846153846
1 0.4098557692307692 0.46153846153846156 0.05889423076923077 0.056490384615384616
1 0.2668269230769231 0.4387019230769231 0.040865384615384616 0.04447115384615385
1 0.16466346153846154 0.45552884615384615 0.0733173076923077 0.08173076923076923
1 0.2247596153846154 0.4831730769230769 0.08774038461538461 0.09134615384615384
2 0.6129807692307693 0.43149038461538464 0.025240384615384616 0.03125
2 0.5853365384615384 0.42788461538461536 0.020432692307692308 0.03485576923076923
2 0.5600961538461539 0.42908653846153844 0.020432692307692308 0.037259615384615384
1 0.6057692307692307 0.45552884615384615 0.07211538461538461 0.028846153846153848
1 0.3858173076923077 0.44711538461538464 0.040865384615384616 0.046875
1 0.36538461538461536 0.44591346153846156 0.02403846153846154 0.028846153846153848
2 0.7632211538461539 0.5204326923076923 0.06129807692307692 0.040865384615384616