1 0.40024038461538464 0.47475961538461536 0.05889423076923077 0.055288461538461536
1 0.5372596153846154 0.48677884615384615 0.0889423076923077 0.09014423076923077
1 0.49158653846153844 0.47596153846153844 0.036057692307692304 0.06850961538461539
1 0.47115384615384615 0.47475961538461536 0.030048076923076924 0.055288461538461536
2 0.6286057692307693 0.4699519230769231 0.021634615384615384 0.06009615384615385
2 0.6538461538461539 0.4675480769230769 0.016826923076923076 0.06850961538461539
1 0.9831730769230769 0.4735576923076923 0.03125 0.11177884615384616
0 0.08413461538461539 0.49759615384615385 0.020432692307692308 0.04326923076923077
1 0.9314903846153846 0.48197115384615385 0.036057692307692304 0.09134615384615384
2 0.2932692307692308 0.45913461538461536 0.019230769230769232 0.038461538461538464
2 0.2800480769230769 0.45913461538461536 0.01201923076923077 0.038461538461538464
2 0.21875 0.4519230769230769 0.025240384615384616 0.037259615384615384
2 0.14903846153846154 0.45072115384615385 0.021634615384615384 0.038461538461538464
2 0.016826923076923076 0.45072115384615385 0.026442307692307692 0.04326923076923077
0 0.25961538461538464 0.47115384615384615 0.021634615384615384 0.046875
0 0.2091346153846154 0.47596153846153844 0.03245192307692308 0.04447115384615385
0 0.1778846153846154 0.48197115384615385 0.021634615384615384 0.05048076923076923
0 0.16105769230769232 0.49038461538461536 0.021634615384615384 0.05048076923076923
0 0.14903846153846154 0.4963942307692308 0.019230769230769232 0.046875
0 0.12740384615384615 0.4987980769230769 0.026442307692307692 0.06009615384615385
0 0.1045673076923077 0.5 0.025240384615384616 0.06610576923076923
0 0.06490384615384616 0.4963942307692308 0.026442307692307692 0.055288461538461536
0 0.027644230769230768 0.5228365384615384 0.051682692307692304 0.07211538461538461
0 0.2932692307692308 0.48677884615384615 0.015625 0.028846153846153848