1 0.08653846153846154 0.5697115384615384 0.1658653846153846 0.18028846153846154
1 0.25 0.5384615384615384 0.03485576923076923 0.11778846153846154
1 0.17548076923076922 0.5072115384615384 0.03485576923076923 0.06610576923076923
1 0.3293269230769231 0.48677884615384615 0.06129807692307692 0.05889423076923077
1 0.375 0.4723557692307692 0.046875 0.046875
1 0.7487980769230769 0.5805288461538461 0.19831730769230768 0.1935096153846154
1 0.8533653846153846 0.6802884615384616 0.29086538461538464 0.31850961538461536
1 0.9447115384615384 0.8677884615384616 0.1045673076923077 0.25600961538461536
1 0.4519230769230769 0.4495192307692308 0.037259615384615384 0.03485576923076923
2 0.6009615384615384 0.5745192307692307 0.09254807692307693 0.25
2 0.4338942307692308 0.5865384615384616 0.08774038461538461 0.265625
2 0.20192307692307693 0.5396634615384616 0.06129807692307692 0.1814903846153846
0 0.20673076923076922 0.625 0.056490384615384616 0.14423076923076922
0 0.4423076923076923 0.6586538461538461 0.03485576923076923 0.140625
1 0.7824519230769231 0.4543269230769231 0.0985576923076923 0.052884615384615384
1 0.8028846153846154 0.46274038461538464 0.08774038461538461 0.04326923076923077
1 0.6670673076923077 0.46875 0.11899038461538461 0.05889423076923077
1 0.5480769230769231 0.45913461538461536 0.046875 0.04326923076923077
1 0.2824519230769231 0.47716346153846156 0.06610576923076923 0.056490384615384616
1 0.11298076923076923 0.4651442307692308 0.0673076923076923 0.04326923076923077
1 0.02283653846153846 0.48197115384615385 0.04567307692307692 0.055288461538461536
2 0.01201923076923077 0.6382211538461539 0.02403846153846154 0.2620192307692308