1 0.7800480769230769 0.5637019230769231 0.16826923076923078 0.13822115384615385
1 0.9170673076923077 0.5288461538461539 0.07211538461538461 0.109375
1 0.8365384615384616 0.4807692307692308 0.09375 0.05048076923076923
1 0.6754807692307693 0.49759615384615385 0.0625 0.0625
1 0.5925480769230769 0.5120192307692307 0.03485576923076923 0.09375
0 0.6346153846153846 0.6225961538461539 0.03485576923076923 0.10576923076923077
2 0.6286057692307693 0.5564903846153846 0.056490384615384616 0.19110576923076922
2 0.5036057692307693 0.46153846153846156 0.019230769230769232 0.05889423076923077
2 0.484375 0.4639423076923077 0.021634615384615384 0.06009615384615385
2 0.4675480769230769 0.46153846153846156 0.020432692307692308 0.056490384615384616
1 0.09014423076923077 0.6213942307692307 0.18028846153846154 0.30528846153846156
1 0.21995192307692307 0.5769230769230769 0.12379807692307693 0.15384615384615385
1 0.2800480769230769 0.5144230769230769 0.12139423076923077 0.15384615384615385
1 0.359375 0.5072115384615384 0.06850961538461539 0.10096153846153846
1 0.42427884615384615 0.4795673076923077 0.055288461538461536 0.06009615384615385
1 0.7427884615384616 0.47115384615384615 0.040865384615384616 0.046875
2 0.7019230769230769 0.46634615384615385 0.019230769230769232 0.038461538461538464
1 0.8978365384615384 0.5 0.10817307692307693 0.09014423076923077
1 0.39903846153846156 0.5024038461538461 0.042067307692307696 0.078125