2 0.5841346153846154 0.4831730769230769 0.025240384615384616 0.06850961538461539
1 0.05048076923076923 0.5913461538461539 0.09975961538461539 0.25721153846153844
1 0.09254807692307693 0.5060096153846154 0.12139423076923077 0.09735576923076923
1 0.1814903846153846 0.4855769230769231 0.09975961538461539 0.09134615384615384
1 0.24879807692307693 0.49038461538461536 0.07211538461538461 0.0625
1 0.2848557692307692 0.47596153846153844 0.057692307692307696 0.0625
1 0.4579326923076923 0.46875 0.03485576923076923 0.038461538461538464
1 0.4182692307692308 0.4723557692307692 0.036057692307692304 0.03125
0 0.578125 0.5060096153846154 0.019230769230769232 0.04326923076923077
1 0.3233173076923077 0.4795673076923077 0.03125 0.04447115384615385
1 0.3425480769230769 0.47596153846153844 0.03125 0.04326923076923077