1 0.055288461538461536 0.49278846153846156 0.10336538461538461 0.10697115384615384
1 0.13942307692307693 0.5336538461538461 0.2091346153846154 0.1466346153846154
1 0.25600961538461536 0.5120192307692307 0.08173076923076923 0.109375
1 0.3233173076923077 0.5048076923076923 0.07211538461538461 0.09615384615384616
1 0.38221153846153844 0.4879807692307692 0.055288461538461536 0.0625
1 0.4230769230769231 0.48197115384615385 0.03125 0.055288461538461536
1 0.5120192307692307 0.5540865384615384 0.18269230769230768 0.18509615384615385
1 0.6634615384615384 0.5180288461538461 0.06850961538461539 0.08653846153846154
1 0.5973557692307693 0.48677884615384615 0.036057692307692304 0.07451923076923077
1 0.7475961538461539 0.5276442307692307 0.17668269230769232 0.15985576923076922
1 0.7596153846153846 0.5697115384615384 0.12980769230769232 0.15985576923076922
1 0.8786057692307693 0.6117788461538461 0.23798076923076922 0.38100961538461536
1 0.40024038461538464 0.4807692307692308 0.040865384615384616 0.06971153846153846
1 0.4567307692307692 0.46153846153846156 0.021634615384615384 0.038461538461538464
1 0.6334134615384616 0.49158653846153844 0.051682692307692304 0.08413461538461539