2 0.5168269230769231 0.4110576923076923 0.02403846153846154 0.07211538461538461
2 0.44711538461538464 0.40865384615384615 0.027644230769230768 0.078125
1 0.6598557692307693 0.46274038461538464 0.14543269230769232 0.15264423076923078
1 0.2644230769230769 0.42427884615384615 0.09254807692307693 0.08413461538461539
1 0.31850961538461536 0.41466346153846156 0.040865384615384616 0.06009615384615385
1 0.5805288461538461 0.42427884615384615 0.055288461538461536 0.09615384615384616
1 0.6189903846153846 0.43509615384615385 0.10096153846153846 0.11298076923076923
1 0.3449519230769231 0.40865384615384615 0.036057692307692304 0.05048076923076923
1 0.3629807692307692 0.4014423076923077 0.03125 0.04447115384615385
1 0.38221153846153844 0.40384615384615385 0.019230769230769232 0.03365384615384615
1 0.3894230769230769 0.39903846153846156 0.026442307692307692 0.03485576923076923
0 0.5168269230769231 0.4326923076923077 0.020432692307692308 0.04447115384615385
0 0.4495192307692308 0.43028846153846156 0.019230769230769232 0.05048076923076923
1 0.5480769230769231 0.4230769230769231 0.03245192307692308 0.052884615384615384