1 0.08052884615384616 0.6033653846153846 0.16105769230769232 0.171875
1 0.1814903846153846 0.5444711538461539 0.11899038461538461 0.12139423076923077
1 0.25721153846153844 0.5168269230769231 0.1045673076923077 0.10336538461538461
1 0.3088942307692308 0.48677884615384615 0.07211538461538461 0.078125
1 0.38100961538461536 0.45913461538461536 0.042067307692307696 0.038461538461538464
1 0.6430288461538461 0.5288461538461539 0.12379807692307693 0.11778846153846154
1 0.5745192307692307 0.47596153846153844 0.06370192307692307 0.06850961538461539
1 0.6141826923076923 0.49278846153846156 0.08413461538461539 0.08774038461538461
1 0.36538461538461536 0.46634615384615385 0.03485576923076923 0.040865384615384616
1 0.42788461538461536 0.44711538461538464 0.025240384615384616 0.02403846153846154
1 0.47475961538461536 0.4375 0.020432692307692308 0.02403846153846154
1 0.5408653846153846 0.4651442307692308 0.02403846153846154 0.046875
1 0.5144230769230769 0.44350961538461536 0.021634615384615384 0.03485576923076923
1 0.5252403846153846 0.45072115384615385 0.02403846153846154 0.03365384615384615
2 0.4543269230769231 0.44350961538461536 0.015625 0.03485576923076923
2 0.49038461538461536 0.43990384615384615 0.016826923076923076 0.028846153846153848
1 0.7463942307692307 0.47115384615384615 0.057692307692307696 0.0625
1 0.9651442307692307 0.4639423076923077 0.06610576923076923 0.10697115384615384