1 0.32211538461538464 0.46634615384615385 0.11298076923076923 0.06490384615384616
2 0.7079326923076923 0.4675480769230769 0.025240384615384616 0.08774038461538461
2 0.5889423076923077 0.4567307692307692 0.021634615384615384 0.06610576923076923
2 0.5805288461538461 0.48677884615384615 0.042067307692307696 0.12139423076923077
2 0.5144230769230769 0.6346153846153846 0.14903846153846154 0.5661057692307693
2 0.4723557692307692 0.45072115384615385 0.014423076923076924 0.037259615384615384
2 0.45913461538461536 0.4519230769230769 0.01201923076923077 0.040865384615384616
2 0.08052884615384616 0.4387019230769231 0.020432692307692308 0.028846153846153848
2 0.0625 0.43990384615384615 0.021634615384615384 0.028846153846153848
2 0.039663461538461536 0.43990384615384615 0.026442307692307692 0.03125
2 0.8545673076923077 0.44350961538461536 0.027644230769230768 0.04326923076923077
2 0.9819711538461539 0.453125 0.02403846153846154 0.05048076923076923