1 0.03125 0.5012019230769231 0.0625 0.11538461538461539
1 0.08173076923076923 0.47115384615384615 0.16346153846153846 0.14903846153846154
1 0.19230769230769232 0.4879807692307692 0.052884615384615384 0.06610576923076923
1 0.2091346153846154 0.47836538461538464 0.08774038461538461 0.08173076923076923
1 0.6346153846153846 0.4855769230769231 0.10576923076923077 0.08413461538461539
1 0.6201923076923077 0.5012019230769231 0.05048076923076923 0.06490384615384616
1 0.6947115384615384 0.4879807692307692 0.09735576923076923 0.10096153846153846
1 0.7127403846153846 0.5132211538461539 0.04807692307692308 0.08413461538461539
1 0.8377403846153846 0.4891826923076923 0.22355769230769232 0.1502403846153846
1 0.8894230769230769 0.5132211538461539 0.1935096153846154 0.15384615384615385
1 0.9615384615384616 0.5264423076923077 0.06971153846153846 0.1622596153846154
2 0.3112980769230769 0.45552884615384615 0.016826923076923076 0.05889423076923077
2 0.3473557692307692 0.45552884615384615 0.016826923076923076 0.056490384615384616
1 0.5504807692307693 0.46274038461538464 0.03125 0.027644230769230768
1 0.22235576923076922 0.4639423076923077 0.11538461538461539 0.07572115384615384