1 0.06370192307692307 0.5336538461538461 0.12620192307692307 0.13822115384615385
1 0.15625 0.4987980769230769 0.12860576923076922 0.12740384615384615
1 0.27283653846153844 0.48677884615384615 0.0829326923076923 0.06610576923076923
1 0.3088942307692308 0.4699519230769231 0.057692307692307696 0.06490384615384616
1 0.6298076923076923 0.45552884615384615 0.03125 0.04447115384615385
1 0.6778846153846154 0.4519230769230769 0.05889423076923077 0.07572115384615384
1 0.7283653846153846 0.44350961538461536 0.02403846153846154 0.055288461538461536
1 0.7728365384615384 0.44471153846153844 0.057692307692307696 0.06490384615384616
1 0.7548076923076923 0.5036057692307693 0.09014423076923077 0.12860576923076922
1 0.9098557692307693 0.5024038461538461 0.14543269230769232 0.15985576923076922
1 0.3401442307692308 0.46875 0.027644230769230768 0.05889423076923077
1 0.359375 0.47115384615384615 0.025240384615384616 0.04326923076923077
1 0.3737980769230769 0.46634615384615385 0.021634615384615384 0.04326923076923077
2 0.38461538461538464 0.4675480769230769 0.020432692307692308 0.056490384615384616
1 0.4026442307692308 0.46153846153846156 0.020432692307692308 0.03365384615384615
1 0.41947115384615385 0.45552884615384615 0.020432692307692308 0.03365384615384615
2 0.4387019230769231 0.4579326923076923 0.021634615384615384 0.040865384615384616
1 0.4735576923076923 0.4543269230769231 0.03125 0.028846153846153848
2 0.5084134615384616 0.45072115384615385 0.014423076923076924 0.03125
2 0.5204326923076923 0.4567307692307692 0.01201923076923077 0.03485576923076923