1 0.1971153846153846 0.5516826923076923 0.14182692307692307 0.12259615384615384
1 0.21754807692307693 0.4735576923076923 0.09014423076923077 0.052884615384615384
1 0.2776442307692308 0.5192307692307693 0.08653846153846154 0.078125
1 0.30649038461538464 0.5 0.0625 0.0625
1 0.3401442307692308 0.4879807692307692 0.046875 0.046875
1 0.359375 0.4831730769230769 0.04326923076923077 0.040865384615384616
1 0.3762019230769231 0.47115384615384615 0.04326923076923077 0.046875
2 0.7848557692307693 0.48197115384615385 0.03125 0.06490384615384616
1 0.7043269230769231 0.5396634615384616 0.1971153846153846 0.1935096153846154
1 0.9278846153846154 0.4519230769230769 0.140625 0.04447115384615385
1 0.9735576923076923 0.5805288461538461 0.05048076923076923 0.10576923076923077
1 0.6189903846153846 0.5180288461538461 0.042067307692307696 0.08653846153846154
1 0.5384615384615384 0.46153846153846156 0.03125 0.03125
1 0.5252403846153846 0.45913461538461536 0.019230769230769232 0.027644230769230768
1 0.40384615384615385 0.46634615384615385 0.020432692307692308 0.03365384615384615
1 0.4170673076923077 0.46634615384615385 0.021634615384615384 0.02403846153846154
1 0.421875 0.4519230769230769 0.027644230769230768 0.03365384615384615