1 0.06610576923076923 0.5420673076923077 0.1310096153846154 0.2247596153846154
1 0.8846153846153846 0.5552884615384616 0.22596153846153846 0.3401442307692308
1 0.7788461538461539 0.5108173076923077 0.09495192307692307 0.1935096153846154
1 0.15745192307692307 0.5072115384615384 0.19110576923076922 0.13221153846153846
1 0.09735576923076923 0.5096153846153846 0.1935096153846154 0.15625
1 0.23918269230769232 0.5012019230769231 0.19951923076923078 0.13822115384615385
1 0.6730769230769231 0.5240384615384616 0.1310096153846154 0.08774038461538461
1 0.5865384615384616 0.5240384615384616 0.07932692307692307 0.07211538461538461
1 0.4675480769230769 0.5132211538461539 0.08413461538461539 0.04927884615384615
1 0.41225961538461536 0.5072115384615384 0.04326923076923077 0.055288461538461536
1 0.38341346153846156 0.5048076923076923 0.036057692307692304 0.052884615384615384
1 0.35336538461538464 0.5036057692307693 0.046875 0.046875