2 0.07211538461538461 0.4879807692307692 0.030048076923076924 0.06610576923076923
2 0.5372596153846154 0.4579326923076923 0.019230769230769232 0.06009615384615385
2 0.5240384615384616 0.4567307692307692 0.019230769230769232 0.0625
1 0.8401442307692307 0.6213942307692307 0.2776442307692308 0.265625
1 0.6983173076923077 0.5625 0.11899038461538461 0.13701923076923078
1 0.6658653846153846 0.5360576923076923 0.08413461538461539 0.10336538461538461
1 0.6310096153846154 0.4951923076923077 0.109375 0.10697115384615384
1 0.5793269230769231 0.4735576923076923 0.057692307692307696 0.06850961538461539
1 0.38822115384615385 0.4651442307692308 0.04807692307692308 0.0625
1 0.32211538461538464 0.49399038461538464 0.046875 0.06610576923076923
1 0.30288461538461536 0.5072115384615384 0.055288461538461536 0.08173076923076923
1 0.21995192307692307 0.5240384615384616 0.1310096153846154 0.13701923076923078
1 0.10817307692307693 0.5877403846153846 0.17668269230769232 0.15264423076923078
1 0.038461538461538464 0.6430288461538461 0.07692307692307693 0.19951923076923078
1 0.4230769230769231 0.453125 0.021634615384615384 0.038461538461538464
1 0.7055288461538461 0.4699519230769231 0.051682692307692304 0.040865384615384616