1 0.6478365384615384 0.5096153846153846 0.07692307692307693 0.08173076923076923
1 0.6310096153846154 0.48677884615384615 0.07692307692307693 0.07451923076923077
1 0.7512019230769231 0.5360576923076923 0.18389423076923078 0.18990384615384615
1 0.8533653846153846 0.6201923076923077 0.2860576923076923 0.27163461538461536
1 0.9567307692307693 0.7596153846153846 0.0829326923076923 0.25721153846153844
1 0.2848557692307692 0.5 0.10576923076923077 0.09375
1 0.09735576923076923 0.48197115384615385 0.09735576923076923 0.09735576923076923
2 0.5769230769230769 0.47836538461538464 0.021634615384615384 0.08173076923076923
2 0.4254807692307692 0.4699519230769231 0.020432692307692308 0.06490384615384616
2 0.4074519230769231 0.4675480769230769 0.021634615384615384 0.06490384615384616
1 0.5276442307692307 0.453125 0.020432692307692308 0.03125
1 0.0673076923076923 0.5264423076923077 0.125 0.20072115384615385
1 0.19831730769230768 0.46875 0.040865384615384616 0.055288461538461536
2 0.47716346153846156 0.4651442307692308 0.016826923076923076 0.046875
0 0.47716346153846156 0.47596153846153844 0.020432692307692308 0.037259615384615384