2 0.23076923076923078 0.5108173076923077 0.03245192307692308 0.06850961538461539
2 0.5685096153846154 0.5072115384615384 0.03245192307692308 0.06490384615384616
2 0.7247596153846154 0.5252403846153846 0.03125 0.109375
2 0.7680288461538461 0.5240384615384616 0.030048076923076924 0.11899038461538461
2 0.7956730769230769 0.5396634615384616 0.030048076923076924 0.09975961538461539
2 0.8353365384615384 0.5540865384615384 0.030048076923076924 0.11899038461538461
2 0.8762019230769231 0.5480769230769231 0.04567307692307692 0.1310096153846154
2 0.9134615384615384 0.5444711538461539 0.03125 0.1466346153846154
2 0.9362980769230769 0.5324519230769231 0.03125 0.11899038461538461
2 0.9699519230769231 0.5552884615384616 0.042067307692307696 0.1310096153846154
1 0.49278846153846156 0.5649038461538461 0.14903846153846154 0.15384615384615385
1 0.4495192307692308 0.4891826923076923 0.030048076923076924 0.037259615384615384