2 0.1622596153846154 0.48677884615384615 0.01201923076923077 0.038461538461538464
2 0.007211538461538462 0.4855769230769231 0.014423076923076924 0.038461538461538464
1 0.6009615384615384 0.5132211538461539 0.11899038461538461 0.11538461538461539
1 0.5216346153846154 0.48197115384615385 0.06129807692307692 0.06850961538461539
1 0.4795673076923077 0.46875 0.03125 0.038461538461538464
1 0.41225961538461536 0.4639423076923077 0.02403846153846154 0.028846153846153848
1 0.38221153846153844 0.47115384615384615 0.02403846153846154 0.03365384615384615
1 0.36778846153846156 0.47475961538461536 0.02403846153846154 0.03125
1 0.34375 0.47596153846153844 0.040865384615384616 0.040865384615384616
2 0.3125 0.47475961538461536 0.019230769230769232 0.03125
0 0.31490384615384615 0.5060096153846154 0.020432692307692308 0.03485576923076923