2 0.6730769230769231 0.49759615384615385 0.027644230769230768 0.12860576923076922
2 0.6334134615384616 0.4963942307692308 0.036057692307692304 0.140625
2 0.5168269230769231 0.5384615384615384 0.06850961538461539 0.3870192307692308
2 0.46153846153846156 0.5432692307692307 0.046875 0.31971153846153844
1 0.37259615384615385 0.47596153846153844 0.030048076923076924 0.03365384615384615
1 0.23798076923076922 0.4831730769230769 0.026442307692307692 0.025240384615384616
1 0.1466346153846154 0.46634615384615385 0.02403846153846154 0.02403846153846154
1 0.11298076923076923 0.47115384615384615 0.02403846153846154 0.02403846153846154
1 0.09254807692307693 0.47115384615384615 0.02403846153846154 0.025240384615384616
1 0.07451923076923077 0.47475961538461536 0.036057692307692304 0.02403846153846154
2 0.9278846153846154 0.4807692307692308 0.02403846153846154 0.04326923076923077