1 0.14423076923076922 0.5721153846153846 0.18269230769230768 0.15625
1 0.24278846153846154 0.5288461538461539 0.11538461538461539 0.12139423076923077
1 0.49038461538461536 0.45072115384615385 0.030048076923076924 0.025240384615384616
1 0.5769230769230769 0.46634615384615385 0.057692307692307696 0.055288461538461536
1 0.6153846153846154 0.49278846153846156 0.07932692307692307 0.05889423076923077
1 0.8377403846153846 0.4855769230769231 0.08774038461538461 0.08413461538461539
1 0.7403846153846154 0.47836538461538464 0.12620192307692307 0.06971153846153846
1 0.7271634615384616 0.5552884615384616 0.17668269230769232 0.16346153846153846
2 0.5216346153846154 0.4495192307692308 0.015625 0.03125
2 0.46875 0.453125 0.019230769230769232 0.038461538461538464
1 0.4375 0.4543269230769231 0.027644230769230768 0.03365384615384615
1 0.3954326923076923 0.47115384615384615 0.04326923076923077 0.04326923076923077
1 0.9050480769230769 0.5012019230769231 0.07211538461538461 0.1814903846153846