0 0.5817307692307693 0.5288461538461539 0.03245192307692308 0.09735576923076923
0 0.4879807692307692 0.5336538461538461 0.019230769230769232 0.09375
0 0.453125 0.5048076923076923 0.015625 0.06009615384615385
2 0.9435096153846154 0.44471153846153844 0.03485576923076923 0.11778846153846154
2 0.9783653846153846 0.43990384615384615 0.038461538461538464 0.12860576923076922
2 0.8028846153846154 0.453125 0.020432692307692308 0.07451923076923077
2 0.078125 0.47115384615384615 0.03485576923076923 0.12139423076923077
2 0.014423076923076924 0.47596153846153844 0.027644230769230768 0.11778846153846154
1 0.2512019230769231 0.49038461538461536 0.09014423076923077 0.07451923076923077
1 0.2956730769230769 0.4807692307692308 0.03485576923076923 0.05889423076923077
1 0.3125 0.47716346153846156 0.027644230769230768 0.052884615384615384
0 0.9747596153846154 0.5661057692307693 0.04807692307692308 0.13221153846153846
0 0.6935096153846154 0.4987980769230769 0.037259615384615384 0.08413461538461539
0 0.6634615384615384 0.49158653846153844 0.027644230769230768 0.07572115384615384
0 0.6262019230769231 0.49759615384615385 0.025240384615384616 0.07211538461538461
2 0.5817307692307693 0.47716346153846156 0.040865384615384616 0.17427884615384615
2 0.5384615384615384 0.46033653846153844 0.016826923076923076 0.04927884615384615
2 0.4879807692307692 0.4855769230769231 0.036057692307692304 0.15384615384615385
2 0.4519230769230769 0.4543269230769231 0.02403846153846154 0.052884615384615384
1 0.3858173076923077 0.46274038461538464 0.021634615384615384 0.019230769230769232
2 0.19831730769230768 0.4699519230769231 0.015625 0.056490384615384616