2 0.39783653846153844 0.47716346153846156 0.030048076923076924 0.06490384615384616
1 0.7704326923076923 0.5012019230769231 0.11298076923076923 0.06850961538461539
1 0.9134615384615384 0.5132211538461539 0.12860576923076922 0.078125
1 0.953125 0.5192307692307693 0.08774038461538461 0.078125
1 0.2956730769230769 0.4639423076923077 0.030048076923076924 0.028846153846153848
1 0.3485576923076923 0.46153846153846156 0.03125 0.03365384615384615
1 0.09134615384615384 0.47115384615384615 0.030048076923076924 0.05048076923076923
1 0.12740384615384615 0.4723557692307692 0.02403846153846154 0.05048076923076923
1 0.02283653846153846 0.46875 0.03245192307692308 0.0625
1 0.05889423076923077 0.4699519230769231 0.027644230769230768 0.06009615384615385
1 0.6778846153846154 0.47475961538461536 0.026442307692307692 0.06971153846153846
1 0.6298076923076923 0.47596153846153844 0.04326923076923077 0.056490384615384616
1 0.7427884615384616 0.45552884615384615 0.057692307692307696 0.03125
1 0.18028846153846154 0.46153846153846156 0.02403846153846154 0.028846153846153848
1 0.19951923076923078 0.4639423076923077 0.021634615384615384 0.037259615384615384