2 0.7848557692307693 0.44350961538461536 0.021634615384615384 0.06610576923076923
2 0.7451923076923077 0.44350961538461536 0.021634615384615384 0.0625
2 0.7331730769230769 0.43990384615384615 0.010817307692307692 0.037259615384615384
2 0.7151442307692307 0.44471153846153844 0.020432692307692308 0.056490384615384616
2 0.6778846153846154 0.4375 0.014423076923076924 0.046875
2 0.6550480769230769 0.44471153846153844 0.016826923076923076 0.040865384615384616
1 0.6153846153846154 0.4483173076923077 0.051682692307692304 0.06009615384615385
1 0.5793269230769231 0.43990384615384615 0.019230769230769232 0.03485576923076923
1 0.5552884615384616 0.42427884615384615 0.020432692307692308 0.02403846153846154
1 0.5348557692307693 0.44591346153846156 0.025240384615384616 0.025240384615384616
1 0.4807692307692308 0.4423076923076923 0.03125 0.03365384615384615
1 0.44471153846153844 0.4579326923076923 0.04807692307692308 0.052884615384615384
1 0.27884615384615385 0.49278846153846156 0.16346153846153846 0.13221153846153846
1 0.10817307692307693 0.49759615384615385 0.15745192307692307 0.125