4 0.4494444444444444 0.425625 0.4533333333333333 0.425625 0.4494444444444444 0.438125 0.4533333333333333 0.438125
4 0.44 0.43125 0.44333333333333336 0.43125 0.44 0.440625 0.44333333333333336 0.440625
4 0.4022222222222222 0.396875 0.4066666666666667 0.396875 0.4022222222222222 0.409375 0.4066666666666667 0.409375
4 0.3655555555555556 0.429375 0.3705555555555556 0.429375 0.3655555555555556 0.443125 0.3705555555555556 0.443125
9 0.6105555555555555 0.405625 0.6227777777777778 0.405625 0.6105555555555555 0.420625 0.6227777777777778 0.420625
9 0.6116666666666667 0.425 0.62 0.425 0.6116666666666667 0.436875 0.62 0.436875
9 0.6555555555555556 0.395625 0.6705555555555556 0.395625 0.6555555555555556 0.41125 0.6705555555555556 0.41125
9 0.6583333333333333 0.4175 0.6683333333333333 0.4175 0.6583333333333333 0.43125 0.6683333333333333 0.43125
7 0.8772222222222222 0.435625 0.9038888888888889 0.435625 0.8772222222222222 0.46375 0.9038888888888889 0.46375
7 0.7733333333333333 0.43875 0.7916666666666666 0.43875 0.7733333333333333 0.490625 0.7916666666666666 0.490625
7 0.7355555555555555 0.43 0.7516666666666667 0.43 0.7355555555555555 0.484375 0.7516666666666667 0.484375
7 0.3061111111111111 0.446875 0.31444444444444447 0.446875 0.3061111111111111 0.473125 0.31444444444444447 0.473125
7 0.29833333333333334 0.445625 0.3061111111111111 0.445625 0.29833333333333334 0.47 0.3061111111111111 0.47
7 0.2538888888888889 0.440625 0.27 0.440625 0.2538888888888889 0.483125 0.27 0.483125
0 0.9022222222222223 0.505 0.9944444444444445 0.505 0.9022222222222223 0.64375 0.9944444444444445 0.64375
0 0.7338888888888889 0.48375 0.7794444444444445 0.48375 0.7338888888888889 0.575 0.7794444444444445 0.575
0 0.7272222222222222 0.483125 0.7416666666666667 0.483125 0.7272222222222222 0.520625 0.7416666666666667 0.520625
0 0.5311111111111111 0.4625 0.5522222222222222 0.4625 0.5311111111111111 0.50875 0.5522222222222222 0.50875
0 0.5016666666666667 0.460625 0.5194444444444445 0.460625 0.5016666666666667 0.506875 0.5194444444444445 0.506875
0 0.4461111111111111 0.46375 0.45555555555555555 0.46375 0.4461111111111111 0.485 0.45555555555555555 0.485
0 0.3933333333333333 0.463125 0.40055555555555555 0.463125 0.3933333333333333 0.476875 0.40055555555555555 0.476875
0 0.34555555555555556 0.46125 0.3572222222222222 0.46125 0.34555555555555556 0.489375 0.3572222222222222 0.489375
0 0.3638888888888889 0.461875 0.37333333333333335 0.461875 0.3638888888888889 0.485 0.37333333333333335 0.485
0 0.3561111111111111 0.459375 0.3661111111111111 0.459375 0.3561111111111111 0.483125 0.3661111111111111 0.483125
0 0.041666666666666664 0.458125 0.059444444444444446 0.458125 0.041666666666666664 0.4975 0.059444444444444446 0.4975
0 0.48333333333333334 0.45875 0.4911111111111111 0.45875 0.48333333333333334 0.48 0.4911111111111111 0.48
2 0.7544444444444445 0.456875 0.9427777777777778 0.456875 0.7544444444444445 0.573125 0.9427777777777778 0.573125
2 0.6138888888888889 0.461875 0.7061111111111111 0.461875 0.6138888888888889 0.526875 0.7061111111111111 0.526875
2 0.5877777777777777 0.456875 0.6566666666666666 0.456875 0.5877777777777777 0.51375 0.6566666666666666 0.51375
2 0.5522222222222222 0.453125 0.6066666666666667 0.453125 0.5522222222222222 0.5025 0.6066666666666667 0.5025
2 0.5155555555555555 0.456875 0.5355555555555556 0.456875 0.5155555555555555 0.48625 0.5355555555555556 0.48625
2 0.40555555555555556 0.455 0.42277777777777775 0.455 0.40555555555555556 0.468125 0.42277777777777775 0.468125
2 0.37333333333333335 0.453125 0.39111111111111113 0.453125 0.37333333333333335 0.47 0.39111111111111113 0.47
2 0.39944444444444444 0.455625 0.4066666666666667 0.455625 0.39944444444444444 0.465 0.4066666666666667 0.465
7 0.9066666666666666 0.426875 0.9994444444444445 0.426875 0.9066666666666666 0.614375 0.9994444444444445 0.614375
7 0.7355555555555555 0.430625 0.78 0.430625 0.7355555555555555 0.5625 0.78 0.5625
7 0.5327777777777778 0.4325 0.5522222222222222 0.4325 0.5327777777777778 0.500625 0.5522222222222222 0.500625
7 0.5005555555555555 0.438125 0.5194444444444445 0.438125 0.5005555555555555 0.5 0.5194444444444445 0.5
7 0.4461111111111111 0.45 0.45555555555555555 0.45 0.4461111111111111 0.480625 0.45555555555555555 0.480625
7 0.3927777777777778 0.45125 0.4 0.45125 0.3927777777777778 0.471875 0.4 0.471875
7 0.34555555555555556 0.44125 0.3572222222222222 0.44125 0.34555555555555556 0.485625 0.3572222222222222 0.485625
7 0.36444444444444446 0.441875 0.37333333333333335 0.441875 0.36444444444444446 0.47875 0.37333333333333335 0.47875
7 0.3566666666666667 0.443125 0.36444444444444446 0.443125 0.3566666666666667 0.47625 0.36444444444444446 0.47625
7 0.45611111111111113 0.45375 0.4627777777777778 0.45375 0.45611111111111113 0.474375 0.4627777777777778 0.474375