1 0.44765625 0.470703125 0.490625 0.470703125 0.44765625 0.4853515625 0.490625 0.4853515625
9 0.040625 0.39453125 0.08046875 0.39453125 0.040625 0.447265625 0.08046875 0.447265625
9 0.046875 0.447265625 0.07265625 0.447265625 0.046875 0.4609375 0.07265625 0.4609375
9 0.51015625 0.4580078125 0.515625 0.4580078125 0.51015625 0.466796875 0.515625 0.466796875
7 0.3015625 0.4755859375 0.3109375 0.4755859375 0.3015625 0.5166015625 0.3109375 0.5166015625
7 0.31171875 0.4755859375 0.3203125 0.4755859375 0.31171875 0.515625 0.3203125 0.515625
7 0.3203125 0.4755859375 0.328125 0.4755859375 0.3203125 0.5166015625 0.328125 0.5166015625
7 0.3890625 0.47265625 0.4015625 0.47265625 0.3890625 0.5078125 0.4015625 0.5078125
7 0.3796875 0.4755859375 0.38671875 0.4755859375 0.3796875 0.4990234375 0.38671875 0.4990234375
7 0.3859375 0.4736328125 0.390625 0.4736328125 0.3859375 0.498046875 0.390625 0.498046875
2 0.7 0.474609375 0.7296875 0.474609375 0.7 0.4970703125 0.7296875 0.4970703125
2 0.734375 0.4697265625 0.74296875 0.4697265625 0.734375 0.4912109375 0.74296875 0.4912109375
2 0.65625 0.505859375 0.784375 0.505859375 0.65625 0.6181640625 0.784375 0.6181640625
2 0.63046875 0.498046875 0.71484375 0.498046875 0.63046875 0.5888671875 0.71484375 0.5888671875
2 0.5953125 0.4755859375 0.67890625 0.4755859375 0.5953125 0.568359375 0.67890625 0.568359375
2 0.571875 0.4833984375 0.61328125 0.4833984375 0.571875 0.541015625 0.61328125 0.541015625
2 0.565625 0.482421875 0.5875 0.482421875 0.565625 0.53515625 0.5875 0.53515625
2 0.5453125 0.4716796875 0.59453125 0.4716796875 0.5453125 0.51953125 0.59453125 0.51953125
2 0.55859375 0.4814453125 0.58046875 0.4814453125 0.55859375 0.525390625 0.58046875 0.525390625
2 0.521875 0.4755859375 0.54921875 0.4755859375 0.521875 0.50390625 0.54921875 0.50390625
2 0.51875 0.4755859375 0.5296875 0.4755859375 0.51875 0.4970703125 0.5296875 0.4970703125
2 0.51484375 0.4755859375 0.521875 0.4755859375 0.51484375 0.498046875 0.521875 0.498046875
2 0.50234375 0.474609375 0.5125 0.474609375 0.50234375 0.4873046875 0.5125 0.4873046875
2 0.49765625 0.4755859375 0.50234375 0.4755859375 0.49765625 0.486328125 0.50234375 0.486328125
2 0.49375 0.4736328125 0.5015625 0.4736328125 0.49375 0.4853515625 0.5015625 0.4853515625
2 0.5109375 0.4755859375 0.51796875 0.4755859375 0.5109375 0.4912109375 0.51796875 0.4912109375
2 0.4578125 0.4765625 0.48671875 0.4765625 0.4578125 0.5048828125 0.48671875 0.5048828125
3 0.01796875 0.5634765625 0.0453125 0.5634765625 0.01796875 0.625 0.0453125 0.625