9 0 0.3330078125 0.07026143790849673 0.3330078125 0 0.431640625 0.07026143790849673 0.431640625
9 0.7279411764705882 0.4951171875 0.7418300653594772 0.4951171875 0.7279411764705882 0.5009765625 0.7418300653594772 0.5009765625
9 0.7271241830065359 0.5009765625 0.7418300653594772 0.5009765625 0.7271241830065359 0.5068359375 0.7418300653594772 0.5068359375
9 0.7271241830065359 0.5068359375 0.7418300653594772 0.5068359375 0.7271241830065359 0.513671875 0.7418300653594772 0.513671875
9 0.7263071895424836 0.4716796875 0.744281045751634 0.4716796875 0.7263071895424836 0.4931640625 0.744281045751634 0.4931640625
7 0.6200980392156863 0.537109375 0.6323529411764706 0.537109375 0.6200980392156863 0.556640625 0.6323529411764706 0.556640625
7 0.6323529411764706 0.53515625 0.6429738562091504 0.53515625 0.6323529411764706 0.5556640625 0.6429738562091504 0.5556640625
7 0.6429738562091504 0.5322265625 0.6544117647058824 0.5322265625 0.6429738562091504 0.5556640625 0.6544117647058824 0.5556640625
7 0.6511437908496732 0.5322265625 0.6625816993464052 0.5322265625 0.6511437908496732 0.5546875 0.6625816993464052 0.5546875
7 0.8480392156862745 0.5390625 0.8660130718954249 0.5390625 0.8480392156862745 0.56640625 0.8660130718954249 0.56640625
7 0.8161764705882353 0.53515625 0.8431372549019608 0.53515625 0.8161764705882353 0.5693359375 0.8431372549019608 0.5693359375
0 0.06290849673202614 0.55859375 0.16176470588235295 0.55859375 0.06290849673202614 0.6796875 0.16176470588235295 0.6796875
2 0.16666666666666666 0.529296875 0.3227124183006536 0.529296875 0.16666666666666666 0.6337890625 0.3227124183006536 0.6337890625
2 0.37663398692810457 0.5341796875 0.4125816993464052 0.5341796875 0.37663398692810457 0.5517578125 0.4125816993464052 0.5517578125
2 0.38480392156862747 0.52734375 0.40522875816993464 0.52734375 0.38480392156862747 0.5341796875 0.40522875816993464 0.5341796875
2 0.4117647058823529 0.5341796875 0.4395424836601307 0.5341796875 0.4117647058823529 0.5517578125 0.4395424836601307 0.5517578125
2 0.28104575163398693 0.5478515625 0.4950980392156863 0.5478515625 0.28104575163398693 0.7626953125 0.4950980392156863 0.7626953125
2 0.44281045751633985 0.529296875 0.4591503267973856 0.529296875 0.44281045751633985 0.5478515625 0.4591503267973856 0.5478515625
2 0.4550653594771242 0.4775390625 0.5694444444444444 0.4775390625 0.4550653594771242 0.6142578125 0.5694444444444444 0.6142578125
2 0.4297385620915033 0.51953125 0.440359477124183 0.51953125 0.4297385620915033 0.529296875 0.440359477124183 0.529296875
2 0.440359477124183 0.5126953125 0.45016339869281047 0.5126953125 0.440359477124183 0.525390625 0.45016339869281047 0.525390625
2 0.7818627450980392 0.544921875 0.8022875816993464 0.544921875 0.7818627450980392 0.5546875 0.8022875816993464 0.5546875