1 0.5629084967320261 0.4775390625 0.6209150326797386 0.4775390625 0.5629084967320261 0.5380859375 0.6209150326797386 0.5380859375
4 0.5433006535947712 0.462890625 0.5465686274509803 0.462890625 0.5433006535947712 0.4765625 0.5465686274509803 0.4765625
4 0.5473856209150327 0.484375 0.5506535947712419 0.484375 0.5473856209150327 0.4921875 0.5506535947712419 0.4921875
4 0.4583333333333333 0.4677734375 0.4616013071895425 0.4677734375 0.4583333333333333 0.48046875 0.4616013071895425 0.48046875
4 0.4681372549019608 0.482421875 0.4714052287581699 0.482421875 0.4681372549019608 0.48828125 0.4714052287581699 0.48828125
9 0.6683006535947712 0.46875 0.6830065359477124 0.46875 0.6683006535947712 0.478515625 0.6830065359477124 0.478515625
9 0.6519607843137255 0.4697265625 0.6642156862745098 0.4697265625 0.6519607843137255 0.4833984375 0.6642156862745098 0.4833984375
7 0.7941176470588235 0.4931640625 0.8129084967320261 0.4931640625 0.7941176470588235 0.564453125 0.8129084967320261 0.564453125
7 0.7393790849673203 0.50390625 0.7589869281045751 0.50390625 0.7393790849673203 0.5576171875 0.7589869281045751 0.5576171875
7 0.7173202614379085 0.4951171875 0.7369281045751634 0.4951171875 0.7173202614379085 0.5576171875 0.7369281045751634 0.5576171875
7 0.690359477124183 0.4970703125 0.7034313725490197 0.4970703125 0.690359477124183 0.5400390625 0.7034313725490197 0.5400390625
7 0.6421568627450981 0.4990234375 0.6535947712418301 0.4990234375 0.6421568627450981 0.5361328125 0.6535947712418301 0.5361328125
7 0.1315359477124183 0.4990234375 0.16176470588235295 0.4990234375 0.1315359477124183 0.58203125 0.16176470588235295 0.58203125
7 0 0.5048828125 0.0196078431372549 0.5048828125 0 0.6298828125 0.0196078431372549 0.6298828125
7 0.20179738562091504 0.4853515625 0.22630718954248366 0.4853515625 0.20179738562091504 0.5673828125 0.22630718954248366 0.5673828125
7 0.29411764705882354 0.4931640625 0.315359477124183 0.4931640625 0.29411764705882354 0.5546875 0.315359477124183 0.5546875
7 0.3553921568627451 0.49609375 0.369281045751634 0.49609375 0.3553921568627451 0.5419921875 0.369281045751634 0.5419921875
7 0.33905228758169936 0.4931640625 0.352124183006536 0.4931640625 0.33905228758169936 0.537109375 0.352124183006536 0.537109375
7 0.369281045751634 0.4912109375 0.3815359477124183 0.4912109375 0.369281045751634 0.5380859375 0.3815359477124183 0.5380859375
7 0.380718954248366 0.4931640625 0.39052287581699346 0.4931640625 0.380718954248366 0.533203125 0.39052287581699346 0.533203125
7 0.3880718954248366 0.4951171875 0.39705882352941174 0.4951171875 0.3880718954248366 0.5341796875 0.39705882352941174 0.5341796875
7 0.40032679738562094 0.4970703125 0.4117647058823529 0.4970703125 0.40032679738562094 0.529296875 0.4117647058823529 0.529296875
13 0.4820261437908497 0.4677734375 0.5228758169934641 0.4677734375 0.4820261437908497 0.5126953125 0.5228758169934641 0.5126953125
2 0.3937908496732026 0.5107421875 0.4803921568627451 0.5107421875 0.3937908496732026 0.5908203125 0.4803921568627451 0.5908203125
2 0.48447712418300654 0.5087890625 0.5408496732026143 0.5087890625 0.48447712418300654 0.5654296875 0.5408496732026143 0.5654296875
2 0.5473856209150327 0.5029296875 0.5645424836601307 0.5029296875 0.5473856209150327 0.51953125 0.5645424836601307 0.51953125
2 0.5285947712418301 0.4921875 0.5449346405228758 0.4921875 0.5285947712418301 0.5048828125 0.5449346405228758 0.5048828125
2 0.5449346405228758 0.4873046875 0.5637254901960784 0.4873046875 0.5449346405228758 0.5048828125 0.5637254901960784 0.5048828125