4 0.9116666666666666 0.35875 0.9366666666666666 0.35875 0.9116666666666666 0.385 0.9366666666666666 0.385
4 0.6472222222222223 0.379375 0.66 0.379375 0.6472222222222223 0.401875 0.66 0.401875
4 0.6438888888888888 0.305 0.6766666666666666 0.305 0.6438888888888888 0.344375 0.6766666666666666 0.344375
4 0.5216666666666666 0.413125 0.5316666666666666 0.413125 0.5216666666666666 0.42625 0.5316666666666666 0.42625
4 0.46444444444444444 0.39 0.47555555555555556 0.39 0.46444444444444444 0.40625 0.47555555555555556 0.40625
4 0.40555555555555556 0.38 0.42277777777777775 0.38 0.40555555555555556 0.396875 0.42277777777777775 0.396875
4 0.3227777777777778 0.4125 0.3383333333333333 0.4125 0.3227777777777778 0.43125 0.3383333333333333 0.43125
9 0.9316666666666666 0.30875 0.9611111111111111 0.30875 0.9316666666666666 0.343125 0.9611111111111111 0.343125
9 0.9505555555555556 0.350625 0.9872222222222222 0.350625 0.9505555555555556 0.36625 0.9872222222222222 0.36625
9 0.65 0.42375 0.6616666666666666 0.42375 0.65 0.44125 0.6616666666666666 0.44125
9 0.6433333333333333 0.36125 0.6822222222222222 0.36125 0.6433333333333333 0.378125 0.6822222222222222 0.378125
7 0.8677777777777778 0.399375 0.8988888888888888 0.399375 0.8677777777777778 0.515 0.8988888888888888 0.515
7 0.8405555555555555 0.410625 0.8711111111111111 0.410625 0.8405555555555555 0.5175 0.8711111111111111 0.5175
7 0.825 0.4075 0.8527777777777777 0.4075 0.825 0.513125 0.8527777777777777 0.513125
7 0.7427777777777778 0.41875 0.7666666666666667 0.41875 0.7427777777777778 0.51375 0.7666666666666667 0.51375
7 0.7605555555555555 0.4175 0.7833333333333333 0.4175 0.7605555555555555 0.52625 0.7833333333333333 0.52625
7 0.775 0.415625 0.795 0.415625 0.775 0.51625 0.795 0.51625
7 0.7183333333333334 0.42 0.7411111111111112 0.42 0.7183333333333334 0.499375 0.7411111111111112 0.499375
7 0.7033333333333334 0.416875 0.7183333333333334 0.416875 0.7033333333333334 0.4725 0.7183333333333334 0.4725
7 0.37555555555555553 0.42625 0.4122222222222222 0.42625 0.37555555555555553 0.524375 0.4122222222222222 0.524375
7 0.03 0.44375 0.055 0.44375 0.03 0.525 0.055 0.525
7 0.007222222222222222 0.443125 0.029444444444444443 0.443125 0.007222222222222222 0.525625 0.029444444444444443 0.525625
7 0.09777777777777778 0.439375 0.10888888888888888 0.439375 0.09777777777777778 0.458125 0.10888888888888888 0.458125
7 0.08611111111111111 0.440625 0.09722222222222222 0.440625 0.08611111111111111 0.456875 0.09722222222222222 0.456875
0 0.07055555555555555 0.45875 0.12055555555555555 0.45875 0.07055555555555555 0.5025 0.12055555555555555 0.5025
0 0.07888888888888888 0.461875 0.12944444444444445 0.461875 0.07888888888888888 0.498125 0.12944444444444445 0.498125
2 0.44055555555555553 0.4475 0.4638888888888889 0.4475 0.44055555555555553 0.474375 0.4638888888888889 0.474375
2 0.20944444444444443 0.4425 0.3022222222222222 0.4425 0.20944444444444443 0.506875 0.3022222222222222 0.506875
2 0.29555555555555557 0.44375 0.3411111111111111 0.44375 0.29555555555555557 0.498125 0.3411111111111111 0.498125