4 0.4296875 0.44921875 0.4390625 0.44921875 0.4296875 0.4619140625 0.4390625 0.4619140625
4 0.5671875 0.4443359375 0.57421875 0.4443359375 0.5671875 0.453125 0.57421875 0.453125
4 0.565625 0.45703125 0.57109375 0.45703125 0.565625 0.4638671875 0.57109375 0.4638671875
4 0.51015625 0.4384765625 0.51640625 0.4384765625 0.51015625 0.4453125 0.51640625 0.4453125
4 0.48046875 0.4599609375 0.4859375 0.4599609375 0.48046875 0.4658203125 0.4859375 0.4658203125
4 0.54921875 0.4560546875 0.553125 0.4560546875 0.54921875 0.4609375 0.553125 0.4609375
9 0.046875 0.4638671875 0.06328125 0.4638671875 0.046875 0.49609375 0.06328125 0.49609375
9 0.04375 0.4306640625 0.06015625 0.4306640625 0.04375 0.4609375 0.06015625 0.4609375
9 0.73671875 0.50390625 0.7515625 0.50390625 0.73671875 0.525390625 0.7515625 0.525390625
7 0.97109375 0.49609375 0.99921875 0.49609375 0.97109375 0.6435546875 0.99921875 0.6435546875
2 0.33984375 0.4892578125 0.38671875 0.4892578125 0.33984375 0.5419921875 0.38671875 0.5419921875
2 0.3796875 0.4853515625 0.4125 0.4853515625 0.3796875 0.52734375 0.4125 0.52734375
2 0.46953125 0.478515625 0.49609375 0.478515625 0.46953125 0.5048828125 0.49609375 0.5048828125
2 0.45546875 0.4814453125 0.471875 0.4814453125 0.45546875 0.498046875 0.471875 0.498046875
2 0.49921875 0.474609375 0.51484375 0.474609375 0.49921875 0.484375 0.51484375 0.484375
3 0.2484375 0.5361328125 0.2609375 0.5361328125 0.2484375 0.5693359375 0.2609375 0.5693359375