9 0.7418300653594772 0.3984375 0.75 0.3984375 0.7418300653594772 0.4091796875 0.75 0.4091796875
9 0.7418300653594772 0.4091796875 0.7491830065359477 0.4091796875 0.7418300653594772 0.4189453125 0.7491830065359477 0.4189453125
9 0.7418300653594772 0.4189453125 0.7508169934640523 0.4189453125 0.7418300653594772 0.4296875 0.7508169934640523 0.4296875
9 0.7246732026143791 0.412109375 0.7344771241830066 0.412109375 0.7246732026143791 0.4228515625 0.7344771241830066 0.4228515625
9 0.7344771241830066 0.447265625 0.744281045751634 0.447265625 0.7344771241830066 0.458984375 0.744281045751634 0.458984375
9 0.4714052287581699 0.4365234375 0.48366013071895425 0.4365234375 0.4714052287581699 0.451171875 0.48366013071895425 0.451171875
9 0.5171568627450981 0.39453125 0.5285947712418301 0.39453125 0.5171568627450981 0.4091796875 0.5285947712418301 0.4091796875
9 0.5187908496732027 0.4091796875 0.5302287581699346 0.4091796875 0.5187908496732027 0.4228515625 0.5302287581699346 0.4228515625
9 0.5204248366013072 0.4326171875 0.5310457516339869 0.4326171875 0.5204248366013072 0.4462890625 0.5310457516339869 0.4462890625
9 0.9125816993464052 0.3662109375 0.9305555555555556 0.3662109375 0.9125816993464052 0.3876953125 0.9305555555555556 0.3876953125
9 0.9060457516339869 0.4013671875 0.9223856209150327 0.4013671875 0.9060457516339869 0.419921875 0.9223856209150327 0.419921875
9 0.3014705882352941 0.458984375 0.3137254901960784 0.458984375 0.3014705882352941 0.4736328125 0.3137254901960784 0.4736328125
2 0.20179738562091504 0.48046875 0.2826797385620915 0.48046875 0.20179738562091504 0.548828125 0.2826797385620915 0.548828125
2 0.32679738562091504 0.474609375 0.3758169934640523 0.474609375 0.32679738562091504 0.49609375 0.3758169934640523 0.49609375
2 0.3741830065359477 0.4658203125 0.40931372549019607 0.4658203125 0.3741830065359477 0.50390625 0.40931372549019607 0.50390625
2 0.18790849673202614 0.4951171875 0.4542483660130719 0.4951171875 0.18790849673202614 0.6943359375 0.4542483660130719 0.6943359375
2 0.5661764705882353 0.455078125 0.5833333333333334 0.455078125 0.5661764705882353 0.4765625 0.5833333333333334 0.4765625
2 0.5375816993464052 0.447265625 0.5702614379084967 0.447265625 0.5375816993464052 0.490234375 0.5702614379084967 0.490234375
2 0.5032679738562091 0.455078125 0.5571895424836601 0.455078125 0.5032679738562091 0.5107421875 0.5571895424836601 0.5107421875
2 0.5645424836601307 0.45703125 0.6446078431372549 0.45703125 0.5645424836601307 0.544921875 0.6446078431372549 0.544921875
2 0.6290849673202614 0.4482421875 0.6560457516339869 0.4482421875 0.6290849673202614 0.474609375 0.6560457516339869 0.474609375
2 0.6544117647058824 0.4453125 0.7083333333333334 0.4453125 0.6544117647058824 0.5009765625 0.7083333333333334 0.5009765625
2 0.826797385620915 0.4423828125 0.863562091503268 0.4423828125 0.826797385620915 0.4736328125 0.863562091503268 0.4736328125
2 0.8398692810457516 0.4384765625 0.8660130718954249 0.4384765625 0.8398692810457516 0.4609375 0.8660130718954249 0.4609375
2 0.863562091503268 0.4365234375 0.8905228758169934 0.4365234375 0.863562091503268 0.4619140625 0.8905228758169934 0.4619140625
2 0.7916666666666666 0.443359375 0.803921568627451 0.443359375 0.7916666666666666 0.4599609375 0.803921568627451 0.4599609375
2 0.7826797385620915 0.443359375 0.7949346405228758 0.443359375 0.7826797385620915 0.4599609375 0.7949346405228758 0.4599609375
2 0.7728758169934641 0.4423828125 0.7859477124183006 0.4423828125 0.7728758169934641 0.4599609375 0.7859477124183006 0.4599609375
2 0.2875816993464052 0.482421875 0.30718954248366015 0.482421875 0.2875816993464052 0.4951171875 0.30718954248366015 0.4951171875