4 0.6994444444444444 0.289375 0.7366666666666667 0.289375 0.6994444444444444 0.3325 0.7366666666666667 0.3325
4 0.35333333333333333 0.115625 0.3938888888888889 0.115625 0.35333333333333333 0.159375 0.3938888888888889 0.159375
4 0.16333333333333333 0.125625 0.19833333333333333 0.125625 0.16333333333333333 0.168125 0.19833333333333333 0.168125
4 0.017777777777777778 0.06375 0.07444444444444444 0.06375 0.017777777777777778 0.131875 0.07444444444444444 0.131875
9 0.42333333333333334 0.120625 0.4533333333333333 0.120625 0.42333333333333334 0.1675 0.4533333333333333 0.1675
9 0.22444444444444445 0.13 0.25277777777777777 0.13 0.22444444444444445 0.17875 0.25277777777777777 0.17875
7 0.1661111111111111 0.440625 0.2 0.440625 0.1661111111111111 0.54 0.2 0.54
2 0.35555555555555557 0.370625 0.6988888888888889 0.370625 0.35555555555555557 0.69125 0.6988888888888889 0.69125
2 0.0005555555555555556 0.47875 0.06055555555555556 0.47875 0.0005555555555555556 0.52625 0.06055555555555556 0.52625
2 0.051666666666666666 0.46125 0.12666666666666668 0.46125 0.051666666666666666 0.523125 0.12666666666666668 0.523125
2 0.10833333333333334 0.463125 0.18388888888888888 0.463125 0.10833333333333334 0.52 0.18388888888888888 0.52
2 0.18 0.465625 0.22611111111111112 0.465625 0.18 0.50875 0.22611111111111112 0.50875
2 0.21777777777777776 0.463125 0.25166666666666665 0.463125 0.21777777777777776 0.503125 0.25166666666666665 0.503125
7 0.16277777777777777 0.441875 0.19833333333333333 0.441875 0.16277777777777777 0.495625 0.19833333333333333 0.495625
6 0.24222222222222223 0.428125 0.33 0.428125 0.24222222222222223 0.5075 0.33 0.5075
2 0.245 0.441875 0.3188888888888889 0.441875 0.245 0.505 0.3188888888888889 0.505