9 0.6416666666666667 0.3925 0.6661111111111111 0.3925 0.6416666666666667 0.42125 0.6661111111111111 0.42125
9 0.49166666666666664 0.44375 0.49666666666666665 0.44375 0.49166666666666664 0.450625 0.49666666666666665 0.450625
9 0.49777777777777776 0.44625 0.5022222222222222 0.44625 0.49777777777777776 0.450625 0.5022222222222222 0.450625
9 0.31055555555555553 0.418125 0.3244444444444444 0.418125 0.31055555555555553 0.43375 0.3244444444444444 0.43375
0 0.1922222222222222 0.465 0.22 0.465 0.1922222222222222 0.535625 0.22 0.535625
2 0 0.46375 0.06277777777777778 0.46375 0 0.57375 0.06277777777777778 0.57375
2 0.008888888888888889 0.439375 0.12166666666666667 0.439375 0.008888888888888889 0.5175 0.12166666666666667 0.5175
2 0.3427777777777778 0.4525 0.37666666666666665 0.4525 0.3427777777777778 0.483125 0.37666666666666665 0.483125
2 0.3688888888888889 0.4525 0.3927777777777778 0.4525 0.3688888888888889 0.478125 0.3927777777777778 0.478125
2 0.3927777777777778 0.455625 0.40944444444444444 0.455625 0.3927777777777778 0.474375 0.40944444444444444 0.474375
2 0.4088888888888889 0.45375 0.42 0.45375 0.4088888888888889 0.470625 0.42 0.470625
2 0.41833333333333333 0.45375 0.4288888888888889 0.45375 0.41833333333333333 0.46625 0.4288888888888889 0.46625
2 0.4255555555555556 0.453125 0.4338888888888889 0.453125 0.4255555555555556 0.465 0.4338888888888889 0.465
2 0.6955555555555556 0.414375 0.9383333333333334 0.414375 0.6955555555555556 0.595625 0.9383333333333334 0.595625
2 0.6344444444444445 0.4075 0.7655555555555555 0.4075 0.6344444444444445 0.546875 0.7655555555555555 0.546875
2 0.6133333333333333 0.43625 0.6627777777777778 0.43625 0.6133333333333333 0.518125 0.6627777777777778 0.518125
2 0.5816666666666667 0.445625 0.6338888888888888 0.445625 0.5816666666666667 0.51125 0.6338888888888888 0.51125
2 0.5144444444444445 0.439375 0.5511111111111111 0.439375 0.5144444444444445 0.480625 0.5511111111111111 0.480625
2 0.5011111111111111 0.44375 0.5183333333333333 0.44375 0.5011111111111111 0.473125 0.5183333333333333 0.473125
2 0.495 0.451875 0.5022222222222222 0.451875 0.495 0.468125 0.5022222222222222 0.468125
2 0.48777777777777775 0.4525 0.49833333333333335 0.4525 0.48777777777777775 0.46625 0.49833333333333335 0.46625
7 0.18888888888888888 0.426875 0.22777777777777777 0.426875 0.18888888888888888 0.519375 0.22777777777777777 0.519375