9 0.5546875 0.41015625 0.56796875 0.41015625 0.5546875 0.42578125 0.56796875 0.42578125
9 0.5578125 0.4248046875 0.565625 0.4248046875 0.5578125 0.4306640625 0.565625 0.4306640625
9 0.39765625 0.4228515625 0.4078125 0.4228515625 0.39765625 0.4365234375 0.4078125 0.4365234375
9 0.39921875 0.435546875 0.40703125 0.435546875 0.39921875 0.4404296875 0.40703125 0.4404296875
7 0.396875 0.458984375 0.4078125 0.458984375 0.396875 0.4892578125 0.4078125 0.4892578125
7 0.40859375 0.45703125 0.4203125 0.45703125 0.40859375 0.4990234375 0.4203125 0.4990234375
7 0.61171875 0.458984375 0.625 0.458984375 0.61171875 0.4931640625 0.625 0.4931640625
7 0.48828125 0.45703125 0.49375 0.45703125 0.48828125 0.4697265625 0.49375 0.4697265625
7 0.54453125 0.451171875 0.553125 0.451171875 0.54453125 0.4677734375 0.553125 0.4677734375
7 0.55390625 0.4501953125 0.56015625 0.4501953125 0.55390625 0.4677734375 0.56015625 0.4677734375
0 0.28515625 0.5126953125 0.3109375 0.5126953125 0.28515625 0.58984375 0.3109375 0.58984375
0 0.50703125 0.521484375 0.55625 0.521484375 0.50703125 0.6669921875 0.55625 0.6669921875
0 0.425 0.470703125 0.43671875 0.470703125 0.425 0.4990234375 0.43671875 0.4990234375
2 0 0.556640625 0.06796875 0.556640625 0 0.7236328125 0.06796875 0.7236328125
2 0.0171875 0.5283203125 0.15859375 0.5283203125 0.0171875 0.67578125 0.15859375 0.67578125
2 0.16953125 0.486328125 0.27734375 0.486328125 0.16953125 0.6005859375 0.27734375 0.6005859375
2 0.22421875 0.470703125 0.31328125 0.470703125 0.22421875 0.5634765625 0.31328125 0.5634765625
2 0.2984375 0.482421875 0.3296875 0.482421875 0.2984375 0.552734375 0.3296875 0.552734375
2 0.28125 0.458984375 0.34453125 0.458984375 0.28125 0.5419921875 0.34453125 0.5419921875
2 0.33515625 0.4697265625 0.36953125 0.4697265625 0.33515625 0.53125 0.36953125 0.53125
2 0.3578125 0.4736328125 0.378125 0.4736328125 0.3578125 0.5244140625 0.378125 0.5244140625
2 0.3671875 0.4716796875 0.3953125 0.4716796875 0.3671875 0.5078125 0.3953125 0.5078125
2 0.378125 0.466796875 0.40546875 0.466796875 0.378125 0.50390625 0.40546875 0.50390625
2 0.4171875 0.4619140625 0.42734375 0.4619140625 0.4171875 0.4873046875 0.42734375 0.4873046875
2 0.4328125 0.4599609375 0.4421875 0.4599609375 0.4328125 0.4814453125 0.4421875 0.4814453125
2 0.4390625 0.4580078125 0.4515625 0.4580078125 0.4390625 0.478515625 0.4515625 0.478515625
2 0.4484375 0.45703125 0.4578125 0.45703125 0.4484375 0.47265625 0.4578125 0.47265625
2 0.45625 0.4521484375 0.4671875 0.4521484375 0.45625 0.4677734375 0.4671875 0.4677734375
2 0.48046875 0.466796875 0.52890625 0.466796875 0.48046875 0.5205078125 0.52890625 0.5205078125
2 0.4953125 0.4580078125 0.5078125 0.4580078125 0.4953125 0.4697265625 0.5078125 0.4697265625
2 0.509375 0.455078125 0.53046875 0.455078125 0.509375 0.4765625 0.53046875 0.4765625
2 0.5484375 0.4765625 0.61328125 0.4765625 0.5484375 0.5302734375 0.61328125 0.5302734375
2 0.53515625 0.4677734375 0.575 0.4677734375 0.53515625 0.509765625 0.575 0.509765625
2 0.5765625 0.4541015625 0.61484375 0.4541015625 0.5765625 0.48046875 0.61484375 0.48046875
2 0.6078125 0.453125 0.6265625 0.453125 0.6078125 0.4921875 0.6265625 0.4921875
2 0.70859375 0.45703125 0.78984375 0.45703125 0.70859375 0.5419921875 0.78984375 0.5419921875
2 0.82109375 0.4765625 0.94453125 0.4765625 0.82109375 0.595703125 0.94453125 0.595703125
2 0.82421875 0.4443359375 0.94609375 0.4443359375 0.82421875 0.4921875 0.94609375 0.4921875
2 0.9078125 0.484375 0.99921875 0.484375 0.9078125 0.6015625 0.99921875 0.6015625
2 0.9234375 0.4736328125 0.99921875 0.4736328125 0.9234375 0.51953125 0.99921875 0.51953125
2 0.93359375 0.451171875 0.99921875 0.451171875 0.93359375 0.478515625 0.99921875 0.478515625
2 0.5890625 0.46875 0.740625 0.46875 0.5890625 0.6220703125 0.740625 0.6220703125
7 0.42421875 0.455078125 0.4375 0.455078125 0.42421875 0.4970703125 0.4375 0.4970703125
7 0.5078125 0.4814453125 0.5625 0.4814453125 0.5078125 0.640625 0.5625 0.640625
7 0.284375 0.484375 0.3125 0.484375 0.284375 0.5771484375 0.3125 0.5771484375
7 0.55546875 0.4873046875 0.5828125 0.4873046875 0.55546875 0.6064453125 0.5828125 0.6064453125