4 0.7327777777777778 0.285 0.7544444444444445 0.285 0.7327777777777778 0.3225 0.7544444444444445 0.3225
4 0.5988888888888889 0.34 0.6244444444444445 0.34 0.5988888888888889 0.380625 0.6244444444444445 0.380625
4 0.6033333333333334 0.395625 0.6172222222222222 0.395625 0.6033333333333334 0.41125 0.6172222222222222 0.41125
4 0.47555555555555556 0.4375 0.47944444444444445 0.4375 0.47555555555555556 0.444375 0.47944444444444445 0.444375
4 0.2038888888888889 0.415 0.21666666666666667 0.415 0.2038888888888889 0.430625 0.21666666666666667 0.430625
4 0.17666666666666667 0.365 0.1988888888888889 0.365 0.17666666666666667 0.413125 0.1988888888888889 0.413125
9 0.7561111111111111 0.24625 0.78 0.24625 0.7561111111111111 0.281875 0.78 0.281875
9 0.7266666666666667 0.1775 0.7666666666666667 0.1775 0.7266666666666667 0.24875 0.7666666666666667 0.24875
9 0.565 0.418125 0.5727777777777778 0.418125 0.565 0.4275 0.5727777777777778 0.4275
9 0.5661111111111111 0.40875 0.5716666666666667 0.40875 0.5661111111111111 0.416875 0.5716666666666667 0.416875
9 0.4738888888888889 0.43 0.48444444444444446 0.43 0.4738888888888889 0.435 0.48444444444444446 0.435
7 0.3488888888888889 0.4125 0.3977777777777778 0.4125 0.3488888888888889 0.575625 0.3977777777777778 0.575625
7 0.3861111111111111 0.4275 0.43833333333333335 0.4275 0.3861111111111111 0.576875 0.43833333333333335 0.576875
7 0.52 0.405 0.6005555555555555 0.405 0.52 0.5975 0.6005555555555555 0.5975
7 0.6222222222222222 0.42 0.6794444444444444 0.42 0.6222222222222222 0.56625 0.6794444444444444 0.56625
7 0.6938888888888889 0.414375 0.7488888888888889 0.414375 0.6938888888888889 0.561875 0.7488888888888889 0.561875
7 0.7455555555555555 0.409375 0.7911111111111111 0.409375 0.7455555555555555 0.50375 0.7911111111111111 0.50375
2 0.7816666666666666 0.41375 0.9283333333333333 0.41375 0.7816666666666666 0.493125 0.9283333333333333 0.493125
2 0.29888888888888887 0.449375 0.34833333333333333 0.449375 0.29888888888888887 0.49125 0.34833333333333333 0.49125
2 0.2127777777777778 0.44 0.2738888888888889 0.44 0.2127777777777778 0.486875 0.2738888888888889 0.486875