4 0.0811111111111111 0.348125 0.10333333333333333 0.348125 0.0811111111111111 0.39875 0.10333333333333333 0.39875
4 0.6022222222222222 0.3425 0.6233333333333333 0.3425 0.6022222222222222 0.3925 0.6233333333333333 0.3925
7 0.62 0.4125 0.6444444444444445 0.4125 0.62 0.50125 0.6444444444444445 0.50125
7 0.7116666666666667 0.4175 0.7338888888888889 0.4175 0.7116666666666667 0.483125 0.7338888888888889 0.483125
7 0.81 0.39375 0.8422222222222222 0.39375 0.81 0.488125 0.8422222222222222 0.488125
7 0.8322222222222222 0.395 0.8922222222222222 0.395 0.8322222222222222 0.549375 0.8922222222222222 0.549375
7 0.8561111111111112 0.36875 0.8955555555555555 0.36875 0.8561111111111112 0.544375 0.8955555555555555 0.544375
7 0.8855555555555555 0.375 0.93 0.375 0.8855555555555555 0.549375 0.93 0.549375
7 0.9233333333333333 0.375625 0.9544444444444444 0.375625 0.9233333333333333 0.5475 0.9544444444444444 0.5475
7 0.9338888888888889 0.361875 0.9861111111111112 0.361875 0.9338888888888889 0.564375 0.9861111111111112 0.564375
7 0.13055555555555556 0.440625 0.15166666666666667 0.440625 0.13055555555555556 0.503125 0.15166666666666667 0.503125
7 0.12111111111111111 0.44125 0.13444444444444445 0.44125 0.12111111111111111 0.4675 0.13444444444444445 0.4675
7 0.10944444444444444 0.445 0.12833333333333333 0.445 0.10944444444444444 0.50125 0.12833333333333333 0.50125
7 0.105 0.44125 0.11722222222222223 0.44125 0.105 0.49 0.11722222222222223 0.49
7 0.06111111111111111 0.439375 0.08444444444444445 0.439375 0.06111111111111111 0.47875 0.08444444444444445 0.47875
7 0.026111111111111113 0.436875 0.04111111111111111 0.436875 0.026111111111111113 0.496875 0.04111111111111111 0.496875
7 0.9122222222222223 0.389375 0.9388888888888889 0.389375 0.9122222222222223 0.5375 0.9388888888888889 0.5375
7 0.08 0.4375 0.10055555555555555 0.4375 0.08 0.494375 0.10055555555555555 0.494375
7 0.23666666666666666 0.450625 0.25277777777777777 0.450625 0.23666666666666666 0.490625 0.25277777777777777 0.490625
7 0.145 0.44125 0.16055555555555556 0.44125 0.145 0.496875 0.16055555555555556 0.496875
2 0.2827777777777778 0.443125 0.35 0.443125 0.2827777777777778 0.5 0.35 0.5
2 0.385 0.401875 0.5411111111111111 0.401875 0.385 0.559375 0.5411111111111111 0.559375
2 0.5388888888888889 0.438125 0.5827777777777777 0.438125 0.5388888888888889 0.516875 0.5827777777777777 0.516875
2 0.3338888888888889 0.43875 0.37555555555555553 0.43875 0.3338888888888889 0.49125 0.37555555555555553 0.49125
8 0.6627777777777778 0.443125 0.6944444444444444 0.443125 0.6627777777777778 0.506875 0.6944444444444444 0.506875