1 0.37666666666666665 0.43125 0.4222222222222222 0.43125 0.37666666666666665 0.47125 0.4222222222222222 0.47125
1 0.5133333333333333 0.455 0.5366666666666666 0.455 0.5133333333333333 0.47625 0.5366666666666666 0.47625
4 0.6488888888888888 0.343125 0.6544444444444445 0.343125 0.6488888888888888 0.361875 0.6544444444444445 0.361875
4 0.49833333333333335 0.363125 0.5038888888888889 0.363125 0.49833333333333335 0.383125 0.5038888888888889 0.383125
4 0.5872222222222222 0.445625 0.5916666666666667 0.445625 0.5872222222222222 0.454375 0.5916666666666667 0.454375
4 0.5122222222222222 0.44375 0.5161111111111111 0.44375 0.5122222222222222 0.456875 0.5161111111111111 0.456875
4 0.5761111111111111 0.42875 0.58 0.42875 0.5761111111111111 0.4375 0.58 0.4375
4 0.4905555555555556 0.4375 0.4938888888888889 0.4375 0.4905555555555556 0.445625 0.4938888888888889 0.445625
4 0.36444444444444446 0.3425 0.3738888888888889 0.3425 0.36444444444444446 0.368125 0.3738888888888889 0.368125
4 0.2633333333333333 0.3625 0.2727777777777778 0.3625 0.2633333333333333 0.39 0.2727777777777778 0.39
4 0.21555555555555556 0.410625 0.225 0.410625 0.21555555555555556 0.4375 0.225 0.4375
4 0.1988888888888889 0.41375 0.2088888888888889 0.41375 0.1988888888888889 0.439375 0.2088888888888889 0.439375
4 0.19722222222222222 0.4575 0.20277777777777778 0.4575 0.19722222222222222 0.465625 0.20277777777777778 0.465625
4 0.6772222222222222 0.375625 0.685 0.375625 0.6772222222222222 0.38375 0.685 0.38375
9 0.8022222222222222 0.28125 0.8388888888888889 0.28125 0.8022222222222222 0.3475 0.8388888888888889 0.3475
9 0.8255555555555556 0.3475 0.8344444444444444 0.3475 0.8255555555555556 0.409375 0.8344444444444444 0.409375
9 0.6627777777777778 0.348125 0.6683333333333333 0.348125 0.6627777777777778 0.3625 0.6683333333333333 0.3625
9 0.6466666666666666 0.375625 0.6638888888888889 0.375625 0.6466666666666666 0.3825 0.6638888888888889 0.3825
9 0.5144444444444445 0.356875 0.5227777777777778 0.356875 0.5144444444444445 0.366875 0.5227777777777778 0.366875
9 0.325 0.3375 0.34944444444444445 0.3375 0.325 0.353125 0.34944444444444445 0.353125
9 0.13833333333333334 0.425 0.1461111111111111 0.425 0.13833333333333334 0.43875 0.1461111111111111 0.43875
9 0.2877777777777778 0.40125 0.30777777777777776 0.40125 0.2877777777777778 0.429375 0.30777777777777776 0.429375
9 0.28888888888888886 0.4325 0.30777777777777776 0.4325 0.28888888888888886 0.4575 0.30777777777777776 0.4575
9 0.29055555555555557 0.46625 0.31 0.46625 0.29055555555555557 0.488125 0.31 0.488125
9 0.25555555555555554 0.441875 0.2633333333333333 0.441875 0.25555555555555554 0.453125 0.2633333333333333 0.453125
9 0.20166666666666666 0.38125 0.2238888888888889 0.38125 0.20166666666666666 0.390625 0.2238888888888889 0.390625
9 0.36777777777777776 0.430625 0.38055555555555554 0.430625 0.36777777777777776 0.449375 0.38055555555555554 0.449375
9 0.365 0.41875 0.3811111111111111 0.41875 0.365 0.438125 0.3811111111111111 0.438125
9 0.3688888888888889 0.4575 0.38166666666666665 0.4575 0.3688888888888889 0.4775 0.38166666666666665 0.4775
0 0.5988888888888889 0.46625 0.6244444444444445 0.46625 0.5988888888888889 0.53125 0.6244444444444445 0.53125
2 0.5466666666666666 0.443125 0.5961111111111111 0.443125 0.5466666666666666 0.474375 0.5961111111111111 0.474375
2 0.17055555555555554 0.471875 0.21388888888888888 0.471875 0.17055555555555554 0.504375 0.21388888888888888 0.504375
2 0.32666666666666666 0.459375 0.40055555555555555 0.459375 0.32666666666666666 0.493125 0.40055555555555555 0.493125
2 0.39944444444444444 0.44375 0.46166666666666667 0.44375 0.39944444444444444 0.501875 0.46166666666666667 0.501875
2 0.45055555555555554 0.44875 0.4716666666666667 0.44875 0.45055555555555554 0.494375 0.4716666666666667 0.494375
2 0.46555555555555556 0.45625 0.4911111111111111 0.45625 0.46555555555555556 0.484375 0.4911111111111111 0.484375
2 0.49 0.455625 0.5066666666666667 0.455625 0.49 0.4775 0.5066666666666667 0.4775
7 0.5961111111111111 0.439375 0.625 0.439375 0.5961111111111111 0.524375 0.625 0.524375