9 0.7744444444444445 0.368125 0.8122222222222222 0.368125 0.7744444444444445 0.385625 0.8122222222222222 0.385625
9 0.7722222222222223 0.32875 0.8094444444444444 0.32875 0.7722222222222223 0.370625 0.8094444444444444 0.370625
2 0.21833333333333332 0.4525 0.33166666666666667 0.4525 0.21833333333333332 0.526875 0.33166666666666667 0.526875
2 0.46111111111111114 0.43875 0.5055555555555555 0.43875 0.46111111111111114 0.46875 0.5055555555555555 0.46875
2 0.6172222222222222 0.444375 0.655 0.444375 0.6172222222222222 0.474375 0.655 0.474375
2 0.7377777777777778 0.42375 0.7544444444444445 0.42375 0.7377777777777778 0.435 0.7544444444444445 0.435
2 0.7294444444444445 0.44625 0.7466666666666667 0.44625 0.7294444444444445 0.45625 0.7466666666666667 0.45625
2 0.6527777777777778 0.43875 0.7155555555555555 0.43875 0.6527777777777778 0.50625 0.7155555555555555 0.50625
2 0.6688888888888889 0.4525 0.7888888888888889 0.4525 0.6688888888888889 0.5425 0.7888888888888889 0.5425
2 0.7666666666666667 0.46 0.9994444444444445 0.46 0.7666666666666667 0.623125 0.9994444444444445 0.623125
2 0.9733333333333334 0.494375 0.9994444444444445 0.494375 0.9733333333333334 0.68875 0.9994444444444445 0.68875