1 0.5285947712418301 0.3134765625 0.6004901960784313 0.3134765625 0.5285947712418301 0.3759765625 0.6004901960784313 0.3759765625
4 0.056372549019607844 0.017578125 0.11437908496732026 0.017578125 0.056372549019607844 0.173828125 0.11437908496732026 0.173828125
4 0.28594771241830064 0.2109375 0.315359477124183 0.2109375 0.28594771241830064 0.2841796875 0.315359477124183 0.2841796875
4 0.4485294117647059 0.3642578125 0.45669934640522875 0.3642578125 0.4485294117647059 0.3798828125 0.45669934640522875 0.3798828125
4 0.29411764705882354 0.1904296875 0.32516339869281047 0.1904296875 0.29411764705882354 0.29296875 0.32516339869281047 0.29296875
7 0.15359477124183007 0.359375 0.17238562091503268 0.359375 0.15359477124183007 0.41796875 0.17238562091503268 0.41796875
7 0.17320261437908496 0.359375 0.1968954248366013 0.359375 0.17320261437908496 0.4443359375 0.1968954248366013 0.4443359375
7 0.20098039215686275 0.36328125 0.22712418300653595 0.36328125 0.20098039215686275 0.4462890625 0.22712418300653595 0.4462890625
7 0.22058823529411764 0.36328125 0.23366013071895425 0.36328125 0.22058823529411764 0.4345703125 0.23366013071895425 0.4345703125
7 0.9632352941176471 0.412109375 0.9959150326797386 0.412109375 0.9632352941176471 0.52734375 0.9959150326797386 0.52734375
7 0.9174836601307189 0.4228515625 0.9362745098039216 0.4228515625 0.9174836601307189 0.4873046875 0.9362745098039216 0.4873046875
7 0.8766339869281046 0.419921875 0.9011437908496732 0.419921875 0.8766339869281046 0.4833984375 0.9011437908496732 0.4833984375
7 0.8611111111111112 0.4150390625 0.8758169934640523 0.4150390625 0.8611111111111112 0.4658203125 0.8758169934640523 0.4658203125
7 0.8341503267973857 0.4228515625 0.8480392156862745 0.4228515625 0.8341503267973857 0.4453125 0.8480392156862745 0.4453125
7 0.8080065359477124 0.41796875 0.8251633986928104 0.41796875 0.8080065359477124 0.4794921875 0.8251633986928104 0.4794921875
7 0.7908496732026143 0.4208984375 0.8047385620915033 0.4208984375 0.7908496732026143 0.4619140625 0.8047385620915033 0.4619140625
7 0.7769607843137255 0.412109375 0.7941176470588235 0.412109375 0.7769607843137255 0.4638671875 0.7941176470588235 0.4638671875
7 0.7083333333333334 0.4189453125 0.7173202614379085 0.4189453125 0.7083333333333334 0.4482421875 0.7173202614379085 0.4482421875
7 0.6919934640522876 0.4130859375 0.7009803921568627 0.4130859375 0.6919934640522876 0.4453125 0.7009803921568627 0.4453125
7 0.701797385620915 0.4091796875 0.7083333333333334 0.4091796875 0.701797385620915 0.4365234375 0.7083333333333334 0.4365234375
2 0.6225490196078431 0.388671875 0.6715686274509803 0.388671875 0.6225490196078431 0.4619140625 0.6715686274509803 0.4619140625
2 0.4730392156862745 0.37109375 0.6388888888888888 0.37109375 0.4730392156862745 0.5458984375 0.6388888888888888 0.5458984375
2 0.4019607843137255 0.375 0.4591503267973856 0.375 0.4019607843137255 0.44921875 0.4591503267973856 0.44921875
2 0.4534313725490196 0.3828125 0.4714052287581699 0.3828125 0.4534313725490196 0.4365234375 0.4714052287581699 0.4365234375