9 0.023333333333333334 0.4125 0.03777777777777778 0.4125 0.023333333333333334 0.435625 0.03777777777777778 0.435625
9 0.14722222222222223 0.41625 0.1638888888888889 0.41625 0.14722222222222223 0.443125 0.1638888888888889 0.443125
9 0.3977777777777778 0.433125 0.405 0.433125 0.3977777777777778 0.4425 0.405 0.4425
9 0.4338888888888889 0.415 0.4527777777777778 0.415 0.4338888888888889 0.42625 0.4527777777777778 0.42625
9 0.6844444444444444 0.3975 0.6977777777777778 0.3975 0.6844444444444444 0.415625 0.6977777777777778 0.415625
9 0.6561111111111111 0.403125 0.6633333333333333 0.403125 0.6561111111111111 0.411875 0.6633333333333333 0.411875
9 0.6572222222222223 0.4 0.6622222222222223 0.4 0.6572222222222223 0.4025 0.6622222222222223 0.4025
9 0.6405555555555555 0.40625 0.6505555555555556 0.40625 0.6405555555555555 0.414375 0.6505555555555556 0.414375
9 0.6933333333333334 0.433125 0.7 0.433125 0.6933333333333334 0.44 0.7 0.44
9 0.6572222222222223 0.420625 0.6605555555555556 0.420625 0.6572222222222223 0.425625 0.6605555555555556 0.425625
2 0.58 0.425625 0.6033333333333334 0.425625 0.58 0.448125 0.6033333333333334 0.448125
2 0.5627777777777778 0.426875 0.575 0.426875 0.5627777777777778 0.438125 0.575 0.438125