4 0.4688888888888889 0.389375 0.475 0.389375 0.4688888888888889 0.403125 0.475 0.403125
4 0.4761111111111111 0.40375 0.48 0.40375 0.4761111111111111 0.414375 0.48 0.414375
4 0.5205555555555555 0.419375 0.5272222222222223 0.419375 0.5205555555555555 0.434375 0.5272222222222223 0.434375
4 0.5144444444444445 0.426875 0.5194444444444445 0.426875 0.5144444444444445 0.44 0.5194444444444445 0.44
4 0.43555555555555553 0.429375 0.43833333333333335 0.429375 0.43555555555555553 0.440625 0.43833333333333335 0.440625
7 0.5027777777777778 0.454375 0.51 0.454375 0.5027777777777778 0.475 0.51 0.475
7 0.0005555555555555556 0.439375 0.013333333333333334 0.439375 0.0005555555555555556 0.520625 0.013333333333333334 0.520625
7 0.31444444444444447 0.4425 0.33 0.4425 0.31444444444444447 0.485 0.33 0.485
7 0.3016666666666667 0.4425 0.315 0.4425 0.3016666666666667 0.47875 0.315 0.47875
7 0.33055555555555555 0.445 0.3383333333333333 0.445 0.33055555555555555 0.485 0.3383333333333333 0.485
7 0.026111111111111113 0.4225 0.06333333333333334 0.4225 0.026111111111111113 0.531875 0.06333333333333334 0.531875
0 0.365 0.4675 0.3877777777777778 0.4675 0.365 0.519375 0.3877777777777778 0.519375
0 0.4077777777777778 0.46375 0.41888888888888887 0.46375 0.4077777777777778 0.486875 0.41888888888888887 0.486875
0 0.12166666666666667 0.45 0.17166666666666666 0.45 0.12166666666666667 0.545625 0.17166666666666666 0.545625
0 0.075 0.46125 0.12055555555555555 0.46125 0.075 0.539375 0.12055555555555555 0.539375
0 0.08888888888888889 0.465 0.13111111111111112 0.465 0.08888888888888889 0.545 0.13111111111111112 0.545
0 0 0.448125 0.05333333333333334 0.448125 0 0.56875 0.05333333333333334 0.56875
0 0.18777777777777777 0.464375 0.22777777777777777 0.464375 0.18777777777777777 0.493125 0.22777777777777777 0.493125
0 0.2911111111111111 0.460625 0.30777777777777776 0.460625 0.2911111111111111 0.504375 0.30777777777777776 0.504375
0 0.24055555555555555 0.46375 0.2638888888888889 0.46375 0.24055555555555555 0.510625 0.2638888888888889 0.510625
0 0.2588888888888889 0.4625 0.2822222222222222 0.4625 0.2588888888888889 0.513125 0.2822222222222222 0.513125
0 0.2822222222222222 0.461875 0.29833333333333334 0.461875 0.2822222222222222 0.506875 0.29833333333333334 0.506875
2 0.7222222222222222 0.41875 0.9994444444444445 0.41875 0.7222222222222222 0.6675 0.9994444444444445 0.6675
2 0.6127777777777778 0.438125 0.7716666666666666 0.438125 0.6127777777777778 0.5675 0.7716666666666666 0.5675
2 0.5583333333333333 0.449375 0.645 0.449375 0.5583333333333333 0.524375 0.645 0.524375
2 0.5327777777777778 0.451875 0.5794444444444444 0.451875 0.5327777777777778 0.49125 0.5794444444444444 0.49125
2 0.525 0.4525 0.5438888888888889 0.4525 0.525 0.48625 0.5438888888888889 0.48625
2 0.47 0.453125 0.5055555555555555 0.453125 0.47 0.48125 0.5055555555555555 0.48125
2 0.12444444444444444 0.450625 0.165 0.450625 0.12444444444444444 0.481875 0.165 0.481875
7 0.3655555555555556 0.43625 0.3888888888888889 0.43625 0.3655555555555556 0.506875 0.3888888888888889 0.506875
7 0.4077777777777778 0.45125 0.41944444444444445 0.45125 0.4077777777777778 0.4825 0.41944444444444445 0.4825