4 0.7607421875 0.369140625 0.7900390625 0.369140625 0.7607421875 0.4127604166666667 0.7900390625 0.4127604166666667
4 0.755859375 0.482421875 0.7705078125 0.482421875 0.755859375 0.5110677083333334 0.7705078125 0.5110677083333334
4 0.63525390625 0.5182291666666666 0.64404296875 0.5182291666666666 0.63525390625 0.5455729166666666 0.64404296875 0.5455729166666666
4 0.4013671875 0.513671875 0.41015625 0.513671875 0.4013671875 0.546875 0.41015625 0.546875
9 0.7568359375 0.4537760416666667 0.80517578125 0.4537760416666667 0.7568359375 0.4765625 0.80517578125 0.4765625
7 0.8486328125 0.5462239583333334 0.87548828125 0.5462239583333334 0.8486328125 0.69140625 0.87548828125 0.69140625
7 0.79296875 0.548828125 0.82373046875 0.548828125 0.79296875 0.6796875 0.82373046875 0.6796875
7 0.826171875 0.5462239583333334 0.85986328125 0.5462239583333334 0.826171875 0.6822916666666666 0.85986328125 0.6822916666666666
7 0.337890625 0.5592447916666666 0.3486328125 0.5592447916666666 0.337890625 0.5904947916666666 0.3486328125 0.5904947916666666
7 0.36083984375 0.55859375 0.37109375 0.55859375 0.36083984375 0.587890625 0.37109375 0.587890625
2 0.537109375 0.5618489583333334 0.58154296875 0.5618489583333334 0.537109375 0.6197916666666666 0.58154296875 0.6197916666666666
2 0.58935546875 0.5638020833333334 0.62109375 0.5638020833333334 0.58935546875 0.5944010416666666 0.62109375 0.5944010416666666