9 0.435 0.425 0.4411111111111111 0.425 0.435 0.43875 0.4411111111111111 0.43875
9 0.54 0.425 0.5483333333333333 0.425 0.54 0.44 0.5483333333333333 0.44
9 0.5977777777777777 0.42625 0.605 0.42625 0.5977777777777777 0.440625 0.605 0.440625
7 0.395 0.444375 0.4077777777777778 0.444375 0.395 0.489375 0.4077777777777778 0.489375
7 0.36777777777777776 0.445625 0.37833333333333335 0.445625 0.36777777777777776 0.479375 0.37833333333333335 0.479375
2 0.7905555555555556 0.38375 0.9994444444444445 0.38375 0.7905555555555556 0.62625 0.9994444444444445 0.62625
2 0.7511111111111111 0.4275 0.9188888888888889 0.4275 0.7511111111111111 0.519375 0.9188888888888889 0.519375
2 0.6866666666666666 0.463125 0.7672222222222222 0.463125 0.6866666666666666 0.534375 0.7672222222222222 0.534375
2 0.6572222222222223 0.435 0.7761111111111111 0.435 0.6572222222222223 0.51875 0.7761111111111111 0.51875
2 0.5755555555555556 0.449375 0.6577777777777778 0.449375 0.5755555555555556 0.495 0.6577777777777778 0.495
2 0.6261111111111111 0.47375 0.6844444444444444 0.47375 0.6261111111111111 0.519375 0.6844444444444444 0.519375
2 0.5544444444444444 0.4575 0.5755555555555556 0.4575 0.5544444444444444 0.475625 0.5755555555555556 0.475625
2 0.4811111111111111 0.45625 0.5005555555555555 0.45625 0.4811111111111111 0.46625 0.5005555555555555 0.46625
2 0.3566666666666667 0.455625 0.3927777777777778 0.455625 0.3566666666666667 0.475 0.3927777777777778 0.475
2 0.2811111111111111 0.45375 0.34444444444444444 0.45375 0.2811111111111111 0.50125 0.34444444444444444 0.50125
2 0.145 0.4275 0.28888888888888886 0.4275 0.145 0.519375 0.28888888888888886 0.519375
2 0 0.42125 0.1988888888888889 0.42125 0 0.54 0.1988888888888889 0.54
2 0 0.443125 0.10666666666666667 0.443125 0 0.576875 0.10666666666666667 0.576875
2 0.5044444444444445 0.459375 0.5244444444444445 0.459375 0.5044444444444445 0.471875 0.5244444444444445 0.471875