4 0.05310457516339869 0.4619140625 0.061274509803921566 0.4619140625 0.05310457516339869 0.4697265625 0.061274509803921566 0.4697265625
4 0.20506535947712418 0.4501953125 0.21323529411764705 0.4501953125 0.20506535947712418 0.4736328125 0.21323529411764705 0.4736328125
4 0.2426470588235294 0.421875 0.25245098039215685 0.421875 0.2426470588235294 0.4482421875 0.25245098039215685 0.4482421875
4 0.21241830065359477 0.4267578125 0.2222222222222222 0.4267578125 0.21241830065359477 0.4404296875 0.2222222222222222 0.4404296875
4 0.19526143790849673 0.427734375 0.20669934640522875 0.427734375 0.19526143790849673 0.447265625 0.20669934640522875 0.447265625
4 0.19444444444444445 0.3173828125 0.21405228758169934 0.3173828125 0.19444444444444445 0.37109375 0.21405228758169934 0.37109375
4 0.75 0.4287109375 0.7598039215686274 0.4287109375 0.75 0.455078125 0.7598039215686274 0.455078125
4 0.7369281045751634 0.3916015625 0.75 0.3916015625 0.7369281045751634 0.41015625 0.75 0.41015625
4 0.7246732026143791 0.3037109375 0.7426470588235294 0.3037109375 0.7246732026143791 0.365234375 0.7426470588235294 0.365234375
4 0.8276143790849673 0.36328125 0.8382352941176471 0.36328125 0.8276143790849673 0.38671875 0.8382352941176471 0.38671875
4 0.923202614379085 0.3310546875 0.9370915032679739 0.3310546875 0.923202614379085 0.3623046875 0.9370915032679739 0.3623046875
4 0.923202614379085 0.3955078125 0.9330065359477124 0.3955078125 0.923202614379085 0.4072265625 0.9330065359477124 0.4072265625
4 0.8251633986928104 0.412109375 0.8357843137254902 0.412109375 0.8251633986928104 0.4208984375 0.8357843137254902 0.4208984375
4 0.272875816993464 0.44140625 0.2867647058823529 0.44140625 0.272875816993464 0.455078125 0.2867647058823529 0.455078125
4 0.8316993464052288 0.3916015625 0.8406862745098039 0.3916015625 0.8316993464052288 0.408203125 0.8406862745098039 0.408203125
9 0.3937908496732026 0.4453125 0.39950980392156865 0.4453125 0.3937908496732026 0.455078125 0.39950980392156865 0.455078125
9 0.6519607843137255 0.4140625 0.6609477124183006 0.4140625 0.6519607843137255 0.42578125 0.6609477124183006 0.42578125
9 0.7491830065359477 0.408203125 0.7598039215686274 0.408203125 0.7491830065359477 0.4208984375 0.7598039215686274 0.4208984375
9 0.9795751633986928 0.357421875 0.9991830065359477 0.357421875 0.9795751633986928 0.38671875 0.9991830065359477 0.38671875
9 0.9820261437908496 0.3876953125 0.9975490196078431 0.3876953125 0.9820261437908496 0.3974609375 0.9975490196078431 0.3974609375
7 0.5269607843137255 0.44140625 0.5449346405228758 0.44140625 0.5269607843137255 0.46875 0.5449346405228758 0.46875
7 0.48284313725490197 0.453125 0.4910130718954248 0.453125 0.48284313725490197 0.474609375 0.4910130718954248 0.474609375
7 0.4616013071895425 0.453125 0.46977124183006536 0.453125 0.4616013071895425 0.4814453125 0.46977124183006536 0.4814453125
0 0.11437908496732026 0.478515625 0.14133986928104575 0.478515625 0.11437908496732026 0.5087890625 0.14133986928104575 0.5087890625
0 0.9632352941176471 0.4697265625 0.9991830065359477 0.4697265625 0.9632352941176471 0.4931640625 0.9991830065359477 0.4931640625
5 0.6053921568627451 0.453125 0.6560457516339869 0.453125 0.6053921568627451 0.48828125 0.6560457516339869 0.48828125
2 0 0.4541015625 0.05228758169934641 0.4541015625 0 0.5400390625 0.05228758169934641 0.5400390625
2 0.12908496732026145 0.4892578125 0.3145424836601307 0.4892578125 0.12908496732026145 0.6220703125 0.3145424836601307 0.6220703125
2 0.3562091503267974 0.4833984375 0.6225490196078431 0.4833984375 0.3562091503267974 0.7548828125 0.6225490196078431 0.7548828125
2 0.4305555555555556 0.443359375 0.4673202614379085 0.443359375 0.4305555555555556 0.4873046875 0.4673202614379085 0.4873046875
2 0.49264705882352944 0.4453125 0.5988562091503268 0.4453125 0.49264705882352944 0.49609375 0.5988562091503268 0.49609375
2 0.46405228758169936 0.46875 0.5915032679738562 0.46875 0.46405228758169936 0.5126953125 0.5915032679738562 0.5126953125
2 0.7859477124183006 0.4306640625 0.9387254901960784 0.4306640625 0.7859477124183006 0.4970703125 0.9387254901960784 0.4970703125
7 0.6241830065359477 0.4384765625 0.6405228758169934 0.4384765625 0.6241830065359477 0.482421875 0.6405228758169934 0.482421875