9 0.37265625 0.28125 0.434375 0.28125 0.37265625 0.3779296875 0.434375 0.3779296875
9 0.3796875 0.47265625 0.43125 0.47265625 0.3796875 0.5576171875 0.43125 0.5576171875
2 0.5296875 0.5185546875 0.67421875 0.5185546875 0.5296875 0.6455078125 0.67421875 0.6455078125
2 0.62109375 0.5068359375 0.696875 0.5068359375 0.62109375 0.6064453125 0.696875 0.6064453125
2 0.6671875 0.4990234375 0.721875 0.4990234375 0.6671875 0.5859375 0.721875 0.5859375
2 0.6984375 0.4970703125 0.7390625 0.4970703125 0.6984375 0.568359375 0.7390625 0.568359375
2 0.71328125 0.4931640625 0.75859375 0.4931640625 0.71328125 0.5537109375 0.75859375 0.5537109375
2 0.72890625 0.482421875 0.77890625 0.482421875 0.72890625 0.5380859375 0.77890625 0.5380859375
2 0.759375 0.4775390625 0.796875 0.4775390625 0.759375 0.5224609375 0.796875 0.5224609375
2 0.784375 0.46484375 0.82734375 0.46484375 0.784375 0.5048828125 0.82734375 0.5048828125
2 0.8140625 0.458984375 0.840625 0.458984375 0.8140625 0.486328125 0.840625 0.486328125
2 0.82578125 0.451171875 0.84921875 0.451171875 0.82578125 0.4775390625 0.84921875 0.4775390625
2 0.96875 0.470703125 0.99921875 0.470703125 0.96875 0.541015625 0.99921875 0.541015625
2 0.94453125 0.4619140625 0.98671875 0.4619140625 0.94453125 0.51171875 0.98671875 0.51171875
2 0.925 0.462890625 0.9515625 0.462890625 0.925 0.49609375 0.9515625 0.49609375
2 0.9078125 0.453125 0.93359375 0.453125 0.9078125 0.4814453125 0.93359375 0.4814453125
2 0.8421875 0.4501953125 0.85859375 0.4501953125 0.8421875 0.4697265625 0.85859375 0.4697265625
9 0.3765625 0.376953125 0.43515625 0.376953125 0.3765625 0.3935546875 0.43515625 0.3935546875