9 0.1828125 0.4208984375 0.21640625 0.4208984375 0.1828125 0.431640625 0.21640625 0.431640625
9 0.60390625 0.4326171875 0.61640625 0.4326171875 0.60390625 0.443359375 0.61640625 0.443359375
9 0.38046875 0.4375 0.38828125 0.4375 0.38046875 0.44921875 0.38828125 0.44921875
9 0.515625 0.44140625 0.5234375 0.44140625 0.515625 0.44921875 0.5234375 0.44921875
9 0.51640625 0.4482421875 0.5234375 0.4482421875 0.51640625 0.453125 0.5234375 0.453125
7 0 0.498046875 0.03046875 0.498046875 0 0.6171875 0.03046875 0.6171875
7 0.25703125 0.470703125 0.275 0.470703125 0.25703125 0.5224609375 0.275 0.5224609375
7 0.27421875 0.4697265625 0.28828125 0.4697265625 0.27421875 0.525390625 0.28828125 0.525390625
7 0.2859375 0.470703125 0.303125 0.470703125 0.2859375 0.5263671875 0.303125 0.5263671875
7 0.33359375 0.4677734375 0.35078125 0.4677734375 0.33359375 0.5224609375 0.35078125 0.5224609375
7 0.6484375 0.4658203125 0.66875 0.4658203125 0.6484375 0.5361328125 0.66875 0.5361328125
7 0.41796875 0.458984375 0.42421875 0.458984375 0.41796875 0.4794921875 0.42421875 0.4794921875
7 0.43984375 0.4609375 0.446875 0.4609375 0.43984375 0.478515625 0.446875 0.478515625
7 0.4375 0.4609375 0.4421875 0.4609375 0.4375 0.478515625 0.4421875 0.478515625
2 0.3484375 0.4609375 0.4078125 0.4609375 0.3484375 0.498046875 0.4078125 0.498046875
2 0.77890625 0.4853515625 0.95 0.4853515625 0.77890625 0.5771484375 0.95 0.5771484375
2 0.8234375 0.50390625 0.99921875 0.50390625 0.8234375 0.8037109375 0.99921875 0.8037109375
2 0.52578125 0.4658203125 0.5484375 0.4658203125 0.52578125 0.4970703125 0.5484375 0.4970703125
2 0.5375 0.46875 0.5546875 0.46875 0.5375 0.505859375 0.5546875 0.505859375
2 0.54453125 0.46875 0.58125 0.46875 0.54453125 0.5078125 0.58125 0.5078125
2 0.55078125 0.47265625 0.5890625 0.47265625 0.55078125 0.517578125 0.5890625 0.517578125
2 0.57109375 0.4755859375 0.63515625 0.4755859375 0.57109375 0.5400390625 0.63515625 0.5400390625
2 0.4796875 0.4609375 0.48984375 0.4609375 0.4796875 0.470703125 0.48984375 0.470703125
2 0.509375 0.462890625 0.53046875 0.462890625 0.509375 0.4853515625 0.53046875 0.4853515625
2 0.50234375 0.462890625 0.5140625 0.462890625 0.50234375 0.4814453125 0.5140625 0.4814453125
2 0.49765625 0.4619140625 0.50625 0.4619140625 0.49765625 0.48046875 0.50625 0.48046875
2 0.48984375 0.458984375 0.50234375 0.458984375 0.48984375 0.4755859375 0.50234375 0.4755859375
2 0.45859375 0.4619140625 0.4828125 0.4619140625 0.45859375 0.4853515625 0.4828125 0.4853515625
10 0.33828125 0.51953125 0.34453125 0.51953125 0.33828125 0.5224609375 0.34453125 0.5224609375
1 0.4375 0.458984375 0.45546875 0.458984375 0.4375 0.470703125 0.45546875 0.470703125