9 0.33642578125 0.4713541666666667 0.349609375 0.4713541666666667 0.33642578125 0.4772135416666667 0.349609375 0.4772135416666667
9 0.34912109375 0.4615885416666667 0.36572265625 0.4615885416666667 0.34912109375 0.4811197916666667 0.36572265625 0.4811197916666667
9 0.701171875 0.4641927083333333 0.7158203125 0.4641927083333333 0.701171875 0.4720052083333333 0.7158203125 0.4720052083333333
9 0.6904296875 0.421875 0.7236328125 0.421875 0.6904296875 0.4641927083333333 0.7236328125 0.4641927083333333
0 0.6943359375 0.5716145833333334 0.70947265625 0.5716145833333334 0.6943359375 0.6510416666666666 0.70947265625 0.6510416666666666
2 0.0126953125 0.525390625 0.15087890625 0.525390625 0.0126953125 0.6549479166666666 0.15087890625 0.6549479166666666
2 0.1171875 0.5279947916666666 0.22021484375 0.5279947916666666 0.1171875 0.626953125 0.22021484375 0.626953125
2 0.39404296875 0.521484375 0.4306640625 0.521484375 0.39404296875 0.5540364583333334 0.4306640625 0.5540364583333334
2 0.4375 0.5182291666666666 0.4736328125 0.5182291666666666 0.4375 0.5494791666666666 0.4736328125 0.5494791666666666
2 0.47412109375 0.521484375 0.498046875 0.521484375 0.47412109375 0.5436197916666666 0.498046875 0.5436197916666666
7 0.681640625 0.5065104166666666 0.72705078125 0.5065104166666666 0.681640625 0.6360677083333334 0.72705078125 0.6360677083333334