9 0.055 0.335625 0.08222222222222222 0.335625 0.055 0.379375 0.08222222222222222 0.379375
9 0.49722222222222223 0.42125 0.5083333333333333 0.42125 0.49722222222222223 0.435625 0.5083333333333333 0.435625
9 0.5194444444444445 0.385 0.5272222222222223 0.385 0.5194444444444445 0.400625 0.5272222222222223 0.400625
9 0.7977777777777778 0.375625 0.8072222222222222 0.375625 0.7977777777777778 0.390625 0.8072222222222222 0.390625
0 0.03722222222222222 0.450625 0.09166666666666666 0.450625 0.03722222222222222 0.515 0.09166666666666666 0.515
0 0.07888888888888888 0.44125 0.1411111111111111 0.44125 0.07888888888888888 0.511875 0.1411111111111111 0.511875
0 0.09722222222222222 0.456875 0.1438888888888889 0.456875 0.09722222222222222 0.506875 0.1438888888888889 0.506875
0 0.20777777777777778 0.450625 0.2411111111111111 0.450625 0.20777777777777778 0.4975 0.2411111111111111 0.4975
0 0.2783333333333333 0.4425 0.31166666666666665 0.4425 0.2783333333333333 0.48875 0.31166666666666665 0.48875
0 0.315 0.439375 0.3522222222222222 0.439375 0.315 0.4825 0.3522222222222222 0.4825
0 0.35944444444444446 0.44375 0.3861111111111111 0.44375 0.35944444444444446 0.478125 0.3861111111111111 0.478125
0 0.43444444444444447 0.439375 0.45944444444444443 0.439375 0.43444444444444447 0.469375 0.45944444444444443 0.469375
0 0.47333333333333333 0.434375 0.4938888888888889 0.434375 0.47333333333333333 0.466875 0.4938888888888889 0.466875
0 0.49944444444444447 0.435625 0.5322222222222223 0.435625 0.49944444444444447 0.46375 0.5322222222222223 0.46375
0 0.5194444444444445 0.436875 0.5355555555555556 0.436875 0.5194444444444445 0.459375 0.5355555555555556 0.459375
0 0.55 0.43375 0.5638888888888889 0.43375 0.55 0.45875 0.5638888888888889 0.45875
0 0.5705555555555556 0.42875 0.5844444444444444 0.42875 0.5705555555555556 0.456875 0.5844444444444444 0.456875
0 0.5866666666666667 0.4325 0.5972222222222222 0.4325 0.5866666666666667 0.45375 0.5972222222222222 0.45375
2 0.0038888888888888888 0.394375 0.20444444444444446 0.394375 0.0038888888888888888 0.475625 0.20444444444444446 0.475625
2 0.5144444444444445 0.420625 0.545 0.420625 0.5144444444444445 0.444375 0.545 0.444375
2 0.7477777777777778 0.399375 0.805 0.399375 0.7477777777777778 0.46 0.805 0.46
7 0.043333333333333335 0.413125 0.08722222222222223 0.413125 0.043333333333333335 0.5125 0.08722222222222223 0.5125
7 0.085 0.40125 0.12611111111111112 0.40125 0.085 0.5075 0.12611111111111112 0.5075
7 0.11833333333333333 0.414375 0.14333333333333334 0.414375 0.11833333333333333 0.508125 0.14333333333333334 0.508125
7 0.20833333333333334 0.420625 0.23833333333333334 0.420625 0.20833333333333334 0.485625 0.23833333333333334 0.485625
7 0.2777777777777778 0.41 0.3088888888888889 0.41 0.2777777777777778 0.476875 0.3088888888888889 0.476875
7 0.31666666666666665 0.401875 0.3461111111111111 0.401875 0.31666666666666665 0.47125 0.3461111111111111 0.47125
7 0.35944444444444446 0.414375 0.38055555555555554 0.414375 0.35944444444444446 0.47125 0.38055555555555554 0.47125
7 0.43722222222222223 0.42 0.455 0.42 0.43722222222222223 0.46125 0.455 0.46125
7 0.5066666666666667 0.415 0.525 0.415 0.5066666666666667 0.456875 0.525 0.456875
7 0.5205555555555555 0.418125 0.5361111111111111 0.418125 0.5205555555555555 0.45375 0.5361111111111111 0.45375
7 0.5505555555555556 0.420625 0.5633333333333334 0.420625 0.5505555555555556 0.454375 0.5633333333333334 0.454375
7 0.5694444444444444 0.410625 0.5844444444444444 0.410625 0.5694444444444444 0.45 0.5844444444444444 0.45
7 0.5855555555555556 0.4175 0.5983333333333334 0.4175 0.5855555555555556 0.449375 0.5983333333333334 0.449375