4 0.45055555555555554 0.428125 0.4533333333333333 0.428125 0.45055555555555554 0.43625 0.4533333333333333 0.43625
4 0.4716666666666667 0.441875 0.475 0.441875 0.4716666666666667 0.44875 0.475 0.44875
9 0.665 0.3575 0.6972222222222222 0.3575 0.665 0.39375 0.6972222222222222 0.39375
9 0.9633333333333334 0.303125 0.9905555555555555 0.303125 0.9633333333333334 0.350625 0.9905555555555555 0.350625
9 0.5366666666666666 0.395 0.5544444444444444 0.395 0.5366666666666666 0.41625 0.5544444444444444 0.41625
9 0.5416666666666666 0.42125 0.5533333333333333 0.42125 0.5416666666666666 0.426875 0.5533333333333333 0.426875
9 0.18777777777777777 0.4075 0.205 0.4075 0.18777777777777777 0.4275 0.205 0.4275
9 0.19166666666666668 0.43375 0.20222222222222222 0.43375 0.19166666666666668 0.439375 0.20222222222222222 0.439375
9 0.25333333333333335 0.42625 0.2627777777777778 0.42625 0.25333333333333335 0.438125 0.2627777777777778 0.438125
9 0.555 0.40875 0.5666666666666667 0.40875 0.555 0.4275 0.5666666666666667 0.4275
9 0.4572222222222222 0.430625 0.4666666666666667 0.430625 0.4572222222222222 0.435625 0.4666666666666667 0.435625
7 0 0.453125 0.01611111111111111 0.453125 0 0.495625 0.01611111111111111 0.495625
7 0.36944444444444446 0.455625 0.375 0.455625 0.36944444444444446 0.47875 0.375 0.47875
7 0.4127777777777778 0.448125 0.42277777777777775 0.448125 0.4127777777777778 0.48 0.42277777777777775 0.48
7 0.3622222222222222 0.44875 0.3711111111111111 0.44875 0.3622222222222222 0.475 0.3711111111111111 0.475
0 0.5388888888888889 0.459375 0.5566666666666666 0.459375 0.5388888888888889 0.49625 0.5566666666666666 0.49625
2 0.7727777777777778 0.42 0.9994444444444445 0.42 0.7727777777777778 0.65375 0.9994444444444445 0.65375
2 0.24944444444444444 0.441875 0.3616666666666667 0.441875 0.24944444444444444 0.53125 0.3616666666666667 0.53125
2 0.3972222222222222 0.44875 0.4116666666666667 0.44875 0.3972222222222222 0.46625 0.4116666666666667 0.46625
2 0.4172222222222222 0.45125 0.43222222222222223 0.45125 0.4172222222222222 0.46625 0.43222222222222223 0.46625
2 0.43333333333333335 0.45375 0.4411111111111111 0.45375 0.43333333333333335 0.4625 0.4411111111111111 0.4625
2 0.44166666666666665 0.450625 0.45555555555555555 0.450625 0.44166666666666665 0.465 0.45555555555555555 0.465
2 0.4666666666666667 0.450625 0.48277777777777775 0.450625 0.4666666666666667 0.465 0.48277777777777775 0.465
2 0.465 0.449375 0.4766666666666667 0.449375 0.465 0.46375 0.4766666666666667 0.46375
7 0.5388888888888889 0.434375 0.5577777777777778 0.434375 0.5388888888888889 0.49 0.5577777777777778 0.49