1 0.404296875 0.4947916666666667 0.51708984375 0.4947916666666667 0.404296875 0.5455729166666666 0.51708984375 0.5455729166666666
1 0.52099609375 0.4635416666666667 0.5966796875 0.4635416666666667 0.52099609375 0.5638020833333334 0.5966796875 0.5638020833333334
1 0.63720703125 0.4498697916666667 0.763671875 0.4498697916666667 0.63720703125 0.5364583333333334 0.763671875 0.5364583333333334
1 0.765625 0.4127604166666667 0.96875 0.4127604166666667 0.765625 0.51953125 0.96875 0.51953125
7 0.65478515625 0.482421875 0.6826171875 0.482421875 0.65478515625 0.576171875 0.6826171875 0.576171875
7 0.6318359375 0.4967447916666667 0.65283203125 0.4967447916666667 0.6318359375 0.5755208333333334 0.65283203125 0.5755208333333334
7 0.7490234375 0.4856770833333333 0.78662109375 0.4856770833333333 0.7490234375 0.6236979166666666 0.78662109375 0.6236979166666666
7 0.7802734375 0.4694010416666667 0.81787109375 0.4694010416666667 0.7802734375 0.6217447916666666 0.81787109375 0.6217447916666666
7 0.83251953125 0.4309895833333333 0.88720703125 0.4309895833333333 0.83251953125 0.65625 0.88720703125 0.65625
7 0.8740234375 0.462890625 0.921875 0.462890625 0.8740234375 0.6569010416666666 0.921875 0.6569010416666666
2 0.33154296875 0.52734375 0.427734375 0.52734375 0.33154296875 0.6119791666666666 0.427734375 0.6119791666666666
2 0.45703125 0.5130208333333334 0.50146484375 0.5130208333333334 0.45703125 0.5625 0.50146484375 0.5625
2 0.9033203125 0.447265625 0.96875 0.447265625 0.9033203125 0.5182291666666666 0.96875 0.5182291666666666
2 0.90087890625 0.48828125 0.96875 0.48828125 0.90087890625 0.578125 0.96875 0.578125