1 0.3627450980392157 0.462890625 0.38235294117647056 0.462890625 0.3627450980392157 0.4873046875 0.38235294117647056 0.4873046875
9 0.1642156862745098 0.4873046875 0.17483660130718953 0.4873046875 0.1642156862745098 0.5 0.17483660130718953 0.5
9 0.6323529411764706 0.431640625 0.6617647058823529 0.431640625 0.6323529411764706 0.466796875 0.6617647058823529 0.466796875
9 0.6429738562091504 0.4658203125 0.6560457516339869 0.4658203125 0.6429738562091504 0.48046875 0.6560457516339869 0.48046875
9 0.5155228758169934 0.34375 0.5637254901960784 0.34375 0.5155228758169934 0.3662109375 0.5637254901960784 0.3662109375
9 0.5171568627450981 0.3642578125 0.565359477124183 0.3642578125 0.5171568627450981 0.3857421875 0.565359477124183 0.3857421875
9 0.5179738562091504 0.3828125 0.5669934640522876 0.3828125 0.5179738562091504 0.40625 0.5669934640522876 0.40625
2 0 0.5107421875 0.09477124183006536 0.5107421875 0 0.5791015625 0.09477124183006536 0.5791015625
2 0.12581699346405228 0.501953125 0.16993464052287582 0.501953125 0.12581699346405228 0.5302734375 0.16993464052287582 0.5302734375
2 0.25245098039215685 0.490234375 0.375 0.490234375 0.25245098039215685 0.595703125 0.375 0.595703125
2 0.5098039215686274 0.4736328125 0.553921568627451 0.4736328125 0.5098039215686274 0.5146484375 0.553921568627451 0.5146484375
2 0.49673202614379086 0.46875 0.5212418300653595 0.46875 0.49673202614379086 0.4912109375 0.5212418300653595 0.4912109375
2 0.49019607843137253 0.466796875 0.5081699346405228 0.466796875 0.49019607843137253 0.484375 0.5081699346405228 0.484375
2 0.5089869281045751 0.462890625 0.5212418300653595 0.462890625 0.5089869281045751 0.470703125 0.5212418300653595 0.470703125
2 0.5040849673202614 0.4619140625 0.5138888888888888 0.4619140625 0.5040849673202614 0.46875 0.5138888888888888 0.46875
2 0.5236928104575164 0.4599609375 0.5334967320261438 0.4599609375 0.5236928104575164 0.46875 0.5334967320261438 0.46875
2 0.4820261437908497 0.4638671875 0.4950980392156863 0.4638671875 0.4820261437908497 0.48046875 0.4950980392156863 0.48046875
2 0.43300653594771243 0.4658203125 0.440359477124183 0.4658203125 0.43300653594771243 0.470703125 0.440359477124183 0.470703125
2 0.44362745098039214 0.46484375 0.4526143790849673 0.46484375 0.44362745098039214 0.474609375 0.4526143790849673 0.474609375
2 0.4599673202614379 0.46484375 0.4681372549019608 0.46484375 0.4599673202614379 0.47265625 0.4681372549019608 0.47265625
2 0.45016339869281047 0.46875 0.4665032679738562 0.46875 0.45016339869281047 0.4853515625 0.4665032679738562 0.4853515625
2 0.39133986928104575 0.4697265625 0.4027777777777778 0.4697265625 0.39133986928104575 0.48046875 0.4027777777777778 0.48046875
2 0.3758169934640523 0.4716796875 0.39133986928104575 0.4716796875 0.3758169934640523 0.484375 0.39133986928104575 0.484375
2 0.3374183006535948 0.4716796875 0.35049019607843135 0.4716796875 0.3374183006535948 0.48828125 0.35049019607843135 0.48828125
2 0.35784313725490197 0.4736328125 0.3627450980392157 0.4736328125 0.35784313725490197 0.4814453125 0.3627450980392157 0.4814453125