7 0.26513671875 0.490234375 0.3125 0.490234375 0.26513671875 0.6705729166666666 0.3125 0.6705729166666666
7 0.59423828125 0.5110677083333334 0.60888671875 0.5110677083333334 0.59423828125 0.5677083333333334 0.60888671875 0.5677083333333334
2 0.818359375 0.5651041666666666 0.96826171875 0.5651041666666666 0.818359375 0.91796875 0.96826171875 0.91796875
2 0.03173828125 0.5384114583333334 0.15625 0.5384114583333334 0.03173828125 0.7565104166666666 0.15625 0.7565104166666666
2 0.09130859375 0.5110677083333334 0.2734375 0.5110677083333334 0.09130859375 0.70703125 0.2734375 0.70703125
2 0.2958984375 0.5110677083333334 0.36572265625 0.5110677083333334 0.2958984375 0.6171875 0.36572265625 0.6171875
2 0.34765625 0.509765625 0.40673828125 0.509765625 0.34765625 0.6015625 0.40673828125 0.6015625
2 0.3876953125 0.5149739583333334 0.43115234375 0.5149739583333334 0.3876953125 0.5891927083333334 0.43115234375 0.5891927083333334
2 0.4306640625 0.529296875 0.4462890625 0.529296875 0.4306640625 0.5787760416666666 0.4462890625 0.5787760416666666
2 0.7255859375 0.5442708333333334 0.9345703125 0.5442708333333334 0.7255859375 0.7545572916666666 0.9345703125 0.7545572916666666
2 0.69384765625 0.5416666666666666 0.78466796875 0.5416666666666666 0.69384765625 0.6803385416666666 0.78466796875 0.6803385416666666
2 0.65576171875 0.5234375 0.765625 0.5234375 0.65576171875 0.6497395833333334 0.765625 0.6497395833333334
2 0.64306640625 0.5 0.740234375 0.5 0.64306640625 0.619140625 0.740234375 0.619140625
2 0.61328125 0.5227864583333334 0.65283203125 0.5227864583333334 0.61328125 0.583984375 0.65283203125 0.583984375
2 0.630859375 0.529296875 0.65283203125 0.529296875 0.630859375 0.5904947916666666 0.65283203125 0.5904947916666666