1 0.5 0.384765625 0.5147058823529411 0.384765625 0.5 0.400390625 0.5147058823529411 0.400390625
4 0.5212418300653595 0.390625 0.5236928104575164 0.390625 0.5212418300653595 0.3974609375 0.5236928104575164 0.3974609375
9 0.7843137254901961 0.33984375 0.8047385620915033 0.33984375 0.7843137254901961 0.3662109375 0.8047385620915033 0.3662109375
9 0.10866013071895425 0.220703125 0.13725490196078433 0.220703125 0.10866013071895425 0.25 0.13725490196078433 0.25
9 0.10866013071895425 0.2890625 0.12745098039215685 0.2890625 0.10866013071895425 0.3251953125 0.12745098039215685 0.3251953125
9 0.5490196078431373 0.41015625 0.5563725490196079 0.41015625 0.5490196078431373 0.4287109375 0.5563725490196079 0.4287109375
9 0.5449346405228758 0.408203125 0.5506535947712419 0.408203125 0.5449346405228758 0.4248046875 0.5506535947712419 0.4248046875
9 0.4411764705882353 0.3515625 0.4477124183006536 0.3515625 0.4411764705882353 0.3671875 0.4477124183006536 0.3671875
9 0.7181372549019608 0.41796875 0.7279411764705882 0.41796875 0.7181372549019608 0.4296875 0.7279411764705882 0.4296875
7 0.4150326797385621 0.38671875 0.42320261437908496 0.38671875 0.4150326797385621 0.4189453125 0.42320261437908496 0.4189453125
7 0.3047385620915033 0.375 0.3284313725490196 0.375 0.3047385620915033 0.44140625 0.3284313725490196 0.44140625
7 0.6772875816993464 0.408203125 0.6854575163398693 0.408203125 0.6772875816993464 0.4404296875 0.6854575163398693 0.4404296875
7 0.8169934640522876 0.41796875 0.8325163398692811 0.41796875 0.8169934640522876 0.4716796875 0.8325163398692811 0.4716796875
7 0.8537581699346405 0.42578125 0.8627450980392157 0.42578125 0.8537581699346405 0.4501953125 0.8627450980392157 0.4501953125
7 0.8676470588235294 0.421875 0.8856209150326797 0.421875 0.8676470588235294 0.4609375 0.8856209150326797 0.4609375
7 0.7802287581699346 0.4208984375 0.7941176470588235 0.4208984375 0.7802287581699346 0.466796875 0.7941176470588235 0.466796875
0 0.8366013071895425 0.443359375 0.8790849673202614 0.443359375 0.8366013071895425 0.4912109375 0.8790849673202614 0.4912109375
0 0.9297385620915033 0.4580078125 0.9583333333333334 0.4580078125 0.9297385620915033 0.5126953125 0.9583333333333334 0.5126953125
0 0.9395424836601307 0.453125 0.9754901960784313 0.453125 0.9395424836601307 0.513671875 0.9754901960784313 0.513671875
2 0.4934640522875817 0.400390625 0.5187908496732027 0.400390625 0.4934640522875817 0.42578125 0.5187908496732027 0.42578125
2 0.4550653594771242 0.3984375 0.48284313725490197 0.3984375 0.4550653594771242 0.412109375 0.48284313725490197 0.412109375
2 0.5302287581699346 0.40234375 0.5400326797385621 0.40234375 0.5302287581699346 0.412109375 0.5400326797385621 0.412109375