4 0.1388888888888889 0.25125 0.15944444444444444 0.25125 0.1388888888888889 0.3075 0.15944444444444444 0.3075
4 0.13111111111111112 0.348125 0.14888888888888888 0.348125 0.13111111111111112 0.374375 0.14888888888888888 0.374375
4 0.2722222222222222 0.276875 0.28944444444444445 0.276875 0.2722222222222222 0.329375 0.28944444444444445 0.329375
4 0.2588888888888889 0.35875 0.28055555555555556 0.35875 0.2588888888888889 0.38375 0.28055555555555556 0.38375
4 0.8694444444444445 0.31125 0.8855555555555555 0.31125 0.8694444444444445 0.36375 0.8855555555555555 0.36375
9 0.10833333333333334 0.3175 0.1338888888888889 0.3175 0.10833333333333334 0.345625 0.1338888888888889 0.345625
9 0.2761111111111111 0.418125 0.2861111111111111 0.418125 0.2761111111111111 0.43375 0.2861111111111111 0.43375
9 0.31333333333333335 0.355625 0.3288888888888889 0.355625 0.31333333333333335 0.385625 0.3288888888888889 0.385625
7 0.37666666666666665 0.446875 0.3883333333333333 0.446875 0.37666666666666665 0.476875 0.3883333333333333 0.476875
2 0.3894444444444444 0.415 0.6411111111111111 0.415 0.3894444444444444 0.645625 0.6411111111111111 0.645625
2 0.6772222222222222 0.371875 0.9855555555555555 0.371875 0.6772222222222222 0.61125 0.9855555555555555 0.61125
3 0.29333333333333333 0.454375 0.30944444444444447 0.454375 0.29333333333333333 0.5025 0.30944444444444447 0.5025