2 0.49166666666666664 0.329375 0.6605555555555556 0.329375 0.49166666666666664 0.455625 0.6605555555555556 0.455625
2 0.6527777777777778 0.354375 0.7105555555555556 0.354375 0.6527777777777778 0.4325 0.7105555555555556 0.4325
2 0.6827777777777778 0.34875 0.7511111111111111 0.34875 0.6827777777777778 0.419375 0.7511111111111111 0.419375
2 0.7411111111111112 0.353125 0.7733333333333333 0.353125 0.7411111111111112 0.410625 0.7733333333333333 0.410625
2 0.7655555555555555 0.36375 0.7866666666666666 0.36375 0.7655555555555555 0.40625 0.7866666666666666 0.40625
2 0.805 0.365625 0.8344444444444444 0.365625 0.805 0.39375 0.8344444444444444 0.39375
2 0.8711111111111111 0.36875 0.9027777777777778 0.36875 0.8711111111111111 0.384375 0.9027777777777778 0.384375
2 0.9738888888888889 0.3225 0.9994444444444445 0.3225 0.9738888888888889 0.47625 0.9994444444444445 0.47625
2 0.9283333333333333 0.34375 0.9916666666666667 0.34375 0.9283333333333333 0.419375 0.9916666666666667 0.419375
2 0.9177777777777778 0.361875 0.9366666666666666 0.361875 0.9177777777777778 0.4 0.9366666666666666 0.4
2 0.9094444444444445 0.369375 0.9205555555555556 0.369375 0.9094444444444445 0.395625 0.9205555555555556 0.395625
2 0.9044444444444445 0.369375 0.9161111111111111 0.369375 0.9044444444444445 0.390625 0.9161111111111111 0.390625
2 0.8316666666666667 0.369375 0.8494444444444444 0.369375 0.8316666666666667 0.389375 0.8494444444444444 0.389375
2 0.8444444444444444 0.369375 0.8594444444444445 0.369375 0.8444444444444444 0.388125 0.8594444444444445 0.388125
2 0.8505555555555555 0.369375 0.8661111111111112 0.369375 0.8505555555555555 0.38375 0.8661111111111112 0.38375