4 0.6305555555555555 0.335625 0.6555555555555556 0.335625 0.6305555555555555 0.3625 0.6555555555555556 0.3625
4 0.4011111111111111 0.22125 0.4255555555555556 0.22125 0.4011111111111111 0.25125 0.4255555555555556 0.25125
4 0.2727777777777778 0.224375 0.295 0.224375 0.2727777777777778 0.254375 0.295 0.254375
4 0.18833333333333332 0.195625 0.22444444444444445 0.195625 0.18833333333333332 0.24 0.22444444444444445 0.24
4 0.014444444444444444 0.2325 0.04722222222222222 0.2325 0.014444444444444444 0.27625 0.04722222222222222 0.27625
9 0.7627777777777778 0.29625 0.8088888888888889 0.29625 0.7627777777777778 0.3675 0.8088888888888889 0.3675
9 0.44722222222222224 0.221875 0.4672222222222222 0.221875 0.44722222222222224 0.254375 0.4672222222222222 0.254375
9 0.31166666666666665 0.226875 0.33166666666666667 0.226875 0.31166666666666665 0.260625 0.33166666666666667 0.260625
9 0.14055555555555554 0.210625 0.16055555555555556 0.210625 0.14055555555555554 0.2425 0.16055555555555556 0.2425
9 0.043333333333333335 0.435 0.05388888888888889 0.435 0.043333333333333335 0.45375 0.05388888888888889 0.45375
13 0.8944444444444445 0.4125 0.9261111111111111 0.4125 0.8944444444444445 0.436875 0.9261111111111111 0.436875
2 0.9205555555555556 0.4225 0.96 0.4225 0.9205555555555556 0.436875 0.96 0.436875
2 0.9255555555555556 0.41125 0.96 0.41125 0.9255555555555556 0.428125 0.96 0.428125
2 0.8677777777777778 0.420625 0.8872222222222222 0.420625 0.8677777777777778 0.435625 0.8872222222222222 0.435625
2 0.44055555555555553 0.40375 0.5888888888888889 0.40375 0.44055555555555553 0.55625 0.5888888888888889 0.55625
2 0.09333333333333334 0.468125 0.14944444444444444 0.468125 0.09333333333333334 0.506875 0.14944444444444444 0.506875
2 0.1527777777777778 0.451875 0.21055555555555555 0.451875 0.1527777777777778 0.499375 0.21055555555555555 0.499375
2 0.2061111111111111 0.4525 0.26166666666666666 0.4525 0.2061111111111111 0.495625 0.26166666666666666 0.495625
2 0.255 0.455 0.2827777777777778 0.455 0.255 0.488125 0.2827777777777778 0.488125
2 0.27444444444444444 0.453125 0.305 0.453125 0.27444444444444444 0.484375 0.305 0.484375
2 0.42 0.44875 0.43555555555555553 0.44875 0.42 0.4625 0.43555555555555553 0.4625
2 0.4361111111111111 0.446875 0.4461111111111111 0.446875 0.4361111111111111 0.465 0.4461111111111111 0.465
6 0.305 0.424375 0.3616666666666667 0.424375 0.305 0.486875 0.3616666666666667 0.486875
2 0.30333333333333334 0.43625 0.35777777777777775 0.43625 0.30333333333333334 0.484375 0.35777777777777775 0.484375