9 0.70849609375 0.4127604166666667 0.74169921875 0.4127604166666667 0.70849609375 0.4537760416666667 0.74169921875 0.4537760416666667
9 0.71484375 0.4537760416666667 0.7353515625 0.4537760416666667 0.71484375 0.4661458333333333 0.7353515625 0.4661458333333333
7 0.7802734375 0.521484375 0.8046875 0.521484375 0.7802734375 0.6145833333333334 0.8046875 0.6145833333333334
7 0.74951171875 0.5234375 0.7705078125 0.5234375 0.74951171875 0.6178385416666666 0.7705078125 0.6178385416666666
7 0.6416015625 0.5338541666666666 0.65869140625 0.5338541666666666 0.6416015625 0.576171875 0.65869140625 0.576171875
7 0.662109375 0.533203125 0.67431640625 0.533203125 0.662109375 0.5833333333333334 0.67431640625 0.5833333333333334
2 0.263671875 0.525390625 0.2822265625 0.525390625 0.263671875 0.5748697916666666 0.2822265625 0.5748697916666666
2 0.267578125 0.5390625 0.3095703125 0.5390625 0.267578125 0.580078125 0.3095703125 0.580078125
2 0.30029296875 0.5384114583333334 0.33447265625 0.5384114583333334 0.30029296875 0.583984375 0.33447265625 0.583984375
2 0.337890625 0.5364583333333334 0.38427734375 0.5364583333333334 0.337890625 0.58203125 0.38427734375 0.58203125
2 0.74169921875 0.5345052083333334 0.7890625 0.5345052083333334 0.74169921875 0.5846354166666666 0.7890625 0.5846354166666666