9 0.30625 0.443359375 0.3109375 0.443359375 0.30625 0.4599609375 0.3109375 0.4599609375
7 0.0734375 0.484375 0.09140625 0.484375 0.0734375 0.5546875 0.09140625 0.5546875
7 0.09140625 0.4833984375 0.11328125 0.4833984375 0.09140625 0.552734375 0.11328125 0.552734375
7 0.29765625 0.4755859375 0.30546875 0.4755859375 0.29765625 0.5107421875 0.30546875 0.5107421875
7 0.30390625 0.47265625 0.315625 0.47265625 0.30390625 0.5107421875 0.315625 0.5107421875
7 0.51953125 0.4658203125 0.5296875 0.4658203125 0.51953125 0.513671875 0.5296875 0.513671875
7 0.53125 0.4619140625 0.54609375 0.4619140625 0.53125 0.5185546875 0.54609375 0.5185546875
7 0.78203125 0.4765625 0.81015625 0.4765625 0.78203125 0.5146484375 0.81015625 0.5146484375
7 0.8203125 0.48046875 0.84765625 0.48046875 0.8203125 0.521484375 0.84765625 0.521484375
7 0.97109375 0.458984375 0.98515625 0.458984375 0.97109375 0.48046875 0.98515625 0.48046875
0 0.6578125 0.546875 0.70234375 0.546875 0.6578125 0.6494140625 0.70234375 0.6494140625
0 0.7515625 0.6103515625 0.821875 0.6103515625 0.7515625 0.763671875 0.821875 0.763671875
0 0.04609375 0.53515625 0.08125 0.53515625 0.04609375 0.626953125 0.08125 0.626953125
2 0.06484375 0.4814453125 0.09375 0.4814453125 0.06484375 0.5078125 0.09375 0.5078125
2 0.08984375 0.4765625 0.1359375 0.4765625 0.08984375 0.5087890625 0.1359375 0.5087890625
2 0.2421875 0.4677734375 0.28203125 0.4677734375 0.2421875 0.486328125 0.28203125 0.486328125
2 0.35078125 0.4775390625 0.41796875 0.4775390625 0.35078125 0.5078125 0.41796875 0.5078125
2 0.39453125 0.478515625 0.45390625 0.478515625 0.39453125 0.5224609375 0.45390625 0.5224609375
2 0.440625 0.4765625 0.51171875 0.4765625 0.440625 0.5322265625 0.51171875 0.5322265625
2 0.56328125 0.4765625 0.5796875 0.4765625 0.56328125 0.5087890625 0.5796875 0.5087890625
2 0.5421875 0.47265625 0.58046875 0.47265625 0.5421875 0.5048828125 0.58046875 0.5048828125
2 0.55859375 0.484375 0.65390625 0.484375 0.55859375 0.552734375 0.65390625 0.552734375
2 0.6609375 0.484375 0.77265625 0.484375 0.6609375 0.587890625 0.77265625 0.587890625
2 0.70390625 0.51171875 0.82421875 0.51171875 0.70390625 0.62890625 0.82421875 0.62890625
2 0.8734375 0.4775390625 0.99921875 0.4775390625 0.8734375 0.5546875 0.99921875 0.5546875
2 0.79453125 0.515625 0.94375 0.515625 0.79453125 0.6767578125 0.94375 0.6767578125
7 0.66015625 0.482421875 0.70703125 0.482421875 0.66015625 0.63671875 0.70703125 0.63671875
7 0.753125 0.5185546875 0.82578125 0.5185546875 0.753125 0.7333984375 0.82578125 0.7333984375
3 0.16640625 0.521484375 0.18359375 0.521484375 0.16640625 0.57421875 0.18359375 0.57421875