4 0.30310457516339867 0.349609375 0.309640522875817 0.349609375 0.30310457516339867 0.3701171875 0.309640522875817 0.3701171875
4 0.38235294117647056 0.2333984375 0.40604575163398693 0.2333984375 0.38235294117647056 0.2666015625 0.40604575163398693 0.2666015625
9 0.7508169934640523 0.3125 0.7875816993464052 0.3125 0.7508169934640523 0.3466796875 0.7875816993464052 0.3466796875
9 0.75 0.34375 0.7720588235294118 0.34375 0.75 0.3671875 0.7720588235294118 0.3671875
9 0.16176470588235295 0.248046875 0.2034313725490196 0.248046875 0.16176470588235295 0.298828125 0.2034313725490196 0.298828125
2 0.6388888888888888 0.38671875 0.9991830065359477 0.38671875 0.6388888888888888 0.6220703125 0.9991830065359477 0.6220703125
2 0.9199346405228758 0.4365234375 0.9991830065359477 0.4365234375 0.9199346405228758 0.5009765625 0.9991830065359477 0.5009765625
2 0.619281045751634 0.388671875 0.6862745098039216 0.388671875 0.619281045751634 0.4130859375 0.6862745098039216 0.4130859375
2 0.5620915032679739 0.3857421875 0.6560457516339869 0.3857421875 0.5620915032679739 0.4580078125 0.6560457516339869 0.4580078125
2 0.48447712418300654 0.4052734375 0.6421568627450981 0.4052734375 0.48447712418300654 0.5283203125 0.6421568627450981 0.5283203125
2 0.48937908496732024 0.361328125 0.579248366013072 0.361328125 0.48937908496732024 0.421875 0.579248366013072 0.421875
2 0.42810457516339867 0.3857421875 0.5040849673202614 0.3857421875 0.42810457516339867 0.4501953125 0.5040849673202614 0.4501953125
2 0.3553921568627451 0.3779296875 0.4068627450980392 0.3779296875 0.3553921568627451 0.4248046875 0.4068627450980392 0.4248046875
2 0.2965686274509804 0.376953125 0.3480392156862745 0.376953125 0.2965686274509804 0.4267578125 0.3480392156862745 0.4267578125
2 0.4068627450980392 0.392578125 0.4354575163398693 0.392578125 0.4068627450980392 0.431640625 0.4354575163398693 0.431640625
2 0 0.36328125 0.04656862745098039 0.36328125 0 0.416015625 0.04656862745098039 0.416015625
2 0.25735294117647056 0.3798828125 0.28513071895424835 0.3798828125 0.25735294117647056 0.4189453125 0.28513071895424835 0.4189453125
2 0.4215686274509804 0.3564453125 0.48284313725490197 0.3564453125 0.4215686274509804 0.4052734375 0.48284313725490197 0.4052734375
6 0.12908496732026145 0.3232421875 0.2769607843137255 0.3232421875 0.12908496732026145 0.4248046875 0.2769607843137255 0.4248046875