4 0.184640522875817 0.421875 0.21650326797385622 0.421875 0.184640522875817 0.5029296875 0.21650326797385622 0.5029296875
4 0.375 0.3935546875 0.39705882352941174 0.3935546875 0.375 0.421875 0.39705882352941174 0.421875
4 0.33905228758169936 0.39453125 0.3611111111111111 0.39453125 0.33905228758169936 0.4228515625 0.3611111111111111 0.4228515625
4 0.5449346405228758 0.37890625 0.553921568627451 0.37890625 0.5449346405228758 0.400390625 0.553921568627451 0.400390625
4 0.548202614379085 0.4326171875 0.553921568627451 0.4326171875 0.548202614379085 0.4453125 0.553921568627451 0.4453125
4 0.7785947712418301 0.3759765625 0.7883986928104575 0.3759765625 0.7785947712418301 0.400390625 0.7883986928104575 0.400390625
4 0.6062091503267973 0.41796875 0.6094771241830066 0.41796875 0.6062091503267973 0.4267578125 0.6094771241830066 0.4267578125
4 0.6650326797385621 0.4150390625 0.6691176470588235 0.4150390625 0.6650326797385621 0.4267578125 0.6691176470588235 0.4267578125
4 0.6209150326797386 0.4130859375 0.6241830065359477 0.4130859375 0.6209150326797386 0.4208984375 0.6241830065359477 0.4208984375
4 0.7001633986928104 0.4287109375 0.704248366013072 0.4287109375 0.7001633986928104 0.4375 0.704248366013072 0.4375
4 0.4591503267973856 0.4326171875 0.46977124183006536 0.4326171875 0.4591503267973856 0.4560546875 0.46977124183006536 0.4560546875
4 0.15522875816993464 0.029296875 0.2181372549019608 0.029296875 0.15522875816993464 0.1884765625 0.2181372549019608 0.1884765625
4 0.6111111111111112 0.3515625 0.6209150326797386 0.3515625 0.6111111111111112 0.3681640625 0.6209150326797386 0.3681640625
9 0.0988562091503268 0.396484375 0.1380718954248366 0.396484375 0.0988562091503268 0.4130859375 0.1380718954248366 0.4130859375
9 0.09967320261437909 0.4140625 0.13970588235294118 0.4140625 0.09967320261437909 0.427734375 0.13970588235294118 0.427734375
9 0.11274509803921569 0.427734375 0.15196078431372548 0.427734375 0.11274509803921569 0.44140625 0.15196078431372548 0.44140625
9 0.5098039215686274 0.400390625 0.5236928104575164 0.400390625 0.5098039215686274 0.4169921875 0.5236928104575164 0.4169921875
9 0.6968954248366013 0.40234375 0.7066993464052288 0.40234375 0.6968954248366013 0.4140625 0.7066993464052288 0.4140625
9 0.6985294117647058 0.4140625 0.7066993464052288 0.4140625 0.6985294117647058 0.423828125 0.7066993464052288 0.423828125
9 0.7377450980392157 0.4150390625 0.7663398692810458 0.4150390625 0.7377450980392157 0.4228515625 0.7663398692810458 0.4228515625
9 0.5449346405228758 0.4130859375 0.5547385620915033 0.4130859375 0.5449346405228758 0.42578125 0.5547385620915033 0.42578125
9 0.5727124183006536 0.3955078125 0.5784313725490197 0.3955078125 0.5727124183006536 0.412109375 0.5784313725490197 0.412109375
9 0.5759803921568627 0.4150390625 0.5816993464052288 0.4150390625 0.5759803921568627 0.4267578125 0.5816993464052288 0.4267578125
7 0.16830065359477125 0.4853515625 0.1830065359477124 0.4853515625 0.16830065359477125 0.5029296875 0.1830065359477124 0.5029296875
7 0.0988562091503268 0.4619140625 0.1184640522875817 0.4619140625 0.0988562091503268 0.4970703125 0.1184640522875817 0.4970703125
7 0.12908496732026145 0.4638671875 0.13725490196078433 0.4638671875 0.12908496732026145 0.478515625 0.13725490196078433 0.478515625
7 0.12009803921568628 0.462890625 0.12908496732026145 0.462890625 0.12009803921568628 0.48046875 0.12908496732026145 0.48046875
7 0.3112745098039216 0.458984375 0.3243464052287582 0.458984375 0.3112745098039216 0.4755859375 0.3243464052287582 0.4755859375
7 0.7867647058823529 0.4365234375 0.7933006535947712 0.4365234375 0.7867647058823529 0.4482421875 0.7933006535947712 0.4482421875
7 0.7965686274509803 0.4375 0.8047385620915033 0.4375 0.7965686274509803 0.447265625 0.8047385620915033 0.447265625
7 0.7254901960784313 0.43359375 0.7336601307189542 0.43359375 0.7254901960784313 0.4423828125 0.7336601307189542 0.4423828125
7 0.7336601307189542 0.43359375 0.7434640522875817 0.43359375 0.7336601307189542 0.44140625 0.7434640522875817 0.44140625
2 0 0.435546875 0.12826797385620914 0.435546875 0 0.568359375 0.12826797385620914 0.568359375
2 0.1119281045751634 0.4755859375 0.255718954248366 0.4755859375 0.1119281045751634 0.552734375 0.255718954248366 0.552734375
2 0.1527777777777778 0.46484375 0.2312091503267974 0.46484375 0.1527777777777778 0.4873046875 0.2312091503267974 0.4873046875
2 0.22058823529411764 0.4658203125 0.34967320261437906 0.4658203125 0.22058823529411764 0.5283203125 0.34967320261437906 0.5283203125
2 0.37745098039215685 0.453125 0.5400326797385621 0.453125 0.37745098039215685 0.53515625 0.5400326797385621 0.53515625
2 0.45016339869281047 0.4521484375 0.5563725490196079 0.4521484375 0.45016339869281047 0.513671875 0.5563725490196079 0.513671875
2 0.5906862745098039 0.4453125 0.7328431372549019 0.4453125 0.5906862745098039 0.5185546875 0.7328431372549019 0.5185546875
2 0.7099673202614379 0.44140625 0.7736928104575164 0.44140625 0.7099673202614379 0.48828125 0.7736928104575164 0.48828125
2 0.6862745098039216 0.44140625 0.7181372549019608 0.44140625 0.6862745098039216 0.4677734375 0.7181372549019608 0.4677734375
2 0.5661764705882353 0.4453125 0.6029411764705882 0.4453125 0.5661764705882353 0.484375 0.6029411764705882 0.484375
2 0.5326797385620915 0.4453125 0.5498366013071896 0.4453125 0.5326797385620915 0.4638671875 0.5498366013071896 0.4638671875
2 0.5955882352941176 0.4345703125 0.6094771241830066 0.4345703125 0.5955882352941176 0.44921875 0.6094771241830066 0.44921875
2 0.6266339869281046 0.4267578125 0.6356209150326797 0.4267578125 0.6266339869281046 0.435546875 0.6356209150326797 0.435546875
2 0.636437908496732 0.427734375 0.6446078431372549 0.427734375 0.636437908496732 0.435546875 0.6446078431372549 0.435546875
2 0.6258169934640523 0.439453125 0.6560457516339869 0.439453125 0.6258169934640523 0.4453125 0.6560457516339869 0.4453125
7 0.004084967320261438 0.4619140625 0.028594771241830064 0.4619140625 0.004084967320261438 0.5009765625 0.028594771241830064 0.5009765625