9 0.22277777777777777 0.416875 0.2477777777777778 0.416875 0.22277777777777777 0.44375 0.2477777777777778 0.44375
9 0.23166666666666666 0.445 0.24166666666666667 0.445 0.23166666666666666 0.4625 0.24166666666666667 0.4625
9 0.26166666666666666 0.448125 0.27 0.448125 0.26166666666666666 0.46375 0.27 0.46375
7 0.5538888888888889 0.4625 0.5616666666666666 0.4625 0.5538888888888889 0.48125 0.5616666666666666 0.48125
7 0.4261111111111111 0.438125 0.47888888888888886 0.438125 0.4261111111111111 0.550625 0.47888888888888886 0.550625
0 0.5144444444444445 0.47125 0.5233333333333333 0.47125 0.5144444444444445 0.48375 0.5233333333333333 0.48375
2 0 0.47125 0.06333333333333334 0.47125 0 0.521875 0.06333333333333334 0.521875
2 0 0.455 0.08444444444444445 0.455 0 0.515 0.08444444444444445 0.515
2 0.04111111111111111 0.456875 0.08777777777777777 0.456875 0.04111111111111111 0.48 0.08777777777777777 0.48
2 0.17444444444444446 0.476875 0.1938888888888889 0.476875 0.17444444444444446 0.50375 0.1938888888888889 0.50375
2 0.175 0.4675 0.22555555555555556 0.4675 0.175 0.500625 0.22555555555555556 0.500625
2 0.2461111111111111 0.46625 0.30833333333333335 0.46625 0.2461111111111111 0.491875 0.30833333333333335 0.491875
2 0.2916666666666667 0.470625 0.32555555555555554 0.470625 0.2916666666666667 0.49125 0.32555555555555554 0.49125
2 0.3888888888888889 0.4625 0.4222222222222222 0.4625 0.3888888888888889 0.49375 0.4222222222222222 0.49375
2 0.4261111111111111 0.471875 0.4411111111111111 0.471875 0.4261111111111111 0.485 0.4411111111111111 0.485
2 0.43444444444444447 0.46875 0.4438888888888889 0.46875 0.43444444444444447 0.480625 0.4438888888888889 0.480625
2 0.46111111111111114 0.465625 0.4861111111111111 0.465625 0.46111111111111114 0.484375 0.4861111111111111 0.484375
2 0.48277777777777775 0.4675 0.5044444444444445 0.4675 0.48277777777777775 0.4825 0.5044444444444445 0.4825
2 0.5044444444444445 0.47 0.5138888888888888 0.47 0.5044444444444445 0.48 0.5138888888888888 0.48
7 0.5144444444444445 0.463125 0.5233333333333333 0.463125 0.5144444444444445 0.480625 0.5233333333333333 0.480625
2 0.20277777777777778 0.465 0.27944444444444444 0.465 0.20277777777777778 0.494375 0.27944444444444444 0.494375