9 0.49609375 0.4296875 0.50703125 0.4296875 0.49609375 0.4462890625 0.50703125 0.4462890625
9 0.38359375 0.4501953125 0.3890625 0.4501953125 0.38359375 0.455078125 0.3890625 0.455078125
9 0.38359375 0.4404296875 0.38984375 0.4404296875 0.38359375 0.4501953125 0.38984375 0.4501953125
0 0.46328125 0.484375 0.48359375 0.484375 0.46328125 0.529296875 0.48359375 0.529296875
2 0.3890625 0.4638671875 0.4375 0.4638671875 0.3890625 0.5078125 0.4375 0.5078125
2 0.37421875 0.4609375 0.39765625 0.4609375 0.37421875 0.498046875 0.39765625 0.498046875
2 0.3625 0.470703125 0.3828125 0.470703125 0.3625 0.5029296875 0.3828125 0.5029296875
2 0.3484375 0.47265625 0.36875 0.47265625 0.3484375 0.5087890625 0.36875 0.5087890625
2 0.32734375 0.4736328125 0.36015625 0.4736328125 0.32734375 0.5224609375 0.36015625 0.5224609375
2 0.29453125 0.4736328125 0.3390625 0.4736328125 0.29453125 0.533203125 0.3390625 0.533203125
2 0.29296875 0.4833984375 0.32734375 0.4833984375 0.29296875 0.537109375 0.32734375 0.537109375
2 0.2828125 0.4853515625 0.30859375 0.4853515625 0.2828125 0.546875 0.30859375 0.546875
2 0.23125 0.4755859375 0.29609375 0.4755859375 0.23125 0.55859375 0.29609375 0.55859375
2 0.2234375 0.498046875 0.27109375 0.498046875 0.2234375 0.57421875 0.27109375 0.57421875
2 0.15 0.4873046875 0.2390625 0.4873046875 0.15 0.6162109375 0.2390625 0.6162109375
2 0.00390625 0.498046875 0.17890625 0.498046875 0.00390625 0.677734375 0.17890625 0.677734375
2 0.4390625 0.4599609375 0.4671875 0.4599609375 0.4390625 0.490234375 0.4671875 0.490234375
2 0.46640625 0.458984375 0.484375 0.458984375 0.46640625 0.48828125 0.484375 0.48828125
2 0.4765625 0.45703125 0.49765625 0.45703125 0.4765625 0.4921875 0.49765625 0.4921875
2 0.48828125 0.455078125 0.52578125 0.455078125 0.48828125 0.515625 0.52578125 0.515625
2 0.503125 0.46875 0.54375 0.46875 0.503125 0.53515625 0.54375 0.53515625
2 0.51875 0.4814453125 0.55546875 0.4814453125 0.51875 0.548828125 0.55546875 0.548828125
2 0.57890625 0.443359375 0.63984375 0.443359375 0.57890625 0.4736328125 0.63984375 0.4736328125
2 0.53359375 0.4814453125 0.57890625 0.4814453125 0.53359375 0.5546875 0.57890625 0.5546875
2 0.54296875 0.4951171875 0.57890625 0.4951171875 0.54296875 0.5732421875 0.57890625 0.5732421875
2 0.546875 0.45703125 0.7234375 0.45703125 0.546875 0.666015625 0.7234375 0.666015625
2 0.60390625 0.5361328125 0.83984375 0.5361328125 0.60390625 0.7578125 0.83984375 0.7578125
2 0.69765625 0.5771484375 0.99921875 0.5771484375 0.69765625 0.939453125 0.99921875 0.939453125
7 0.46484375 0.46484375 0.4828125 0.46484375 0.46484375 0.51953125 0.4828125 0.51953125