9 0.20944444444444443 0.43 0.21777777777777776 0.43 0.20944444444444443 0.445625 0.21777777777777776 0.445625
7 0.38722222222222225 0.455 0.40055555555555555 0.455 0.38722222222222225 0.488125 0.40055555555555555 0.488125
7 0.5133333333333333 0.44375 0.5438888888888889 0.44375 0.5133333333333333 0.524375 0.5438888888888889 0.524375
2 0 0.421875 0.1938888888888889 0.421875 0 0.55625 0.1938888888888889 0.55625
2 0.15055555555555555 0.456875 0.2866666666666667 0.456875 0.15055555555555555 0.534375 0.2866666666666667 0.534375
2 0.25 0.456875 0.31444444444444447 0.456875 0.25 0.524375 0.31444444444444447 0.524375
2 0.4583333333333333 0.459375 0.5722222222222222 0.459375 0.4583333333333333 0.50875 0.5722222222222222 0.50875
2 0.5683333333333334 0.455625 0.6694444444444444 0.455625 0.5683333333333334 0.539375 0.6694444444444444 0.539375
2 0.6555555555555556 0.425 0.9222222222222223 0.425 0.6555555555555556 0.564375 0.9222222222222223 0.564375
2 0.9655555555555555 0.4775 0.9994444444444445 0.4775 0.9655555555555555 0.5525 0.9994444444444445 0.5525
2 0.8977777777777778 0.44125 0.9994444444444445 0.44125 0.8977777777777778 0.545625 0.9994444444444445 0.545625