9 0.5125 0.4296875 0.521875 0.4296875 0.5125 0.4384765625 0.521875 0.4384765625
0 0.37578125 0.4892578125 0.39140625 0.4892578125 0.37578125 0.5205078125 0.39140625 0.5205078125
2 0.7625 0.513671875 0.99921875 0.513671875 0.7625 0.83203125 0.99921875 0.83203125
2 0.646875 0.486328125 0.8484375 0.486328125 0.646875 0.69921875 0.8484375 0.69921875
2 0.62421875 0.5 0.6953125 0.5 0.62421875 0.6201171875 0.6953125 0.6201171875
2 0.603125 0.470703125 0.7078125 0.470703125 0.603125 0.599609375 0.7078125 0.599609375
2 0.5640625 0.458984375 0.63359375 0.458984375 0.5640625 0.5439453125 0.63359375 0.5439453125
2 0.5453125 0.462890625 0.578125 0.462890625 0.5453125 0.5341796875 0.578125 0.5341796875
2 0.5375 0.470703125 0.55703125 0.470703125 0.5375 0.5146484375 0.55703125 0.5146484375
2 0.53203125 0.4599609375 0.56328125 0.4599609375 0.53203125 0.5087890625 0.56328125 0.5087890625
2 0.5234375 0.455078125 0.54375 0.455078125 0.5234375 0.501953125 0.54375 0.501953125
2 0.51640625 0.451171875 0.5375 0.451171875 0.51640625 0.4912109375 0.5375 0.4912109375
2 0.58671875 0.4423828125 0.61875 0.4423828125 0.58671875 0.4580078125 0.61875 0.4580078125
2 0.50625 0.455078125 0.5203125 0.455078125 0.50625 0.4833984375 0.5203125 0.4833984375
2 0.50234375 0.4521484375 0.5125 0.4521484375 0.50234375 0.4736328125 0.5125 0.4736328125
2 0.49453125 0.453125 0.5015625 0.453125 0.49453125 0.4658203125 0.5015625 0.4658203125
2 0.46171875 0.44921875 0.48515625 0.44921875 0.46171875 0.4765625 0.48515625 0.4765625
2 0.4234375 0.4521484375 0.4421875 0.4521484375 0.4234375 0.46875 0.4421875 0.46875
2 0.421875 0.4560546875 0.440625 0.4560546875 0.421875 0.474609375 0.440625 0.474609375
2 0.40078125 0.4609375 0.421875 0.4609375 0.40078125 0.4853515625 0.421875 0.4853515625
2 0.38671875 0.462890625 0.415625 0.462890625 0.38671875 0.4921875 0.415625 0.4921875
2 0.35390625 0.470703125 0.3890625 0.470703125 0.35390625 0.5078125 0.3890625 0.5078125
2 0.25859375 0.4580078125 0.33515625 0.4580078125 0.25859375 0.5009765625 0.33515625 0.5009765625
2 0.27890625 0.46875 0.32265625 0.46875 0.27890625 0.509765625 0.32265625 0.509765625
2 0.1984375 0.4677734375 0.24296875 0.4677734375 0.1984375 0.5302734375 0.24296875 0.5302734375
2 0.05390625 0.4716796875 0.20390625 0.4716796875 0.05390625 0.548828125 0.20390625 0.548828125
2 0.00078125 0.5009765625 0.13125 0.5009765625 0.00078125 0.5966796875 0.13125 0.5966796875
2 0 0.46875 0.046875 0.46875 0 0.501953125 0.046875 0.501953125
2 0.4390625 0.451171875 0.44921875 0.451171875 0.4390625 0.46484375 0.44921875 0.46484375
7 0.3765625 0.46875 0.390625 0.46875 0.3765625 0.5087890625 0.390625 0.5087890625