9 0.5144444444444445 0.4675 0.5194444444444445 0.4675 0.5144444444444445 0.475625 0.5194444444444445 0.475625
7 0.45111111111111113 0.455625 0.46 0.455625 0.45111111111111113 0.479375 0.46 0.479375
0 0.4338888888888889 0.465625 0.4483333333333333 0.465625 0.4338888888888889 0.489375 0.4483333333333333 0.489375
0 0.4527777777777778 0.470625 0.4588888888888889 0.470625 0.4527777777777778 0.48875 0.4588888888888889 0.48875
2 0.8661111111111112 0.389375 0.9994444444444445 0.389375 0.8661111111111112 0.559375 0.9994444444444445 0.559375
2 0.8116666666666666 0.41125 0.8927777777777778 0.41125 0.8116666666666666 0.54 0.8927777777777778 0.54
2 0.74 0.43375 0.8305555555555556 0.43375 0.74 0.529375 0.8305555555555556 0.529375
2 0.7011111111111111 0.420625 0.8333333333333334 0.420625 0.7011111111111111 0.5175 0.8333333333333334 0.5175
2 0.6711111111111111 0.42375 0.73 0.42375 0.6711111111111111 0.509375 0.73 0.509375
2 0.6311111111111111 0.429375 0.6894444444444444 0.429375 0.6311111111111111 0.499375 0.6894444444444444 0.499375
2 0.6061111111111112 0.430625 0.6455555555555555 0.430625 0.6061111111111112 0.495625 0.6455555555555555 0.495625
2 0.5877777777777777 0.456875 0.6105555555555555 0.456875 0.5877777777777777 0.4925 0.6105555555555555 0.4925
2 0.5427777777777778 0.46125 0.5805555555555556 0.46125 0.5427777777777778 0.481875 0.5805555555555556 0.481875
2 0.5805555555555556 0.463125 0.5905555555555555 0.463125 0.5805555555555556 0.483125 0.5905555555555555 0.483125
7 0.43277777777777776 0.45125 0.4483333333333333 0.45125 0.43277777777777776 0.48125 0.4483333333333333 0.48125