9 0.06166666666666667 0.4025 0.08888888888888889 0.4025 0.06166666666666667 0.425 0.08888888888888889 0.425
9 0.32 0.44125 0.3377777777777778 0.44125 0.32 0.458125 0.3377777777777778 0.458125
9 0.35333333333333333 0.454375 0.3622222222222222 0.454375 0.35333333333333333 0.466875 0.3622222222222222 0.466875
7 0.6922222222222222 0.44625 0.7088888888888889 0.44625 0.6922222222222222 0.488125 0.7088888888888889 0.488125
7 0.7055555555555556 0.44375 0.725 0.44375 0.7055555555555556 0.5075 0.725 0.5075
7 0.715 0.44 0.745 0.44 0.715 0.505 0.745 0.505
7 0.7361111111111112 0.455 0.7516666666666667 0.455 0.7361111111111112 0.505 0.7516666666666667 0.505
7 0.013888888888888888 0.44125 0.027777777777777776 0.44125 0.013888888888888888 0.4825 0.027777777777777776 0.4825
7 0.20944444444444443 0.4425 0.21888888888888888 0.4425 0.20944444444444443 0.463125 0.21888888888888888 0.463125
7 0.3422222222222222 0.473125 0.3472222222222222 0.473125 0.3422222222222222 0.48625 0.3472222222222222 0.48625
7 0.3488888888888889 0.469375 0.35444444444444445 0.469375 0.3488888888888889 0.48625 0.35444444444444445 0.48625
2 0.4305555555555556 0.4225 0.7388888888888889 0.4225 0.4305555555555556 0.685625 0.7388888888888889 0.685625