9 0.32166666666666666 0.419375 0.335 0.419375 0.32166666666666666 0.435625 0.335 0.435625
9 0.5816666666666667 0.3775 0.6061111111111112 0.3775 0.5816666666666667 0.40375 0.6061111111111112 0.40375
9 0.5866666666666667 0.403125 0.6005555555555555 0.403125 0.5866666666666667 0.409375 0.6005555555555555 0.409375
9 0.5566666666666666 0.415 0.5738888888888889 0.415 0.5566666666666666 0.4225 0.5738888888888889 0.4225
9 0.5233333333333333 0.419375 0.5277777777777778 0.419375 0.5233333333333333 0.428125 0.5277777777777778 0.428125
9 0.37666666666666665 0.429375 0.38055555555555554 0.429375 0.37666666666666665 0.435625 0.38055555555555554 0.435625
2 0.10666666666666667 0.425 0.33055555555555555 0.425 0.10666666666666667 0.6025 0.33055555555555555 0.6025
2 0.8016666666666666 0.400625 0.9994444444444445 0.400625 0.8016666666666666 0.701875 0.9994444444444445 0.701875
2 0.6494444444444445 0.416875 0.89 0.416875 0.6494444444444445 0.619375 0.89 0.619375
2 0.5922222222222222 0.433125 0.6955555555555556 0.433125 0.5922222222222222 0.555625 0.6955555555555556 0.555625
2 0.5672222222222222 0.438125 0.6266666666666667 0.438125 0.5672222222222222 0.524375 0.6266666666666667 0.524375
2 0.5388888888888889 0.433125 0.6094444444444445 0.433125 0.5388888888888889 0.51 0.6094444444444445 0.51
2 0.48777777777777775 0.43875 0.5216666666666666 0.43875 0.48777777777777775 0.473125 0.5216666666666666 0.473125
2 0.47944444444444445 0.443125 0.49 0.443125 0.47944444444444445 0.458125 0.49 0.458125
2 0.47444444444444445 0.43875 0.4866666666666667 0.43875 0.47444444444444445 0.455 0.4866666666666667 0.455
2 0.43944444444444447 0.434375 0.4538888888888889 0.434375 0.43944444444444447 0.4525 0.4538888888888889 0.4525
2 0.4127777777777778 0.443125 0.43833333333333335 0.443125 0.4127777777777778 0.46875 0.43833333333333335 0.46875
2 0.3883333333333333 0.44875 0.4116666666666667 0.44875 0.3883333333333333 0.4675 0.4116666666666667 0.4675
2 0.3972222222222222 0.445625 0.41444444444444445 0.445625 0.3972222222222222 0.455 0.41444444444444445 0.455
2 0.4688888888888889 0.441875 0.47555555555555556 0.441875 0.4688888888888889 0.449375 0.47555555555555556 0.449375
2 0.5455555555555556 0.439375 0.5533333333333333 0.439375 0.5455555555555556 0.445625 0.5533333333333333 0.445625
2 0.455 0.435625 0.46 0.435625 0.455 0.440625 0.46 0.440625
7 0.30333333333333334 0.439375 0.3238888888888889 0.439375 0.30333333333333334 0.473125 0.3238888888888889 0.473125