4 0.9656862745098039 0.443359375 0.9738562091503268 0.443359375 0.9656862745098039 0.46875 0.9738562091503268 0.46875
9 0.761437908496732 0.5166015625 0.8202614379084967 0.5166015625 0.761437908496732 0.59375 0.8202614379084967 0.59375
7 0.005718954248366013 0.5224609375 0.02369281045751634 0.5224609375 0.005718954248366013 0.58984375 0.02369281045751634 0.58984375
7 0.06862745098039216 0.505859375 0.09722222222222222 0.505859375 0.06862745098039216 0.6005859375 0.09722222222222222 0.6005859375
7 0.11601307189542484 0.509765625 0.13480392156862744 0.509765625 0.11601307189542484 0.6025390625 0.13480392156862744 0.6025390625
7 0.14950980392156862 0.5146484375 0.1650326797385621 0.5146484375 0.14950980392156862 0.58203125 0.1650326797385621 0.58203125
7 0.16666666666666666 0.5126953125 0.18218954248366012 0.5126953125 0.16666666666666666 0.5810546875 0.18218954248366012 0.5810546875
7 0.17565359477124182 0.51171875 0.190359477124183 0.51171875 0.17565359477124182 0.58203125 0.190359477124183 0.58203125
7 0.2875816993464052 0.515625 0.3047385620915033 0.515625 0.2875816993464052 0.5732421875 0.3047385620915033 0.5732421875
7 0.3014705882352941 0.51953125 0.3145424836601307 0.51953125 0.3014705882352941 0.5712890625 0.3145424836601307 0.5712890625
7 0.28022875816993464 0.515625 0.29330065359477125 0.515625 0.28022875816993464 0.578125 0.29330065359477125 0.578125
7 0.33088235294117646 0.517578125 0.35866013071895425 0.517578125 0.33088235294117646 0.5771484375 0.35866013071895425 0.5771484375
7 0.3464052287581699 0.5185546875 0.3602941176470588 0.5185546875 0.3464052287581699 0.5712890625 0.3602941176470588 0.5712890625
7 0.4795751633986928 0.515625 0.4918300653594771 0.515625 0.4795751633986928 0.53125 0.4918300653594771 0.53125
7 0.46568627450980393 0.5166015625 0.47549019607843135 0.5166015625 0.46568627450980393 0.53125 0.47549019607843135 0.53125
7 0.49019607843137253 0.5146484375 0.49836601307189543 0.5146484375 0.49019607843137253 0.53125 0.49836601307189543 0.53125
7 0.5171568627450981 0.515625 0.5285947712418301 0.515625 0.5171568627450981 0.53125 0.5285947712418301 0.53125
7 0.5253267973856209 0.5146484375 0.5334967320261438 0.5146484375 0.5253267973856209 0.5302734375 0.5334967320261438 0.5302734375
7 0.5669934640522876 0.517578125 0.5759803921568627 0.517578125 0.5669934640522876 0.5302734375 0.5759803921568627 0.5302734375
7 0.6151960784313726 0.51171875 0.6323529411764706 0.51171875 0.6151960784313726 0.572265625 0.6323529411764706 0.572265625
7 0.6478758169934641 0.5126953125 0.6642156862745098 0.5126953125 0.6478758169934641 0.5654296875 0.6642156862745098 0.5654296875
7 0.6911764705882353 0.5126953125 0.7026143790849673 0.5126953125 0.6911764705882353 0.560546875 0.7026143790849673 0.560546875
7 0.7156862745098039 0.513671875 0.7263071895424836 0.513671875 0.7156862745098039 0.5595703125 0.7263071895424836 0.5595703125
7 0.3137254901960784 0.5302734375 0.3292483660130719 0.5302734375 0.3137254901960784 0.5771484375 0.3292483660130719 0.5771484375
0 0.5498366013071896 0.5361328125 0.5735294117647058 0.5361328125 0.5498366013071896 0.5732421875 0.5735294117647058 0.5732421875
5 0.21323529411764705 0.5390625 0.2312091503267974 0.5390625 0.21323529411764705 0.5634765625 0.2312091503267974 0.5634765625
5 0.09640522875816994 0.5400390625 0.1511437908496732 0.5400390625 0.09640522875816994 0.578125 0.1511437908496732 0.578125
2 0.36519607843137253 0.513671875 0.48366013071895425 0.513671875 0.36519607843137253 0.5849609375 0.48366013071895425 0.5849609375
2 0.13480392156862744 0.533203125 0.2222222222222222 0.533203125 0.13480392156862744 0.5712890625 0.2222222222222222 0.5712890625
2 0.6331699346405228 0.525390625 0.6527777777777778 0.525390625 0.6331699346405228 0.5458984375 0.6527777777777778 0.5458984375
2 0.7320261437908496 0.521484375 0.7655228758169934 0.521484375 0.7320261437908496 0.5634765625 0.7655228758169934 0.5634765625
2 0.23366013071895425 0.5390625 0.2565359477124183 0.5390625 0.23366013071895425 0.556640625 0.2565359477124183 0.556640625