7 0.3227777777777778 0.444375 0.3427777777777778 0.444375 0.3227777777777778 0.50375 0.3427777777777778 0.50375
7 0.29777777777777775 0.44125 0.3161111111111111 0.44125 0.29777777777777775 0.509375 0.3161111111111111 0.509375
7 0.28 0.448125 0.3 0.448125 0.28 0.51 0.3 0.51
7 0.06388888888888888 0.413125 0.10777777777777778 0.413125 0.06388888888888888 0.55875 0.10777777777777778 0.55875
7 0.13777777777777778 0.4775 0.15722222222222224 0.4775 0.13777777777777778 0.5425 0.15722222222222224 0.5425
7 0.15333333333333332 0.43375 0.1827777777777778 0.43375 0.15333333333333332 0.503125 0.1827777777777778 0.503125
7 0.15611111111111112 0.44375 0.185 0.44375 0.15611111111111112 0.54125 0.185 0.54125
7 0.17777777777777778 0.435 0.20444444444444446 0.435 0.17777777777777778 0.536875 0.20444444444444446 0.536875
2 0.5905555555555555 0.43 0.72 0.43 0.5905555555555555 0.4975 0.72 0.4975
2 0.635 0.45 0.7322222222222222 0.45 0.635 0.538125 0.7322222222222222 0.538125
2 0.7288888888888889 0.379375 0.9994444444444445 0.379375 0.7288888888888889 0.5575 0.9994444444444445 0.5575
2 0.7705555555555555 0.42875 0.9994444444444445 0.42875 0.7705555555555555 0.6 0.9994444444444445 0.6
2 0.905 0.45625 0.9994444444444445 0.45625 0.905 0.648125 0.9994444444444445 0.648125