4 0.29411764705882354 0.4365234375 0.3088235294117647 0.4365234375 0.29411764705882354 0.4765625 0.3088235294117647 0.4765625
4 0.26143790849673204 0.451171875 0.27124183006535946 0.451171875 0.26143790849673204 0.4794921875 0.27124183006535946 0.4794921875
4 0.2965686274509804 0.5107421875 0.3047385620915033 0.5107421875 0.2965686274509804 0.5341796875 0.3047385620915033 0.5341796875
4 0.5816993464052288 0.45703125 0.5915032679738562 0.45703125 0.5816993464052288 0.486328125 0.5915032679738562 0.486328125
4 0.6723856209150327 0.51953125 0.6830065359477124 0.51953125 0.6723856209150327 0.5517578125 0.6830065359477124 0.5517578125
4 0.6715686274509803 0.41796875 0.6862745098039216 0.41796875 0.6715686274509803 0.4677734375 0.6862745098039216 0.4677734375
4 0.5825163398692811 0.51171875 0.5882352941176471 0.51171875 0.5825163398692811 0.52734375 0.5882352941176471 0.52734375
4 0.7034313725490197 0.44921875 0.7132352941176471 0.44921875 0.7034313725490197 0.4765625 0.7132352941176471 0.4765625
4 0.7026143790849673 0.5009765625 0.7083333333333334 0.5009765625 0.7026143790849673 0.509765625 0.7083333333333334 0.509765625
4 0.7066993464052288 0.5146484375 0.7148692810457516 0.5146484375 0.7066993464052288 0.5234375 0.7148692810457516 0.5234375
9 0.5547385620915033 0.474609375 0.565359477124183 0.474609375 0.5547385620915033 0.486328125 0.565359477124183 0.486328125
9 0.5555555555555556 0.486328125 0.5645424836601307 0.486328125 0.5555555555555556 0.498046875 0.5645424836601307 0.498046875
9 0.2908496732026144 0.486328125 0.309640522875817 0.486328125 0.2908496732026144 0.5087890625 0.309640522875817 0.5087890625
9 0.738562091503268 0.455078125 0.7761437908496732 0.455078125 0.738562091503268 0.4697265625 0.7761437908496732 0.4697265625
9 0.738562091503268 0.4404296875 0.7777777777777778 0.4404296875 0.738562091503268 0.4541015625 0.7777777777777778 0.4541015625
9 0.7369281045751634 0.3955078125 0.7761437908496732 0.3955078125 0.7369281045751634 0.4404296875 0.7761437908496732 0.4404296875
9 0.16993464052287582 0.4599609375 0.18382352941176472 0.4599609375 0.16993464052287582 0.4794921875 0.18382352941176472 0.4794921875
9 0.16748366013071894 0.4794921875 0.1854575163398693 0.4794921875 0.16748366013071894 0.490234375 0.1854575163398693 0.490234375
7 0.553921568627451 0.5107421875 0.5629084967320261 0.5107421875 0.553921568627451 0.5458984375 0.5629084967320261 0.5458984375
7 0.5351307189542484 0.5078125 0.5424836601307189 0.5078125 0.5351307189542484 0.5390625 0.5424836601307189 0.5390625
7 0.5751633986928104 0.5107421875 0.5825163398692811 0.5107421875 0.5751633986928104 0.5234375 0.5825163398692811 0.5234375
7 0.26715686274509803 0.5068359375 0.27941176470588236 0.5068359375 0.26715686274509803 0.546875 0.27941176470588236 0.546875
7 0.4624183006535948 0.4892578125 0.4673202614379085 0.4892578125 0.4624183006535948 0.5029296875 0.4673202614379085 0.5029296875
0 0.14052287581699346 0.53125 0.16258169934640523 0.53125 0.14052287581699346 0.556640625 0.16258169934640523 0.556640625
13 0.4795751633986928 0.4833984375 0.5008169934640523 0.4833984375 0.4795751633986928 0.5107421875 0.5008169934640523 0.5107421875
2 0.1642156862745098 0.4970703125 0.19607843137254902 0.4970703125 0.1642156862745098 0.5263671875 0.19607843137254902 0.5263671875
2 0.190359477124183 0.4873046875 0.20833333333333334 0.4873046875 0.190359477124183 0.50390625 0.20833333333333334 0.50390625
2 0.3741830065359477 0.5146484375 0.4264705882352941 0.5146484375 0.3741830065359477 0.5673828125 0.4264705882352941 0.5673828125
2 0.39624183006535946 0.4970703125 0.41421568627450983 0.4970703125 0.39624183006535946 0.5146484375 0.41421568627450983 0.5146484375
2 0.41421568627450983 0.4970703125 0.42401960784313725 0.4970703125 0.41421568627450983 0.51171875 0.42401960784313725 0.51171875
2 0.4215686274509804 0.4970703125 0.43137254901960786 0.4970703125 0.4215686274509804 0.5087890625 0.43137254901960786 0.5087890625
3 0.16339869281045752 0.55078125 0.17892156862745098 0.55078125 0.16339869281045752 0.595703125 0.17892156862745098 0.595703125