4 0.1111111111111111 0.5048828125 0.11519607843137254 0.5048828125 0.1111111111111111 0.5126953125 0.11519607843137254 0.5126953125
4 0.08251633986928104 0.51171875 0.08823529411764706 0.51171875 0.08251633986928104 0.521484375 0.08823529411764706 0.521484375
4 0.08251633986928104 0.44921875 0.08986928104575163 0.44921875 0.08251633986928104 0.4638671875 0.08986928104575163 0.4638671875
4 0.14215686274509803 0.4208984375 0.1511437908496732 0.4208984375 0.14215686274509803 0.447265625 0.1511437908496732 0.447265625
4 0.6478758169934641 0.4208984375 0.6658496732026143 0.4208984375 0.6478758169934641 0.451171875 0.6658496732026143 0.451171875
4 0.6495098039215687 0.1826171875 0.6854575163398693 0.1826171875 0.6495098039215687 0.2822265625 0.6854575163398693 0.2822265625
4 0.7647058823529411 0.400390625 0.7834967320261438 0.400390625 0.7647058823529411 0.4228515625 0.7834967320261438 0.4228515625
9 0.12745098039215685 0.482421875 0.1380718954248366 0.482421875 0.12745098039215685 0.4990234375 0.1380718954248366 0.4990234375
9 0.08088235294117647 0.4814453125 0.09068627450980392 0.4814453125 0.08088235294117647 0.4970703125 0.09068627450980392 0.4970703125
2 0.511437908496732 0.5166015625 0.5245098039215687 0.5166015625 0.511437908496732 0.5439453125 0.5245098039215687 0.5439453125
2 0.3366013071895425 0.4345703125 0.49019607843137253 0.4345703125 0.3366013071895425 0.6494140625 0.49019607843137253 0.6494140625
6 0.5392156862745098 0.416015625 0.8660130718954249 0.416015625 0.5392156862745098 0.6201171875 0.8660130718954249 0.6201171875