4 0.2638888888888889 0.39625 0.2833333333333333 0.39625 0.2638888888888889 0.42 0.2833333333333333 0.42
4 0.5583333333333333 0.396875 0.5727777777777778 0.396875 0.5583333333333333 0.415 0.5727777777777778 0.415
9 0.6866666666666666 0.33 0.7322222222222222 0.33 0.6866666666666666 0.37 0.7322222222222222 0.37
7 0.69 0.424375 0.7061111111111111 0.424375 0.69 0.459375 0.7061111111111111 0.459375
7 0.6755555555555556 0.43 0.6855555555555556 0.43 0.6755555555555556 0.461875 0.6855555555555556 0.461875
7 0.8088888888888889 0.404375 0.8394444444444444 0.404375 0.8088888888888889 0.45875 0.8394444444444444 0.45875
7 0.7511111111111111 0.40875 0.7772222222222223 0.40875 0.7511111111111111 0.455 0.7772222222222223 0.455
7 0.775 0.4175 0.7888888888888889 0.4175 0.775 0.461875 0.7888888888888889 0.461875
7 0.8616666666666667 0.393125 0.8916666666666667 0.393125 0.8616666666666667 0.451875 0.8916666666666667 0.451875
7 0.9005555555555556 0.39875 0.9377777777777778 0.39875 0.9005555555555556 0.474375 0.9377777777777778 0.474375
13 0.5 0.424375 0.5411111111111111 0.424375 0.5 0.48375 0.5411111111111111 0.48375
2 0 0.43125 0.11611111111111111 0.43125 0 0.544375 0.11611111111111111 0.544375
2 0.10888888888888888 0.438125 0.18944444444444444 0.438125 0.10888888888888888 0.52375 0.18944444444444444 0.52375
2 0.17833333333333334 0.435625 0.24166666666666667 0.435625 0.17833333333333334 0.50875 0.24166666666666667 0.50875
2 0.31555555555555553 0.450625 0.3738888888888889 0.450625 0.31555555555555553 0.49125 0.3738888888888889 0.49125
2 0.45666666666666667 0.451875 0.48 0.451875 0.45666666666666667 0.473125 0.48 0.473125