4 0.9109477124183006 0.4033203125 0.9501633986928104 0.4033203125 0.9109477124183006 0.458984375 0.9501633986928104 0.458984375
4 0.8831699346405228 0.09375 0.9468954248366013 0.09375 0.8831699346405228 0.255859375 0.9468954248366013 0.255859375
4 0.928921568627451 0.515625 0.9616013071895425 0.515625 0.928921568627451 0.58984375 0.9616013071895425 0.58984375
4 0.6748366013071896 0.4658203125 0.6854575163398693 0.4658203125 0.6748366013071896 0.48046875 0.6854575163398693 0.48046875
4 0.7148692810457516 0.458984375 0.7254901960784313 0.458984375 0.7148692810457516 0.47265625 0.7254901960784313 0.47265625
9 0.25735294117647056 0.4580078125 0.26715686274509803 0.4580078125 0.25735294117647056 0.4697265625 0.26715686274509803 0.4697265625
9 0.255718954248366 0.470703125 0.26633986928104575 0.470703125 0.255718954248366 0.4755859375 0.26633986928104575 0.4755859375
9 0.9191176470588235 0.3193359375 0.994281045751634 0.3193359375 0.9191176470588235 0.365234375 0.994281045751634 0.365234375
9 0.7761437908496732 0.4111328125 0.8774509803921569 0.4111328125 0.7761437908496732 0.4453125 0.8774509803921569 0.4453125
9 0.7026143790849673 0.369140625 0.7589869281045751 0.369140625 0.7026143790849673 0.3876953125 0.7589869281045751 0.3876953125
9 0.7034313725490197 0.3427734375 0.7581699346405228 0.3427734375 0.7034313725490197 0.3603515625 0.7581699346405228 0.3603515625
9 0.7173202614379085 0.390625 0.7263071895424836 0.390625 0.7173202614379085 0.419921875 0.7263071895424836 0.419921875
9 0.7058823529411765 0.3935546875 0.7148692810457516 0.3935546875 0.7058823529411765 0.4208984375 0.7148692810457516 0.4208984375
9 0.7066993464052288 0.431640625 0.7238562091503268 0.431640625 0.7066993464052288 0.4541015625 0.7238562091503268 0.4541015625
7 0.5882352941176471 0.49609375 0.5972222222222222 0.49609375 0.5882352941176471 0.515625 0.5972222222222222 0.515625
7 0.6045751633986928 0.482421875 0.6184640522875817 0.482421875 0.6045751633986928 0.53515625 0.6184640522875817 0.53515625
7 0.6478758169934641 0.4833984375 0.6658496732026143 0.4833984375 0.6478758169934641 0.5380859375 0.6658496732026143 0.5380859375
7 0.6241830065359477 0.484375 0.6397058823529411 0.484375 0.6241830065359477 0.537109375 0.6397058823529411 0.537109375
7 0.9191176470588235 0.4921875 0.9444444444444444 0.4921875 0.9191176470588235 0.6162109375 0.9444444444444444 0.6162109375
7 0.8856209150326797 0.484375 0.9379084967320261 0.484375 0.8856209150326797 0.69140625 0.9379084967320261 0.69140625
0 0 0.5166015625 0.018790849673202614 0.5166015625 0 0.5458984375 0.018790849673202614 0.5458984375
0 0.010620915032679739 0.5126953125 0.049019607843137254 0.5126953125 0.010620915032679739 0.546875 0.049019607843137254 0.546875
0 0.05555555555555555 0.515625 0.08333333333333333 0.515625 0.05555555555555555 0.546875 0.08333333333333333 0.546875
0 0.07924836601307189 0.513671875 0.10212418300653595 0.513671875 0.07924836601307189 0.546875 0.10212418300653595 0.546875
0 0.10620915032679738 0.515625 0.1503267973856209 0.515625 0.10620915032679738 0.544921875 0.1503267973856209 0.544921875
0 0.12663398692810457 0.5107421875 0.1642156862745098 0.5107421875 0.12663398692810457 0.5419921875 0.1642156862745098 0.5419921875
0 0.14460784313725492 0.5078125 0.1772875816993464 0.5078125 0.14460784313725492 0.5419921875 0.1772875816993464 0.5419921875
2 0.38562091503267976 0.49609375 0.4362745098039216 0.49609375 0.38562091503267976 0.5234375 0.4362745098039216 0.5234375
2 0.35866013071895425 0.521484375 0.4803921568627451 0.521484375 0.35866013071895425 0.6455078125 0.4803921568627451 0.6455078125