4 0.7366666666666667 0.306875 0.7561111111111111 0.306875 0.7366666666666667 0.35875 0.7561111111111111 0.35875
4 0.3 0.328125 0.3188888888888889 0.328125 0.3 0.3775 0.3188888888888889 0.3775
4 0.565 0.204375 0.5872222222222222 0.204375 0.565 0.2575 0.5872222222222222 0.2575
7 0.8933333333333333 0.408125 0.9222222222222223 0.408125 0.8933333333333333 0.4825 0.9222222222222223 0.4825
7 0.8633333333333333 0.42125 0.8905555555555555 0.42125 0.8633333333333333 0.485625 0.8905555555555555 0.485625
7 0.2783333333333333 0.428125 0.29333333333333333 0.428125 0.2783333333333333 0.488125 0.29333333333333333 0.488125
7 0.2644444444444444 0.434375 0.2827777777777778 0.434375 0.2644444444444444 0.491875 0.2827777777777778 0.491875
7 0.09833333333333333 0.410625 0.17722222222222223 0.410625 0.09833333333333333 0.588125 0.17722222222222223 0.588125
7 0.05555555555555555 0.425 0.08166666666666667 0.425 0.05555555555555555 0.521875 0.08166666666666667 0.521875
0 0.9227777777777778 0.42875 0.9794444444444445 0.42875 0.9227777777777778 0.478125 0.9794444444444445 0.478125
0 0.6494444444444445 0.448125 0.6655555555555556 0.448125 0.6494444444444445 0.4825 0.6655555555555556 0.4825
0 0.6205555555555555 0.4475 0.6366666666666667 0.4475 0.6205555555555555 0.485 0.6366666666666667 0.485
0 0.35333333333333333 0.45375 0.43833333333333335 0.45375 0.35333333333333333 0.520625 0.43833333333333335 0.520625
2 0.855 0.42875 0.9994444444444445 0.42875 0.855 0.7575 0.9994444444444445 0.7575
2 0.5188888888888888 0.4325 0.5472222222222223 0.4325 0.5188888888888888 0.47375 0.5472222222222223 0.47375
2 0.47444444444444445 0.43125 0.5294444444444445 0.43125 0.47444444444444445 0.470625 0.5294444444444445 0.470625
2 0.4438888888888889 0.44125 0.5288888888888889 0.44125 0.4438888888888889 0.49625 0.5288888888888889 0.49625
2 0.36833333333333335 0.433125 0.4305555555555556 0.433125 0.36833333333333335 0.49 0.4305555555555556 0.49
7 0.6183333333333333 0.423125 0.6355555555555555 0.423125 0.6183333333333333 0.480625 0.6355555555555555 0.480625
7 0.6472222222222223 0.429375 0.6661111111111111 0.429375 0.6472222222222223 0.476875 0.6661111111111111 0.476875
7 0.37166666666666665 0.425625 0.42055555555555557 0.425625 0.37166666666666665 0.506875 0.42055555555555557 0.506875
10 0.056666666666666664 0.52 0.08055555555555556 0.52 0.056666666666666664 0.52625 0.08055555555555556 0.52625