1 0.21333333333333335 0.42125 0.3188888888888889 0.42125 0.21333333333333335 0.51 0.3188888888888889 0.51
9 0.7461111111111111 0.33875 0.7572222222222222 0.33875 0.7461111111111111 0.353125 0.7572222222222222 0.353125
9 0.7316666666666667 0.33 0.7572222222222222 0.33 0.7316666666666667 0.339375 0.7572222222222222 0.339375
9 0.37444444444444447 0.443125 0.3794444444444444 0.443125 0.37444444444444447 0.44875 0.3794444444444444 0.44875
7 0.4961111111111111 0.44125 0.5083333333333333 0.44125 0.4961111111111111 0.466875 0.5083333333333333 0.466875
2 0.8783333333333333 0.419375 0.9405555555555556 0.419375 0.8783333333333333 0.44375 0.9405555555555556 0.44375
2 0.8316666666666667 0.4225 0.8855555555555555 0.4225 0.8316666666666667 0.456875 0.8855555555555555 0.456875
2 0.4066666666666667 0.43125 0.4911111111111111 0.43125 0.4066666666666667 0.52125 0.4911111111111111 0.52125
2 0.40444444444444444 0.446875 0.41833333333333333 0.446875 0.40444444444444444 0.465 0.41833333333333333 0.465
2 0.36277777777777775 0.45875 0.38666666666666666 0.45875 0.36277777777777775 0.475 0.38666666666666666 0.475
2 0.34055555555555556 0.459375 0.3672222222222222 0.459375 0.34055555555555556 0.48125 0.3672222222222222 0.48125
2 0 0.4575 0.07222222222222222 0.4575 0 0.576875 0.07222222222222222 0.576875
2 0.4866666666666667 0.445 0.49722222222222223 0.445 0.4866666666666667 0.4625 0.49722222222222223 0.4625