9 0.15777777777777777 0.374375 0.185 0.374375 0.15777777777777777 0.395625 0.185 0.395625
7 0.9805555555555555 0.409375 0.9994444444444445 0.409375 0.9805555555555555 0.56125 0.9994444444444445 0.56125
7 0.9338888888888889 0.414375 0.9888888888888889 0.414375 0.9338888888888889 0.56125 0.9888888888888889 0.56125
7 0.77 0.44125 0.8338888888888889 0.44125 0.77 0.560625 0.8338888888888889 0.560625
7 0.7266666666666667 0.444375 0.7711111111111111 0.444375 0.7266666666666667 0.555625 0.7711111111111111 0.555625
7 0.6705555555555556 0.441875 0.7233333333333334 0.441875 0.6705555555555556 0.56 0.7233333333333334 0.56
7 0.6272222222222222 0.44125 0.6822222222222222 0.44125 0.6272222222222222 0.55875 0.6822222222222222 0.55875
7 0.5916666666666667 0.441875 0.6394444444444445 0.441875 0.5916666666666667 0.55875 0.6394444444444445 0.55875
7 0.5472222222222223 0.438125 0.5611111111111111 0.438125 0.5472222222222223 0.48875 0.5611111111111111 0.48875
7 0.575 0.44125 0.585 0.44125 0.575 0.485 0.585 0.485
7 0.53 0.439375 0.545 0.439375 0.53 0.489375 0.545 0.489375
7 0.46555555555555556 0.436875 0.48333333333333334 0.436875 0.46555555555555556 0.49125 0.48333333333333334 0.49125
7 0.4161111111111111 0.454375 0.42944444444444446 0.454375 0.4161111111111111 0.494375 0.42944444444444446 0.494375
7 0.4061111111111111 0.4525 0.41888888888888887 0.4525 0.4061111111111111 0.495625 0.41888888888888887 0.495625
7 0.39055555555555554 0.436875 0.4083333333333333 0.436875 0.39055555555555554 0.49625 0.4083333333333333 0.49625
7 0.37222222222222223 0.4425 0.3888888888888889 0.4425 0.37222222222222223 0.495625 0.3888888888888889 0.495625
7 0.3005555555555556 0.4375 0.31166666666666665 0.4375 0.3005555555555556 0.47 0.31166666666666665 0.47
7 0.305 0.43375 0.32555555555555554 0.43375 0.305 0.498125 0.32555555555555554 0.498125
7 0.14333333333333334 0.44375 0.1827777777777778 0.44375 0.14333333333333334 0.521875 0.1827777777777778 0.521875
7 0.17555555555555555 0.430625 0.19333333333333333 0.430625 0.17555555555555555 0.45875 0.19333333333333333 0.45875
7 0.19777777777777777 0.43125 0.21833333333333332 0.43125 0.19777777777777777 0.49875 0.21833333333333332 0.49875
7 0.02722222222222222 0.44625 0.051666666666666666 0.44625 0.02722222222222222 0.526875 0.051666666666666666 0.526875
7 0.005555555555555556 0.449375 0.03 0.449375 0.005555555555555556 0.521875 0.03 0.521875
7 0.8577777777777778 0.424375 0.8961111111111111 0.424375 0.8577777777777778 0.516875 0.8961111111111111 0.516875
0 0 0.494375 0.045 0.494375 0 0.546875 0.045 0.546875