1 0.39111111111111113 0.36125 0.6766666666666666 0.36125 0.39111111111111113 0.50125 0.6766666666666666 0.50125
4 0.09888888888888889 0.39875 0.10666666666666667 0.39875 0.09888888888888889 0.42375 0.10666666666666667 0.42375
4 0.09833333333333333 0.441875 0.10555555555555556 0.441875 0.09833333333333333 0.4525 0.10555555555555556 0.4525
4 0.20944444444444443 0.398125 0.21777777777777776 0.398125 0.20944444444444443 0.424375 0.21777777777777776 0.424375
4 0.21 0.43625 0.21777777777777776 0.43625 0.21 0.44625 0.21777777777777776 0.44625
9 0.19777777777777777 0.426875 0.21833333333333332 0.426875 0.19777777777777777 0.435 0.21833333333333332 0.435
9 0.20222222222222222 0.375 0.23444444444444446 0.375 0.20222222222222222 0.386875 0.23444444444444446 0.386875
0 0 0.52375 0.09333333333333334 0.52375 0 0.774375 0.09333333333333334 0.774375
5 0.1238888888888889 0.4825 0.16777777777777778 0.4825 0.1238888888888889 0.558125 0.16777777777777778 0.558125
2 0.23666666666666666 0.43375 0.3661111111111111 0.43375 0.23666666666666666 0.54625 0.3661111111111111 0.54625
2 0.3861111111111111 0.4025 0.5566666666666666 0.4025 0.3861111111111111 0.575 0.5566666666666666 0.575
2 0.3466666666666667 0.44875 0.3894444444444444 0.44875 0.3466666666666667 0.491875 0.3894444444444444 0.491875
7 0 0.36125 0.08666666666666667 0.36125 0 0.770625 0.08666666666666667 0.770625
7 0.12333333333333334 0.455625 0.16777777777777778 0.455625 0.12333333333333334 0.5375 0.16777777777777778 0.5375