4 0.01888888888888889 0.06375 0.07444444444444444 0.06375 0.01888888888888889 0.133125 0.07444444444444444 0.133125
4 0.16 0.118125 0.20777777777777778 0.118125 0.16 0.179375 0.20777777777777778 0.179375
4 0.34833333333333333 0.11125 0.3983333333333333 0.11125 0.34833333333333333 0.169375 0.3983333333333333 0.169375
4 0.6905555555555556 0.283125 0.7444444444444445 0.283125 0.6905555555555556 0.343125 0.7444444444444445 0.343125
9 0.225 0.13 0.25277777777777777 0.13 0.225 0.179375 0.25277777777777777 0.179375
9 0.42277777777777775 0.12 0.4538888888888889 0.12 0.42277777777777775 0.169375 0.4538888888888889 0.169375
7 0.013333333333333334 0.449375 0.051666666666666666 0.449375 0.013333333333333334 0.548125 0.051666666666666666 0.548125
2 0 0.479375 0.05277777777777778 0.479375 0 0.526875 0.05277777777777778 0.526875
2 0.051111111111111114 0.461875 0.12611111111111112 0.461875 0.051111111111111114 0.52375 0.12611111111111112 0.52375
2 0.10666666666666667 0.4625 0.19055555555555556 0.4625 0.10666666666666667 0.52125 0.19055555555555556 0.52125
2 0.18 0.46625 0.22666666666666666 0.46625 0.18 0.510625 0.22666666666666666 0.510625
2 0.3511111111111111 0.37 0.7055555555555556 0.37 0.3511111111111111 0.701875 0.7055555555555556 0.701875
6 0.2427777777777778 0.42875 0.33 0.42875 0.2427777777777778 0.5075 0.33 0.5075
2 0.24666666666666667 0.444375 0.32 0.444375 0.24666666666666667 0.50625 0.32 0.50625