9 0.01015625 0.4072265625 0.040625 0.4072265625 0.01015625 0.419921875 0.040625 0.419921875
9 0.003125 0.345703125 0.04921875 0.345703125 0.003125 0.408203125 0.04921875 0.408203125
7 0.2609375 0.46875 0.27109375 0.46875 0.2609375 0.4814453125 0.27109375 0.4814453125
7 0.38671875 0.45703125 0.39609375 0.45703125 0.38671875 0.494140625 0.39609375 0.494140625
7 0.75703125 0.49609375 0.815625 0.49609375 0.75703125 0.6591796875 0.815625 0.6591796875
0 0.8921875 0.529296875 0.97578125 0.529296875 0.8921875 0.6181640625 0.97578125 0.6181640625
0 0.97109375 0.5771484375 0.99921875 0.5771484375 0.97109375 0.646484375 0.99921875 0.646484375
2 0.3625 0.453125 0.37578125 0.453125 0.3625 0.4697265625 0.37578125 0.4697265625
2 0.35078125 0.4560546875 0.3671875 0.4560546875 0.35078125 0.4755859375 0.3671875 0.4755859375
2 0.3390625 0.4580078125 0.3578125 0.4580078125 0.3390625 0.4833984375 0.3578125 0.4833984375
2 0.3296875 0.4638671875 0.3484375 0.4638671875 0.3296875 0.4921875 0.3484375 0.4921875
2 0.32578125 0.46875 0.3421875 0.46875 0.32578125 0.5 0.3421875 0.5
2 0.30234375 0.46484375 0.33203125 0.46484375 0.30234375 0.501953125 0.33203125 0.501953125
2 0.275 0.474609375 0.31015625 0.474609375 0.275 0.5166015625 0.31015625 0.5166015625
2 0.2484375 0.4814453125 0.290625 0.4814453125 0.2484375 0.5263671875 0.290625 0.5263671875
2 0.2359375 0.4892578125 0.27265625 0.4892578125 0.2359375 0.5390625 0.27265625 0.5390625
2 0.2203125 0.4931640625 0.25390625 0.4931640625 0.2203125 0.5478515625 0.25390625 0.5478515625
2 0.196875 0.4951171875 0.240625 0.4951171875 0.196875 0.5576171875 0.240625 0.5576171875
2 0.17578125 0.498046875 0.22421875 0.498046875 0.17578125 0.5712890625 0.22421875 0.5712890625
2 0.096875 0.50390625 0.20078125 0.50390625 0.096875 0.6015625 0.20078125 0.6015625
2 0.4203125 0.453125 0.44453125 0.453125 0.4203125 0.482421875 0.44453125 0.482421875
2 0.42734375 0.4619140625 0.44140625 0.4619140625 0.42734375 0.486328125 0.44140625 0.486328125
2 0.4328125 0.462890625 0.44296875 0.462890625 0.4328125 0.4912109375 0.44296875 0.4912109375
2 0.43671875 0.4599609375 0.46171875 0.4599609375 0.43671875 0.505859375 0.46171875 0.505859375
2 0.44609375 0.4609375 0.48671875 0.4609375 0.44609375 0.5146484375 0.48671875 0.5146484375
2 0.4515625 0.4638671875 0.50625 0.4638671875 0.4515625 0.5224609375 0.50625 0.5224609375
2 0.6984375 0.4755859375 0.75234375 0.4755859375 0.6984375 0.556640625 0.75234375 0.556640625
2 0.73671875 0.4482421875 0.9125 0.4482421875 0.73671875 0.560546875 0.9125 0.560546875
2 0.77734375 0.4658203125 0.97421875 0.4658203125 0.77734375 0.578125 0.97421875 0.578125
2 0.92578125 0.453125 0.97578125 0.453125 0.92578125 0.5 0.97578125 0.5