4 0.37254901960784315 0.306640625 0.3831699346405229 0.306640625 0.37254901960784315 0.33984375 0.3831699346405229 0.33984375
4 0.613562091503268 0.32421875 0.625 0.32421875 0.613562091503268 0.36328125 0.625 0.36328125
4 0.6740196078431373 0.3427734375 0.6821895424836601 0.3427734375 0.6740196078431373 0.36328125 0.6821895424836601 0.36328125
4 0.6821895424836601 0.3330078125 0.690359477124183 0.3330078125 0.6821895424836601 0.359375 0.690359477124183 0.359375
4 0.6380718954248366 0.3134765625 0.6486928104575164 0.3134765625 0.6380718954248366 0.345703125 0.6486928104575164 0.345703125
4 0.625 0.3271484375 0.6356209150326797 0.3271484375 0.625 0.353515625 0.6356209150326797 0.353515625
4 0.3897058823529412 0.3359375 0.39869281045751637 0.3359375 0.3897058823529412 0.365234375 0.39869281045751637 0.365234375
4 0.4011437908496732 0.318359375 0.4117647058823529 0.318359375 0.4011437908496732 0.35546875 0.4117647058823529 0.35546875
4 0.8839869281045751 0.361328125 0.8946078431372549 0.361328125 0.8839869281045751 0.3857421875 0.8946078431372549 0.3857421875
9 0.23447712418300654 0.27734375 0.2875816993464052 0.27734375 0.23447712418300654 0.3408203125 0.2875816993464052 0.3408203125
9 0.23529411764705882 0.2421875 0.2875816993464052 0.2421875 0.23529411764705882 0.2802734375 0.2875816993464052 0.2802734375
9 0.6290849673202614 0.416015625 0.636437908496732 0.416015625 0.6290849673202614 0.4248046875 0.636437908496732 0.4248046875
9 0.7230392156862745 0.306640625 0.7361111111111112 0.306640625 0.7230392156862745 0.318359375 0.7361111111111112 0.318359375
9 0.7230392156862745 0.318359375 0.7320261437908496 0.318359375 0.7230392156862745 0.328125 0.7320261437908496 0.328125
9 0.7230392156862745 0.328125 0.7312091503267973 0.328125 0.7230392156862745 0.337890625 0.7312091503267973 0.337890625
9 0.8594771241830066 0.3369140625 0.8766339869281046 0.3369140625 0.8594771241830066 0.3583984375 0.8766339869281046 0.3583984375
7 0.3815359477124183 0.380859375 0.3929738562091503 0.380859375 0.3815359477124183 0.42578125 0.3929738562091503 0.42578125
7 0.4395424836601307 0.384765625 0.4477124183006536 0.384765625 0.4395424836601307 0.408203125 0.4477124183006536 0.408203125
7 0.9183006535947712 0.4189453125 0.9379084967320261 0.4189453125 0.9183006535947712 0.46875 0.9379084967320261 0.46875
7 0.8790849673202614 0.2841796875 0.9068627450980392 0.2841796875 0.8790849673202614 0.3369140625 0.9068627450980392 0.3369140625
7 0.755718954248366 0.40234375 0.7785947712418301 0.40234375 0.755718954248366 0.4521484375 0.7785947712418301 0.4521484375
7 0.46977124183006536 0.388671875 0.477124183006536 0.388671875 0.46977124183006536 0.416015625 0.477124183006536 0.416015625
0 0.09068627450980392 0.439453125 0.17483660130718953 0.439453125 0.09068627450980392 0.5703125 0.17483660130718953 0.5703125
13 0.47630718954248363 0.3427734375 0.5302287581699346 0.3427734375 0.47630718954248363 0.431640625 0.5302287581699346 0.431640625
2 0.48937908496732024 0.365234375 0.6241830065359477 0.365234375 0.48937908496732024 0.52734375 0.6241830065359477 0.52734375
2 0.869281045751634 0.396484375 0.940359477124183 0.396484375 0.869281045751634 0.4423828125 0.940359477124183 0.4423828125
7 0.11437908496732026 0.34765625 0.1707516339869281 0.34765625 0.11437908496732026 0.546875 0.1707516339869281 0.546875