9 0.43300653594771243 0.443359375 0.4714052287581699 0.443359375 0.43300653594771243 0.462890625 0.4714052287581699 0.462890625
9 0.42892156862745096 0.3896484375 0.477124183006536 0.3896484375 0.42892156862745096 0.4453125 0.477124183006536 0.4453125
9 0.7598039215686274 0.203125 0.8741830065359477 0.203125 0.7598039215686274 0.2646484375 0.8741830065359477 0.2646484375
9 0.7598039215686274 0.267578125 0.8684640522875817 0.267578125 0.7598039215686274 0.3046875 0.8684640522875817 0.3046875
9 0.7581699346405228 0.314453125 0.8700980392156863 0.314453125 0.7581699346405228 0.3671875 0.8700980392156863 0.3671875
9 0.7622549019607843 0.4365234375 0.8553921568627451 0.4365234375 0.7622549019607843 0.484375 0.8553921568627451 0.484375
9 0.7581699346405228 0.3759765625 0.8676470588235294 0.3759765625 0.7581699346405228 0.4287109375 0.8676470588235294 0.4287109375
7 0.397875816993464 0.501953125 0.42892156862745096 0.501953125 0.397875816993464 0.5869140625 0.42892156862745096 0.5869140625
7 0.9215686274509803 0.5146484375 0.9493464052287581 0.5146484375 0.9215686274509803 0.58984375 0.9493464052287581 0.58984375
0 0.08905228758169935 0.5341796875 0.11437908496732026 0.5341796875 0.08905228758169935 0.59375 0.11437908496732026 0.59375
2 0.04656862745098039 0.505859375 0.07924836601307189 0.505859375 0.04656862745098039 0.5380859375 0.07924836601307189 0.5380859375
2 0.035130718954248366 0.505859375 0.05392156862745098 0.505859375 0.035130718954248366 0.5322265625 0.05392156862745098 0.5322265625
2 0.058823529411764705 0.5146484375 0.08823529411764706 0.5146484375 0.058823529411764705 0.54296875 0.08823529411764706 0.54296875
2 0.07107843137254902 0.521484375 0.09558823529411764 0.521484375 0.07107843137254902 0.55078125 0.09558823529411764 0.55078125
7 0.09313725490196079 0.5029296875 0.12009803921568628 0.5029296875 0.09313725490196079 0.5673828125 0.12009803921568628 0.5673828125