9 0.06535947712418301 0.2705078125 0.12336601307189543 0.2705078125 0.06535947712418301 0.3369140625 0.12336601307189543 0.3369140625
9 0.07107843137254902 0.3369140625 0.11437908496732026 0.3369140625 0.07107843137254902 0.3544921875 0.11437908496732026 0.3544921875
9 0.07026143790849673 0.3544921875 0.11437908496732026 0.3544921875 0.07026143790849673 0.3779296875 0.11437908496732026 0.3779296875
9 0.07761437908496732 0.3779296875 0.10784313725490197 0.3779296875 0.07761437908496732 0.4052734375 0.10784313725490197 0.4052734375
9 0.10620915032679738 0.40234375 0.15604575163398693 0.40234375 0.10620915032679738 0.44140625 0.15604575163398693 0.44140625
9 0.6315359477124183 0.3798828125 0.6511437908496732 0.3798828125 0.6315359477124183 0.4111328125 0.6511437908496732 0.4111328125
9 0.6323529411764706 0.412109375 0.6519607843137255 0.412109375 0.6323529411764706 0.443359375 0.6519607843137255 0.443359375
9 0.6315359477124183 0.443359375 0.6535947712418301 0.443359375 0.6315359477124183 0.458984375 0.6535947712418301 0.458984375
9 0.25 0.4716796875 0.2630718954248366 0.4716796875 0.25 0.494140625 0.2630718954248366 0.494140625
7 0.19362745098039216 0.5185546875 0.20016339869281047 0.5185546875 0.19362745098039216 0.54296875 0.20016339869281047 0.54296875
2 0.14133986928104575 0.5224609375 0.16911764705882354 0.5224609375 0.14133986928104575 0.560546875 0.16911764705882354 0.560546875
2 0.22140522875816993 0.5166015625 0.3145424836601307 0.5166015625 0.22140522875816993 0.5869140625 0.3145424836601307 0.5869140625
2 0.40032679738562094 0.501953125 0.6241830065359477 0.501953125 0.40032679738562094 0.6923828125 0.6241830065359477 0.6923828125
2 0.9763071895424836 0.5 0.9877450980392157 0.5 0.9763071895424836 0.5166015625 0.9877450980392157 0.5166015625
2 0.9183006535947712 0.4873046875 0.9787581699346405 0.4873046875 0.9183006535947712 0.521484375 0.9787581699346405 0.521484375
2 0.9191176470588235 0.5048828125 0.9558823529411765 0.5048828125 0.9191176470588235 0.548828125 0.9558823529411765 0.548828125
2 0.8570261437908496 0.5009765625 0.9370915032679739 0.5009765625 0.8570261437908496 0.583984375 0.9370915032679739 0.583984375
2 0.9869281045751634 0.5 0.9991830065359477 0.5 0.9869281045751634 0.515625 0.9991830065359477 0.515625
2 0.8970588235294118 0.515625 0.9991830065359477 0.515625 0.8970588235294118 0.8017578125 0.9991830065359477 0.8017578125