4 0.6644444444444444 0.30625 0.695 0.30625 0.6644444444444444 0.34 0.695 0.34
4 0.675 0.365 0.6883333333333334 0.365 0.675 0.38125 0.6883333333333334 0.38125
4 0.37166666666666665 0.158125 0.40166666666666667 0.158125 0.37166666666666665 0.195625 0.40166666666666667 0.195625
4 0.21 0.164375 0.2388888888888889 0.164375 0.21 0.20125 0.2388888888888889 0.20125
4 0.09277777777777778 0.119375 0.13944444444444445 0.119375 0.09277777777777778 0.17625 0.13944444444444445 0.17625
4 0.3711111111111111 0.401875 0.37555555555555553 0.401875 0.3711111111111111 0.413125 0.37555555555555553 0.413125
4 0.4122222222222222 0.396875 0.4161111111111111 0.396875 0.4122222222222222 0.4075 0.4161111111111111 0.4075
9 0.9561111111111111 0.185 0.9994444444444445 0.185 0.9561111111111111 0.3075 0.9994444444444445 0.3075
9 0.43 0.16 0.45611111111111113 0.16 0.43 0.203125 0.45611111111111113 0.203125
9 0.26 0.16875 0.285 0.16875 0.26 0.21 0.285 0.21
9 0.030555555555555555 0.136875 0.057777777777777775 0.136875 0.030555555555555555 0.180625 0.057777777777777775 0.180625
9 0.4022222222222222 0.4 0.4088888888888889 0.4 0.4022222222222222 0.41 0.4088888888888889 0.41
7 0.385 0.43375 0.4066666666666667 0.43375 0.385 0.515 0.4066666666666667 0.515
2 0.9566666666666667 0.423125 0.9988888888888889 0.423125 0.9566666666666667 0.439375 0.9988888888888889 0.439375
2 0.9438888888888889 0.41125 0.9866666666666667 0.41125 0.9438888888888889 0.43 0.9866666666666667 0.43
2 0.02722222222222222 0.47 0.09444444444444444 0.47 0.02722222222222222 0.515 0.09444444444444444 0.515
2 0.09055555555555556 0.453125 0.15611111111111112 0.453125 0.09055555555555556 0.506875 0.15611111111111112 0.506875
2 0.14444444444444443 0.451875 0.21611111111111111 0.451875 0.14444444444444443 0.505 0.21611111111111111 0.505
2 0.2061111111111111 0.455 0.2461111111111111 0.455 0.2061111111111111 0.495625 0.2461111111111111 0.495625
2 0.2338888888888889 0.45375 0.2688888888888889 0.45375 0.2338888888888889 0.489375 0.2688888888888889 0.489375
2 0.34 0.448125 0.3688888888888889 0.448125 0.34 0.475 0.3688888888888889 0.475
2 0.4027777777777778 0.38875 0.6211111111111111 0.38875 0.4027777777777778 0.603125 0.6211111111111111 0.603125
6 0.2677777777777778 0.42 0.33944444444444444 0.42 0.2677777777777778 0.49375 0.33944444444444444 0.49375
2 0.26722222222222225 0.43375 0.3322222222222222 0.43375 0.26722222222222225 0.490625 0.3322222222222222 0.490625