13 0.4918300653594771 0.42578125 0.5261437908496732 0.42578125 0.4918300653594771 0.490234375 0.5261437908496732 0.490234375
13 0.5612745098039216 0.41015625 0.6397058823529411 0.41015625 0.5612745098039216 0.517578125 0.6397058823529411 0.517578125
2 0.0008169934640522876 0.49609375 0.2312091503267974 0.49609375 0.0008169934640522876 0.7255859375 0.2312091503267974 0.7255859375
2 0.14624183006535948 0.4853515625 0.2973856209150327 0.4853515625 0.14624183006535948 0.6337890625 0.2973856209150327 0.6337890625
2 0.4444444444444444 0.490234375 0.5849673202614379 0.490234375 0.4444444444444444 0.6337890625 0.5849673202614379 0.6337890625
2 0.3464052287581699 0.474609375 0.43137254901960786 0.474609375 0.3464052287581699 0.5595703125 0.43137254901960786 0.5595703125
2 0.41013071895424835 0.47265625 0.4526143790849673 0.47265625 0.41013071895424835 0.525390625 0.4526143790849673 0.525390625
2 0.43300653594771243 0.4716796875 0.46078431372549017 0.4716796875 0.43300653594771243 0.517578125 0.46078431372549017 0.517578125
2 0.42810457516339867 0.46875 0.46486928104575165 0.46875 0.42810457516339867 0.51171875 0.46486928104575165 0.51171875
2 0.45098039215686275 0.4697265625 0.4673202614379085 0.4697265625 0.45098039215686275 0.505859375 0.4673202614379085 0.505859375
2 0.45588235294117646 0.470703125 0.4722222222222222 0.470703125 0.45588235294117646 0.50390625 0.4722222222222222 0.50390625
2 0.4411764705882353 0.453125 0.47630718954248363 0.453125 0.4411764705882353 0.4970703125 0.47630718954248363 0.4970703125
2 0.4738562091503268 0.4658203125 0.4812091503267974 0.4658203125 0.4738562091503268 0.4892578125 0.4812091503267974 0.4892578125
2 0.47467320261437906 0.4638671875 0.4877450980392157 0.4638671875 0.47467320261437906 0.4833984375 0.4877450980392157 0.4833984375
2 0.5261437908496732 0.462890625 0.5400326797385621 0.462890625 0.5261437908496732 0.482421875 0.5400326797385621 0.482421875
2 0.5310457516339869 0.4658203125 0.5408496732026143 0.4658203125 0.5310457516339869 0.484375 0.5408496732026143 0.484375
2 0.5334967320261438 0.466796875 0.5465686274509803 0.466796875 0.5334967320261438 0.48828125 0.5465686274509803 0.48828125
2 0.5424836601307189 0.46484375 0.5678104575163399 0.46484375 0.5424836601307189 0.4931640625 0.5678104575163399 0.4931640625
2 0.5874183006535948 0.4716796875 0.6143790849673203 0.4716796875 0.5874183006535948 0.525390625 0.6143790849673203 0.525390625
2 0.6013071895424836 0.458984375 0.6764705882352942 0.458984375 0.6013071895424836 0.5322265625 0.6764705882352942 0.5322265625