9 0.70390625 0.5009765625 0.721875 0.5009765625 0.70390625 0.529296875 0.721875 0.529296875
9 0.52578125 0.404296875 0.5390625 0.404296875 0.52578125 0.4228515625 0.5390625 0.4228515625
9 0.971875 0.3681640625 0.99296875 0.3681640625 0.971875 0.416015625 0.99296875 0.416015625
2 0.24765625 0.4453125 0.26875 0.4453125 0.24765625 0.4638671875 0.26875 0.4638671875
2 0.2765625 0.4482421875 0.29375 0.4482421875 0.2765625 0.4609375 0.29375 0.4609375
2 0.30234375 0.4404296875 0.32265625 0.4404296875 0.30234375 0.4619140625 0.32265625 0.4619140625
2 0.32890625 0.4375 0.34921875 0.4375 0.32890625 0.4560546875 0.34921875 0.4560546875
2 0.4265625 0.43359375 0.45078125 0.43359375 0.4265625 0.4619140625 0.45078125 0.4619140625
2 0.4765625 0.4423828125 0.503125 0.4423828125 0.4765625 0.4658203125 0.503125 0.4658203125
2 0.50234375 0.44140625 0.5328125 0.44140625 0.50234375 0.470703125 0.5328125 0.470703125
2 0.534375 0.435546875 0.58046875 0.435546875 0.534375 0.4814453125 0.58046875 0.4814453125
2 0.59296875 0.451171875 0.66796875 0.451171875 0.59296875 0.52734375 0.66796875 0.52734375
2 0.659375 0.412109375 0.690625 0.412109375 0.659375 0.435546875 0.690625 0.435546875
3 0.1859375 0.4814453125 0.19296875 0.4814453125 0.1859375 0.498046875 0.19296875 0.498046875