7 0.20458984375 0.5065104166666666 0.2314453125 0.5065104166666666 0.20458984375 0.6087239583333334 0.2314453125 0.6087239583333334
0 0.44580078125 0.5286458333333334 0.47314453125 0.5286458333333334 0.44580078125 0.5670572916666666 0.47314453125 0.5670572916666666
2 0.03125 0.4720052083333333 0.12109375 0.4720052083333333 0.03125 0.6061197916666666 0.12109375 0.6061197916666666
2 0.06689453125 0.4733072916666667 0.16357421875 0.4733072916666667 0.06689453125 0.576171875 0.16357421875 0.576171875
2 0.150390625 0.4850260416666667 0.2490234375 0.4850260416666667 0.150390625 0.560546875 0.2490234375 0.560546875
2 0.2216796875 0.486328125 0.26318359375 0.486328125 0.2216796875 0.5540364583333334 0.26318359375 0.5540364583333334
2 0.251953125 0.5052083333333334 0.37060546875 0.5052083333333334 0.251953125 0.5677083333333334 0.37060546875 0.5677083333333334
2 0.31640625 0.5045572916666666 0.3955078125 0.5045572916666666 0.31640625 0.5677083333333334 0.3955078125 0.5677083333333334
2 0.77587890625 0.5475260416666666 0.96875 0.5475260416666666 0.77587890625 0.7486979166666666 0.96875 0.7486979166666666
2 0.740234375 0.5403645833333334 0.8212890625 0.5403645833333334 0.740234375 0.6751302083333334 0.8212890625 0.6751302083333334
2 0.71826171875 0.51953125 0.8359375 0.51953125 0.71826171875 0.6471354166666666 0.8359375 0.6471354166666666
2 0.68603515625 0.51171875 0.75537109375 0.51171875 0.68603515625 0.615234375 0.75537109375 0.615234375
2 0.6728515625 0.5423177083333334 0.69384765625 0.5423177083333334 0.6728515625 0.5944010416666666 0.69384765625 0.5944010416666666
2 0.6474609375 0.5201822916666666 0.7001953125 0.5201822916666666 0.6474609375 0.5813802083333334 0.7001953125 0.5813802083333334
2 0.6416015625 0.521484375 0.666015625 0.521484375 0.6416015625 0.5553385416666666 0.666015625 0.5553385416666666
2 0.58740234375 0.5169270833333334 0.63330078125 0.5169270833333334 0.58740234375 0.5631510416666666 0.63330078125 0.5631510416666666
2 0.5078125 0.5182291666666666 0.5380859375 0.5182291666666666 0.5078125 0.544921875 0.5380859375 0.544921875
2 0.5390625 0.5169270833333334 0.5537109375 0.5169270833333334 0.5390625 0.53515625 0.5537109375 0.53515625
2 0.5517578125 0.5162760416666666 0.5625 0.5162760416666666 0.5517578125 0.5319010416666666 0.5625 0.5319010416666666
2 0.55859375 0.513671875 0.56591796875 0.513671875 0.55859375 0.52734375 0.56591796875 0.52734375
2 0.5634765625 0.5143229166666666 0.56982421875 0.5143229166666666 0.5634765625 0.5260416666666666 0.56982421875 0.5260416666666666
7 0.45166015625 0.5045572916666666 0.47314453125 0.5045572916666666 0.45166015625 0.5638020833333334 0.47314453125 0.5638020833333334