9 0.49921875 0.4306640625 0.503125 0.4306640625 0.49921875 0.435546875 0.503125 0.435546875
9 0.5 0.435546875 0.50234375 0.435546875 0.5 0.4384765625 0.50234375 0.4384765625
7 0.7359375 0.484375 0.7609375 0.484375 0.7359375 0.54296875 0.7609375 0.54296875
7 0.68359375 0.4736328125 0.70546875 0.4736328125 0.68359375 0.5126953125 0.70546875 0.5126953125
7 0.65546875 0.4755859375 0.68046875 0.4755859375 0.65546875 0.5166015625 0.68046875 0.5166015625
7 0.28515625 0.4765625 0.33359375 0.4765625 0.28515625 0.6455078125 0.33359375 0.6455078125
7 0.2515625 0.498046875 0.28984375 0.498046875 0.2515625 0.646484375 0.28984375 0.646484375
7 0.2171875 0.4833984375 0.25390625 0.4833984375 0.2171875 0.6640625 0.25390625 0.6640625
7 0.48671875 0.4482421875 0.49375 0.4482421875 0.48671875 0.4736328125 0.49375 0.4736328125
2 0 0.57421875 0.18125 0.57421875 0 0.798828125 0.18125 0.798828125
2 0 0.515625 0.17890625 0.515625 0 0.6689453125 0.17890625 0.6689453125
2 0.1453125 0.5205078125 0.23203125 0.5205078125 0.1453125 0.658203125 0.23203125 0.658203125
2 0.14375 0.4736328125 0.28046875 0.4736328125 0.14375 0.529296875 0.28046875 0.529296875
2 0.26796875 0.4755859375 0.334375 0.4755859375 0.26796875 0.5595703125 0.334375 0.5595703125
2 0.32265625 0.4814453125 0.36875 0.4814453125 0.32265625 0.5458984375 0.36875 0.5458984375
2 0.346875 0.47265625 0.3890625 0.47265625 0.346875 0.5185546875 0.3890625 0.5185546875
2 0.3625 0.46875 0.3984375 0.46875 0.3625 0.50390625 0.3984375 0.50390625
2 0.38046875 0.4638671875 0.41171875 0.4638671875 0.38046875 0.5 0.41171875 0.5
2 0.38671875 0.4560546875 0.42109375 0.4560546875 0.38671875 0.4931640625 0.42109375 0.4931640625
2 0.4046875 0.4501953125 0.43359375 0.4501953125 0.4046875 0.4814453125 0.43359375 0.4814453125
2 0.4296875 0.44921875 0.4421875 0.44921875 0.4296875 0.4677734375 0.4421875 0.4677734375
2 0.434375 0.4453125 0.45 0.4453125 0.434375 0.4619140625 0.45 0.4619140625
2 0.4453125 0.4423828125 0.45546875 0.4423828125 0.4453125 0.4580078125 0.45546875 0.4580078125
2 0.45390625 0.44140625 0.4625 0.44140625 0.45390625 0.4521484375 0.4625 0.4521484375
2 0.9109375 0.6826171875 0.99921875 0.6826171875 0.9109375 0.8818359375 0.99921875 0.8818359375
2 0.76484375 0.5556640625 0.99921875 0.5556640625 0.76484375 0.7890625 0.99921875 0.7890625
2 0.6296875 0.5126953125 0.77109375 0.5126953125 0.6296875 0.6337890625 0.77109375 0.6337890625
2 0.5765625 0.4853515625 0.65703125 0.4853515625 0.5765625 0.55859375 0.65703125 0.55859375
2 0.55 0.4599609375 0.6265625 0.4599609375 0.55 0.5361328125 0.6265625 0.5361328125
2 0.52578125 0.4638671875 0.5625 0.4638671875 0.52578125 0.4990234375 0.5625 0.4990234375
2 0.5234375 0.4560546875 0.55859375 0.4560546875 0.5234375 0.482421875 0.55859375 0.482421875
2 0.515625 0.4560546875 0.5359375 0.4560546875 0.515625 0.48828125 0.5359375 0.48828125
2 0.51015625 0.4560546875 0.521875 0.4560546875 0.51015625 0.48046875 0.521875 0.48046875
2 0.50546875 0.4501953125 0.52890625 0.4501953125 0.50546875 0.474609375 0.52890625 0.474609375
2 0.496875 0.4453125 0.51640625 0.4453125 0.496875 0.4658203125 0.51640625 0.4658203125
2 0.490625 0.443359375 0.50546875 0.443359375 0.490625 0.4619140625 0.50546875 0.4619140625
2 0.90546875 0.462890625 0.99921875 0.462890625 0.90546875 0.5673828125 0.99921875 0.5673828125
2 0.66171875 0.4599609375 0.7109375 0.4599609375 0.66171875 0.4765625 0.7109375 0.4765625
2 0.6734375 0.4423828125 0.73125 0.4423828125 0.6734375 0.4677734375 0.73125 0.4677734375
2 0.46640625 0.4443359375 0.47578125 0.4443359375 0.46640625 0.455078125 0.47578125 0.455078125
2 0.6984375 0.458984375 0.7484375 0.458984375 0.6984375 0.486328125 0.7484375 0.486328125