4 0.026111111111111113 0.429375 0.035555555555555556 0.429375 0.026111111111111113 0.453125 0.035555555555555556 0.453125
4 0.13111111111111112 0.42 0.1411111111111111 0.42 0.13111111111111112 0.449375 0.1411111111111111 0.449375
4 0.08 0.276875 0.09666666666666666 0.276875 0.08 0.323125 0.09666666666666666 0.323125
4 0.22277777777777777 0.246875 0.24166666666666667 0.246875 0.22277777777777777 0.2925 0.24166666666666667 0.2925
4 0.345 0.330625 0.3572222222222222 0.330625 0.345 0.35875 0.3572222222222222 0.35875
4 0.4388888888888889 0.325 0.45055555555555554 0.325 0.4388888888888889 0.353125 0.45055555555555554 0.353125
4 0.5533333333333333 0.378125 0.5655555555555556 0.378125 0.5533333333333333 0.40625 0.5655555555555556 0.40625
4 0.5588888888888889 0.413125 0.5672222222222222 0.413125 0.5588888888888889 0.423125 0.5672222222222222 0.423125
4 0.5955555555555555 0.33125 0.6133333333333333 0.33125 0.5955555555555555 0.379375 0.6133333333333333 0.379375
4 0.6194444444444445 0.366875 0.6283333333333333 0.366875 0.6194444444444445 0.39 0.6283333333333333 0.39
4 0.6255555555555555 0.4025 0.6322222222222222 0.4025 0.6255555555555555 0.411875 0.6322222222222222 0.411875
4 0.6977777777777778 0.38 0.7077777777777777 0.38 0.6977777777777778 0.394375 0.7077777777777777 0.394375
4 0.6888888888888889 0.3325 0.7005555555555556 0.3325 0.6888888888888889 0.360625 0.7005555555555556 0.360625
4 0.6566666666666666 0.269375 0.6677777777777778 0.269375 0.6566666666666666 0.3 0.6677777777777778 0.3
4 0.13111111111111112 0.45625 0.1388888888888889 0.45625 0.13111111111111112 0.465 0.1388888888888889 0.465
4 0.02722222222222222 0.46375 0.03333333333333333 0.46375 0.02722222222222222 0.47375 0.03333333333333333 0.47375
4 0.61 0.388125 0.62 0.388125 0.61 0.4075 0.62 0.4075
9 0 0.344375 0.050555555555555555 0.344375 0 0.365 0.050555555555555555 0.365
9 0.19055555555555556 0.26 0.2088888888888889 0.26 0.19055555555555556 0.281875 0.2088888888888889 0.281875
9 0.365 0.335 0.37666666666666665 0.335 0.365 0.348125 0.37666666666666665 0.348125
9 0.47333333333333333 0.358125 0.5077777777777778 0.358125 0.47333333333333333 0.37 0.5077777777777778 0.37
9 0.6855555555555556 0.294375 0.7016666666666667 0.294375 0.6855555555555556 0.311875 0.7016666666666667 0.311875
9 0.5272222222222223 0.42125 0.5333333333333333 0.42125 0.5272222222222223 0.435625 0.5333333333333333 0.435625
9 0.3472222222222222 0.45 0.35388888888888886 0.45 0.3472222222222222 0.46375 0.35388888888888886 0.46375
2 0.46055555555555555 0.445625 0.4816666666666667 0.445625 0.46055555555555555 0.466875 0.4816666666666667 0.466875
2 0.285 0.45625 0.325 0.45625 0.285 0.490625 0.325 0.490625
2 0.23 0.455625 0.2861111111111111 0.455625 0.23 0.51 0.2861111111111111 0.51
3 0.8438888888888889 0.46375 0.8872222222222222 0.46375 0.8438888888888889 0.5575 0.8872222222222222 0.5575