1 0.75048828125 0.4186197916666667 0.9697265625 0.4186197916666667 0.75048828125 0.5638020833333334 0.9697265625 0.5638020833333334
1 0.4912109375 0.4674479166666667 0.58154296875 0.4674479166666667 0.4912109375 0.52734375 0.58154296875 0.52734375
1 0.39111328125 0.5065104166666666 0.48193359375 0.5065104166666666 0.39111328125 0.5514322916666666 0.48193359375 0.5514322916666666
7 0.85791015625 0.435546875 0.95166015625 0.435546875 0.85791015625 0.7421875 0.95166015625 0.7421875
7 0.7470703125 0.439453125 0.8349609375 0.439453125 0.7470703125 0.7623697916666666 0.8349609375 0.7623697916666666
7 0.68310546875 0.48828125 0.70849609375 0.48828125 0.68310546875 0.5716145833333334 0.70849609375 0.5716145833333334
7 0.66064453125 0.4850260416666667 0.677734375 0.4850260416666667 0.66064453125 0.5729166666666666 0.677734375 0.5729166666666666
7 0.7158203125 0.4798177083333333 0.73779296875 0.4798177083333333 0.7158203125 0.5670572916666666 0.73779296875 0.5670572916666666
7 0.64208984375 0.4876302083333333 0.658203125 0.4876302083333333 0.64208984375 0.57421875 0.658203125 0.57421875
7 0.10791015625 0.5651041666666666 0.1220703125 0.5651041666666666 0.10791015625 0.609375 0.1220703125 0.609375
2 0.46923828125 0.5266927083333334 0.609375 0.5266927083333334 0.46923828125 0.642578125 0.609375 0.642578125