9 0.5171875 0.419921875 0.5265625 0.419921875 0.5171875 0.4296875 0.5265625 0.4296875
9 0.51796875 0.4296875 0.525 0.4296875 0.51796875 0.4345703125 0.525 0.4345703125
7 0.484375 0.4541015625 0.49296875 0.4541015625 0.484375 0.4873046875 0.49296875 0.4873046875
0 0.4046875 0.470703125 0.41484375 0.470703125 0.4046875 0.4951171875 0.41484375 0.4951171875
0 0.43203125 0.470703125 0.44375 0.470703125 0.43203125 0.494140625 0.44375 0.494140625
2 0.00078125 0.521484375 0.1453125 0.521484375 0.00078125 0.7470703125 0.1453125 0.7470703125
2 0.1265625 0.4921875 0.2515625 0.4921875 0.1265625 0.6279296875 0.2515625 0.6279296875
2 0.23515625 0.5 0.29375 0.5 0.23515625 0.591796875 0.29375 0.591796875
2 0.31640625 0.462890625 0.375 0.462890625 0.31640625 0.5302734375 0.375 0.5302734375
2 0.3671875 0.47265625 0.3859375 0.47265625 0.3671875 0.5107421875 0.3859375 0.5107421875
2 0.11328125 0.4833984375 0.14765625 0.4833984375 0.11328125 0.5234375 0.14765625 0.5234375
2 0.29609375 0.462890625 0.3140625 0.462890625 0.29609375 0.494140625 0.3140625 0.494140625
2 0.37265625 0.4658203125 0.39921875 0.4658203125 0.37265625 0.4990234375 0.39921875 0.4990234375
2 0.37734375 0.462890625 0.403125 0.462890625 0.37734375 0.4921875 0.403125 0.4921875
2 0.38828125 0.4609375 0.40625 0.4609375 0.38828125 0.4892578125 0.40625 0.4892578125
2 0.3859375 0.453125 0.4125 0.453125 0.3859375 0.470703125 0.4125 0.470703125
2 0.4125 0.4541015625 0.421875 0.4541015625 0.4125 0.4794921875 0.421875 0.4794921875
2 0.41796875 0.4501953125 0.4328125 0.4501953125 0.41796875 0.4677734375 0.4328125 0.4677734375
2 0.44765625 0.4560546875 0.475 0.4560546875 0.44765625 0.4853515625 0.475 0.4853515625
2 0.7859375 0.5849609375 0.99921875 0.5849609375 0.7859375 0.87109375 0.99921875 0.87109375
2 0.6640625 0.533203125 0.88828125 0.533203125 0.6640625 0.7314453125 0.88828125 0.7314453125
2 0.61328125 0.4833984375 0.7828125 0.4833984375 0.61328125 0.654296875 0.7828125 0.654296875
2 0.58984375 0.49609375 0.65390625 0.49609375 0.58984375 0.6005859375 0.65390625 0.6005859375
2 0.584375 0.4921875 0.62265625 0.4921875 0.584375 0.5673828125 0.62265625 0.5673828125
2 0.56484375 0.48828125 0.61328125 0.48828125 0.56484375 0.556640625 0.61328125 0.556640625
2 0.54765625 0.4814453125 0.60546875 0.4814453125 0.54765625 0.54296875 0.60546875 0.54296875
2 0.528125 0.4736328125 0.571875 0.4736328125 0.528125 0.5205078125 0.571875 0.5205078125
2 0.52109375 0.470703125 0.54140625 0.470703125 0.52109375 0.513671875 0.54140625 0.513671875
2 0.521875 0.4609375 0.5625 0.4609375 0.521875 0.48828125 0.5625 0.48828125
2 0.5078125 0.453125 0.54453125 0.453125 0.5078125 0.498046875 0.54453125 0.498046875
2 0.48984375 0.453125 0.5140625 0.453125 0.48984375 0.486328125 0.5140625 0.486328125
2 0.71953125 0.4482421875 0.7546875 0.4482421875 0.71953125 0.46875 0.7546875 0.46875
2 0.17578125 0.4501953125 0.225 0.4501953125 0.17578125 0.48046875 0.225 0.48046875
7 0.40390625 0.455078125 0.4140625 0.455078125 0.40390625 0.4912109375 0.4140625 0.4912109375
7 0.44765625 0.455078125 0.45703125 0.455078125 0.44765625 0.4931640625 0.45703125 0.4931640625
7 0.43125 0.45703125 0.44375 0.45703125 0.43125 0.4912109375 0.44375 0.4912109375