4 0.6437908496732027 0.27734375 0.6650326797385621 0.27734375 0.6437908496732027 0.3515625 0.6650326797385621 0.3515625
4 0.6209150326797386 0.296875 0.6372549019607843 0.296875 0.6209150326797386 0.359375 0.6372549019607843 0.359375
4 0.9493464052287581 0.3583984375 0.9607843137254902 0.3583984375 0.9493464052287581 0.38671875 0.9607843137254902 0.38671875
4 0.9624183006535948 0.3720703125 0.9722222222222222 0.3720703125 0.9624183006535948 0.3857421875 0.9722222222222222 0.3857421875
4 0.2630718954248366 0.3046875 0.2785947712418301 0.3046875 0.2630718954248366 0.3232421875 0.2785947712418301 0.3232421875
4 0.28104575163398693 0.279296875 0.29820261437908496 0.279296875 0.28104575163398693 0.3251953125 0.29820261437908496 0.3251953125
4 0.5261437908496732 0.3642578125 0.5326797385620915 0.3642578125 0.5261437908496732 0.3798828125 0.5326797385620915 0.3798828125
4 0.9501633986928104 0.4453125 0.9575163398692811 0.4453125 0.9501633986928104 0.458984375 0.9575163398692811 0.458984375
4 0.25 0.3310546875 0.2581699346405229 0.3310546875 0.25 0.3427734375 0.2581699346405229 0.3427734375
4 0.9852941176470589 0.392578125 0.9934640522875817 0.392578125 0.9852941176470589 0.4111328125 0.9934640522875817 0.4111328125
9 0.6339869281045751 0.42578125 0.6535947712418301 0.42578125 0.6339869281045751 0.474609375 0.6535947712418301 0.474609375
9 0.6160130718954249 0.42578125 0.6290849673202614 0.42578125 0.6160130718954249 0.4599609375 0.6290849673202614 0.4599609375
7 0.0392156862745098 0.345703125 0.08496732026143791 0.345703125 0.0392156862745098 0.50390625 0.08496732026143791 0.50390625
7 0.24754901960784315 0.3583984375 0.272875816993464 0.3583984375 0.24754901960784315 0.4609375 0.272875816993464 0.4609375
7 0.2679738562091503 0.3544921875 0.2957516339869281 0.3544921875 0.2679738562091503 0.4658203125 0.2957516339869281 0.4658203125
7 0.2900326797385621 0.357421875 0.30718954248366015 0.357421875 0.2900326797385621 0.404296875 0.30718954248366015 0.404296875
7 0.30800653594771243 0.3671875 0.3300653594771242 0.3671875 0.30800653594771243 0.408203125 0.3300653594771242 0.408203125
7 0.565359477124183 0.3955078125 0.5882352941176471 0.3955078125 0.565359477124183 0.4775390625 0.5882352941176471 0.4775390625
7 0.7630718954248366 0.4189453125 0.7728758169934641 0.4189453125 0.7630718954248366 0.453125 0.7728758169934641 0.453125
7 0.6527777777777778 0.3955078125 0.6617647058823529 0.3955078125 0.6527777777777778 0.4296875 0.6617647058823529 0.4296875
13 0.6037581699346405 0.3671875 0.6503267973856209 0.3671875 0.6037581699346405 0.443359375 0.6503267973856209 0.443359375
5 0.2769607843137255 0.3955078125 0.3333333333333333 0.3955078125 0.2769607843137255 0.4892578125 0.3333333333333333 0.4892578125
2 0.5547385620915033 0.4072265625 0.5833333333333334 0.4072265625 0.5547385620915033 0.4365234375 0.5833333333333334 0.4365234375
2 0.5155228758169934 0.4052734375 0.5465686274509803 0.4052734375 0.5155228758169934 0.4365234375 0.5465686274509803 0.4365234375
2 0.5392156862745098 0.408203125 0.5563725490196079 0.408203125 0.5392156862745098 0.42578125 0.5563725490196079 0.42578125