9 0.6494140625 0.4921875 0.65869140625 0.4921875 0.6494140625 0.5045572916666666 0.65869140625 0.5045572916666666
9 0.64892578125 0.4869791666666667 0.65869140625 0.4869791666666667 0.64892578125 0.4921875 0.65869140625 0.4921875
7 0.61376953125 0.5071614583333334 0.6318359375 0.5071614583333334 0.61376953125 0.578125 0.6318359375 0.578125
7 0.59912109375 0.5078125 0.61181640625 0.5078125 0.59912109375 0.5709635416666666 0.61181640625 0.5709635416666666
2 0.03271484375 0.5546875 0.19775390625 0.5546875 0.03271484375 0.7447916666666666 0.19775390625 0.7447916666666666
2 0.15966796875 0.5390625 0.3046875 0.5390625 0.15966796875 0.685546875 0.3046875 0.685546875
2 0.27392578125 0.537109375 0.3564453125 0.537109375 0.27392578125 0.650390625 0.3564453125 0.650390625
2 0.3017578125 0.5104166666666666 0.3994140625 0.5104166666666666 0.3017578125 0.6282552083333334 0.3994140625 0.6282552083333334
2 0.38232421875 0.5227864583333334 0.4208984375 0.5227864583333334 0.38232421875 0.6126302083333334 0.4208984375 0.6126302083333334
2 0.4052734375 0.521484375 0.46533203125 0.521484375 0.4052734375 0.5924479166666666 0.46533203125 0.5924479166666666
2 0.4541015625 0.5279947916666666 0.4765625 0.5279947916666666 0.4541015625 0.583984375 0.4765625 0.583984375
2 0.4619140625 0.517578125 0.5068359375 0.517578125 0.4619140625 0.5709635416666666 0.5068359375 0.5709635416666666
2 0.5 0.509765625 0.537109375 0.509765625 0.5 0.552734375 0.537109375 0.552734375
2 0.529296875 0.5104166666666666 0.54345703125 0.5104166666666666 0.529296875 0.5481770833333334 0.54345703125 0.5481770833333334
2 0.70458984375 0.525390625 0.8603515625 0.525390625 0.70458984375 0.6861979166666666 0.8603515625 0.6861979166666666
2 0.68701171875 0.5227864583333334 0.7763671875 0.5227864583333334 0.68701171875 0.6529947916666666 0.7763671875 0.6529947916666666
2 0.6484375 0.5221354166666666 0.70458984375 0.5221354166666666 0.6484375 0.5807291666666666 0.70458984375 0.5807291666666666
2 0.64208984375 0.5123697916666666 0.6865234375 0.5123697916666666 0.64208984375 0.5618489583333334 0.6865234375 0.5618489583333334
2 0.6376953125 0.5110677083333334 0.65380859375 0.5110677083333334 0.6376953125 0.552734375 0.65380859375 0.552734375
2 0.4970703125 0.5169270833333334 0.51513671875 0.5169270833333334 0.4970703125 0.55859375 0.51513671875 0.55859375
10 0.61865234375 0.5729166666666666 0.6279296875 0.5729166666666666 0.61865234375 0.5768229166666666 0.6279296875 0.5768229166666666