0 0.390625 0.478515625 0.40078125 0.478515625 0.390625 0.505859375 0.40078125 0.505859375
2 0.6890625 0.53125 0.90390625 0.53125 0.6890625 0.73046875 0.90390625 0.73046875
2 0.63046875 0.4892578125 0.7765625 0.4892578125 0.63046875 0.6474609375 0.7765625 0.6474609375
2 0.578125 0.474609375 0.68515625 0.474609375 0.578125 0.599609375 0.68515625 0.599609375
2 0.5703125 0.4853515625 0.6046875 0.4853515625 0.5703125 0.5703125 0.6046875 0.5703125
2 0.56328125 0.46875 0.63203125 0.46875 0.56328125 0.560546875 0.63203125 0.560546875
2 0.5390625 0.4599609375 0.59453125 0.4599609375 0.5390625 0.5283203125 0.59453125 0.5283203125
2 0.52734375 0.4609375 0.55390625 0.4609375 0.52734375 0.5185546875 0.55390625 0.5185546875
2 0.52109375 0.4658203125 0.5375 0.4658203125 0.52109375 0.5078125 0.5375 0.5078125
2 0.5171875 0.4599609375 0.5390625 0.4599609375 0.5171875 0.5009765625 0.5390625 0.5009765625
2 0.5125 0.4560546875 0.52734375 0.4560546875 0.5125 0.494140625 0.52734375 0.494140625
2 0.50625 0.455078125 0.5234375 0.455078125 0.50625 0.4892578125 0.5234375 0.4892578125
2 0.49921875 0.455078125 0.51171875 0.455078125 0.49921875 0.482421875 0.51171875 0.482421875
2 0.48984375 0.455078125 0.4953125 0.455078125 0.48984375 0.4658203125 0.4953125 0.4658203125
2 0.45625 0.451171875 0.4796875 0.451171875 0.45625 0.4775390625 0.4796875 0.4775390625
2 0.57265625 0.4453125 0.596875 0.4453125 0.57265625 0.4580078125 0.596875 0.4580078125
2 0.44765625 0.4521484375 0.4515625 0.4521484375 0.44765625 0.462890625 0.4515625 0.462890625
2 0.43671875 0.4521484375 0.44921875 0.4521484375 0.43671875 0.4658203125 0.44921875 0.4658203125
2 0.43515625 0.4521484375 0.446875 0.4521484375 0.43515625 0.4677734375 0.446875 0.4677734375
2 0.41953125 0.4580078125 0.4375 0.4580078125 0.41953125 0.474609375 0.4375 0.474609375
2 0.42265625 0.4541015625 0.43671875 0.4541015625 0.42265625 0.458984375 0.43671875 0.458984375
2 0.4046875 0.4619140625 0.42265625 0.4619140625 0.4046875 0.4833984375 0.42265625 0.4833984375
2 0.390625 0.4638671875 0.41640625 0.4638671875 0.390625 0.48828125 0.41640625 0.48828125
2 0.36171875 0.46875 0.396875 0.46875 0.36171875 0.50390625 0.396875 0.50390625
2 0.27109375 0.4580078125 0.346875 0.4580078125 0.27109375 0.4951171875 0.346875 0.4951171875
2 0.2953125 0.4658203125 0.33671875 0.4658203125 0.2953125 0.50390625 0.33671875 0.50390625
2 0.23984375 0.4658203125 0.27578125 0.4658203125 0.23984375 0.5166015625 0.27578125 0.5166015625
2 0.140625 0.46875 0.24921875 0.46875 0.140625 0.5302734375 0.24921875 0.5302734375
2 0.04140625 0.486328125 0.20859375 0.486328125 0.04140625 0.55859375 0.20859375 0.55859375
2 0 0.4873046875 0.0390625 0.4873046875 0 0.544921875 0.0390625 0.544921875
2 0.00390625 0.4755859375 0.096875 0.4755859375 0.00390625 0.5146484375 0.096875 0.5146484375
2 0.03984375 0.4609375 0.11796875 0.4609375 0.03984375 0.4970703125 0.11796875 0.4970703125
2 0.34296875 0.4609375 0.37109375 0.4609375 0.34296875 0.484375 0.37109375 0.484375
7 0.390625 0.46484375 0.40078125 0.46484375 0.390625 0.5 0.40078125 0.5