4 0.25735294117647056 0.341796875 0.27532679738562094 0.341796875 0.25735294117647056 0.388671875 0.27532679738562094 0.388671875
4 0.15196078431372548 0.2841796875 0.17647058823529413 0.2841796875 0.15196078431372548 0.3544921875 0.17647058823529413 0.3544921875
4 0.3562091503267974 0.400390625 0.36519607843137253 0.400390625 0.3562091503267974 0.42578125 0.36519607843137253 0.42578125
4 0.4084967320261438 0.4501953125 0.41094771241830064 0.4501953125 0.4084967320261438 0.4580078125 0.41094771241830064 0.4580078125
4 0.9534313725490197 0.279296875 0.9861111111111112 0.279296875 0.9534313725490197 0.349609375 0.9861111111111112 0.349609375
4 0.9640522875816994 0.453125 0.9754901960784313 0.453125 0.9640522875816994 0.4873046875 0.9754901960784313 0.4873046875
4 0.8521241830065359 0.42578125 0.8717320261437909 0.42578125 0.8521241830065359 0.443359375 0.8717320261437909 0.443359375
9 0.03676470588235294 0.396484375 0.0988562091503268 0.396484375 0.03676470588235294 0.4287109375 0.0988562091503268 0.4287109375
9 0.058823529411764705 0.3720703125 0.13970588235294118 0.3720703125 0.058823529411764705 0.392578125 0.13970588235294118 0.392578125
9 0.058823529411764705 0.353515625 0.13970588235294118 0.353515625 0.058823529411764705 0.3681640625 0.13970588235294118 0.3681640625
9 0.05800653594771242 0.3349609375 0.13970588235294118 0.3349609375 0.05800653594771242 0.3515625 0.13970588235294118 0.3515625
9 0.058823529411764705 0.30078125 0.1388888888888889 0.30078125 0.058823529411764705 0.33203125 0.1388888888888889 0.33203125
9 0.119281045751634 0.408203125 0.15359477124183007 0.408203125 0.119281045751634 0.4208984375 0.15359477124183007 0.4208984375
9 0.2540849673202614 0.421875 0.2818627450980392 0.421875 0.2540849673202614 0.455078125 0.2818627450980392 0.455078125
9 0.2508169934640523 0.388671875 0.27450980392156865 0.388671875 0.2508169934640523 0.421875 0.27450980392156865 0.421875
9 0.32189542483660133 0.3662109375 0.3790849673202614 0.3662109375 0.32189542483660133 0.4130859375 0.3790849673202614 0.4130859375
9 0.35947712418300654 0.427734375 0.36356209150326796 0.427734375 0.35947712418300654 0.4453125 0.36356209150326796 0.4453125
9 0.3799019607843137 0.4306640625 0.3929738562091503 0.4306640625 0.3799019607843137 0.4462890625 0.3929738562091503 0.4462890625
9 0.6176470588235294 0.4345703125 0.6405228758169934 0.4345703125 0.6176470588235294 0.4453125 0.6405228758169934 0.4453125
9 0.6184640522875817 0.4208984375 0.6397058823529411 0.4208984375 0.6184640522875817 0.431640625 0.6397058823529411 0.431640625
9 0.6184640522875817 0.408203125 0.6397058823529411 0.408203125 0.6184640522875817 0.41796875 0.6397058823529411 0.41796875
9 0.6413398692810458 0.4326171875 0.6854575163398693 0.4326171875 0.6413398692810458 0.4453125 0.6854575163398693 0.4453125
9 0.6405228758169934 0.421875 0.6854575163398693 0.421875 0.6405228758169934 0.4306640625 0.6854575163398693 0.4306640625
9 0.6405228758169934 0.4111328125 0.6854575163398693 0.4111328125 0.6405228758169934 0.4189453125 0.6854575163398693 0.4189453125
9 0.6397058823529411 0.3896484375 0.6862745098039216 0.3896484375 0.6397058823529411 0.408203125 0.6862745098039216 0.408203125
9 0.6968954248366013 0.419921875 0.7132352941176471 0.419921875 0.6968954248366013 0.439453125 0.7132352941176471 0.439453125
9 0.696078431372549 0.412109375 0.7140522875816994 0.412109375 0.696078431372549 0.419921875 0.7140522875816994 0.419921875
9 0.696078431372549 0.4072265625 0.7140522875816994 0.4072265625 0.696078431372549 0.412109375 0.7140522875816994 0.412109375
9 0.6952614379084967 0.384765625 0.7140522875816994 0.384765625 0.6952614379084967 0.4072265625 0.7140522875816994 0.4072265625
9 0.6968954248366013 0.4462890625 0.7009803921568627 0.4462890625 0.6968954248366013 0.4609375 0.7009803921568627 0.4609375
9 0.7401960784313726 0.4619140625 0.7434640522875817 0.4619140625 0.7401960784313726 0.4658203125 0.7434640522875817 0.4658203125
9 0.8676470588235294 0.3876953125 0.8766339869281046 0.3876953125 0.8676470588235294 0.41796875 0.8766339869281046 0.41796875
7 0.6405228758169934 0.4736328125 0.6437908496732027 0.4736328125 0.6405228758169934 0.484375 0.6437908496732027 0.484375
13 0.08333333333333333 0.4443359375 0.18218954248366012 0.4443359375 0.08333333333333333 0.4833984375 0.18218954248366012 0.4833984375
2 0 0.5029296875 0.24428104575163398 0.5029296875 0 0.7783203125 0.24428104575163398 0.7783203125
2 0.1642156862745098 0.4892578125 0.34068627450980393 0.4892578125 0.1642156862745098 0.6318359375 0.34068627450980393 0.6318359375
2 0.3553921568627451 0.5234375 0.7295751633986928 0.5234375 0.3553921568627451 0.876953125 0.7295751633986928 0.876953125
2 0.41911764705882354 0.365234375 0.5955882352941176 0.365234375 0.41911764705882354 0.58203125 0.5955882352941176 0.58203125
2 0.8733660130718954 0.4912109375 0.9991830065359477 0.4912109375 0.8733660130718954 0.6845703125 0.9991830065359477 0.6845703125
2 0.8521241830065359 0.46875 0.9746732026143791 0.46875 0.8521241830065359 0.533203125 0.9746732026143791 0.533203125
2 0.5915032679738562 0.4794921875 0.6740196078431373 0.4794921875 0.5915032679738562 0.53125 0.6740196078431373 0.53125
2 0.3194444444444444 0.4775390625 0.4223856209150327 0.4775390625 0.3194444444444444 0.5341796875 0.4223856209150327 0.5341796875
2 0.37254901960784315 0.470703125 0.42320261437908496 0.470703125 0.37254901960784315 0.501953125 0.42320261437908496 0.501953125
2 0.17647058823529413 0.4482421875 0.3202614379084967 0.4482421875 0.17647058823529413 0.5166015625 0.3202614379084967 0.5166015625
2 0 0.45703125 0.12663398692810457 0.45703125 0 0.5068359375 0.12663398692810457 0.5068359375
2 0.12581699346405228 0.4677734375 0.16176470588235295 0.4677734375 0.12581699346405228 0.5029296875 0.16176470588235295 0.5029296875
2 0.2042483660130719 0.2958984375 0.26143790849673204 0.2958984375 0.2042483660130719 0.310546875 0.26143790849673204 0.310546875