7 0.90546875 0.3984375 0.946875 0.3984375 0.90546875 0.5341796875 0.946875 0.5341796875
7 0.85703125 0.396484375 0.8984375 0.396484375 0.85703125 0.53515625 0.8984375 0.53515625
7 0.796875 0.3984375 0.85078125 0.3984375 0.796875 0.546875 0.85078125 0.546875
2 0.5421875 0.4208984375 0.78046875 0.4208984375 0.5421875 0.5380859375 0.78046875 0.5380859375
2 0.0640625 0.4580078125 0.1921875 0.4580078125 0.0640625 0.6015625 0.1921875 0.6015625
2 0.028125 0.41796875 0.1171875 0.41796875 0.028125 0.5185546875 0.1171875 0.5185546875
2 0.17890625 0.419921875 0.23671875 0.419921875 0.17890625 0.4833984375 0.23671875 0.4833984375
2 0.36015625 0.4345703125 0.44296875 0.4345703125 0.36015625 0.5185546875 0.44296875 0.5185546875
2 0.109375 0.4130859375 0.16171875 0.4130859375 0.109375 0.4580078125 0.16171875 0.4580078125
2 0.2546875 0.41796875 0.275 0.41796875 0.2546875 0.4404296875 0.275 0.4404296875
2 0.690625 0.3994140625 0.81328125 0.3994140625 0.690625 0.466796875 0.81328125 0.466796875