9 0.6155555555555555 0.384375 0.6322222222222222 0.384375 0.6155555555555555 0.42 0.6322222222222222 0.42
9 0.36777777777777776 0.4225 0.375 0.4225 0.36777777777777776 0.43375 0.375 0.43375
2 0.5566666666666666 0.445625 0.6177777777777778 0.445625 0.5566666666666666 0.50125 0.6177777777777778 0.50125
2 0.20277777777777778 0.445625 0.3061111111111111 0.445625 0.20277777777777778 0.524375 0.3061111111111111 0.524375
2 0.3827777777777778 0.454375 0.4127777777777778 0.454375 0.3827777777777778 0.47875 0.4127777777777778 0.47875
2 0.39611111111111114 0.44875 0.42 0.44875 0.39611111111111114 0.475 0.42 0.475
2 0.4666666666666667 0.43 0.48055555555555557 0.43 0.4666666666666667 0.44375 0.48055555555555557 0.44375
2 0.43944444444444447 0.4375 0.4633333333333333 0.4375 0.43944444444444447 0.450625 0.4633333333333333 0.450625
2 0.47944444444444445 0.410625 0.4888888888888889 0.410625 0.47944444444444445 0.420625 0.4888888888888889 0.420625
2 0.4666666666666667 0.411875 0.475 0.411875 0.4666666666666667 0.42 0.475 0.42
2 0.4861111111111111 0.4 0.4938888888888889 0.4 0.4861111111111111 0.4075 0.4938888888888889 0.4075
2 0.47 0.406875 0.4761111111111111 0.406875 0.47 0.414375 0.4761111111111111 0.414375
2 0.4722222222222222 0.4025 0.47944444444444445 0.4025 0.4722222222222222 0.41 0.47944444444444445 0.41
2 0.45055555555555554 0.41375 0.4683333333333333 0.41375 0.45055555555555554 0.435625 0.4683333333333333 0.435625