4 0.55078125 0.3899739583333333 0.56298828125 0.3899739583333333 0.55078125 0.4140625 0.56298828125 0.4140625
4 0.4658203125 0.4466145833333333 0.478515625 0.4466145833333333 0.4658203125 0.4713541666666667 0.478515625 0.4713541666666667
4 0.62744140625 0.451171875 0.64013671875 0.451171875 0.62744140625 0.4752604166666667 0.64013671875 0.4752604166666667
4 0.65087890625 0.423828125 0.6650390625 0.423828125 0.65087890625 0.4518229166666667 0.6650390625 0.4518229166666667
9 0.61181640625 0.5 0.6171875 0.5 0.61181640625 0.5104166666666666 0.6171875 0.5104166666666666
9 0.71826171875 0.4446614583333333 0.732421875 0.4446614583333333 0.71826171875 0.4700520833333333 0.732421875 0.4700520833333333
7 0.0712890625 0.4915364583333333 0.087890625 0.4915364583333333 0.0712890625 0.5735677083333334 0.087890625 0.5735677083333334
7 0.0478515625 0.4817708333333333 0.08056640625 0.4817708333333333 0.0478515625 0.63671875 0.08056640625 0.63671875
7 0.3134765625 0.5032552083333334 0.328125 0.5032552083333334 0.3134765625 0.5572916666666666 0.328125 0.5572916666666666
7 0.54443359375 0.5006510416666666 0.56591796875 0.5006510416666666 0.54443359375 0.58203125 0.56591796875 0.58203125
7 0.51904296875 0.5123697916666666 0.52734375 0.5123697916666666 0.51904296875 0.5494791666666666 0.52734375 0.5494791666666666
7 0.5302734375 0.5123697916666666 0.54443359375 0.5123697916666666 0.5302734375 0.580078125 0.54443359375 0.580078125
7 0.83544921875 0.5065104166666666 0.8583984375 0.5065104166666666 0.83544921875 0.5403645833333334 0.8583984375 0.5403645833333334
7 0.85888671875 0.5110677083333334 0.87939453125 0.5110677083333334 0.85888671875 0.5475260416666666 0.87939453125 0.5475260416666666
7 0.75341796875 0.5162760416666666 0.76318359375 0.5162760416666666 0.75341796875 0.5442708333333334 0.76318359375 0.5442708333333334
7 0.76708984375 0.5162760416666666 0.7783203125 0.5162760416666666 0.76708984375 0.5325520833333334 0.7783203125 0.5325520833333334
0 0.09033203125 0.5462239583333334 0.14697265625 0.5462239583333334 0.09033203125 0.6686197916666666 0.14697265625 0.6686197916666666
0 0.21337890625 0.5188802083333334 0.2490234375 0.5188802083333334 0.21337890625 0.6158854166666666 0.2490234375 0.6158854166666666
0 0.25244140625 0.5260416666666666 0.28369140625 0.5260416666666666 0.25244140625 0.6009114583333334 0.28369140625 0.6009114583333334
0 0.2822265625 0.537109375 0.34912109375 0.537109375 0.2822265625 0.6061197916666666 0.34912109375 0.6061197916666666
0 0.35107421875 0.5384114583333334 0.38134765625 0.5384114583333334 0.35107421875 0.6315104166666666 0.38134765625 0.6315104166666666
2 0.43115234375 0.51171875 0.515625 0.51171875 0.43115234375 0.5598958333333334 0.515625 0.5598958333333334
2 0.59228515625 0.5234375 0.60595703125 0.5234375 0.59228515625 0.5416666666666666 0.60595703125 0.5416666666666666
2 0.716796875 0.5319010416666666 0.8916015625 0.5319010416666666 0.716796875 0.7252604166666666 0.8916015625 0.7252604166666666
2 0.8115234375 0.5110677083333334 0.96728515625 0.5110677083333334 0.8115234375 0.9537760416666666 0.96728515625 0.9537760416666666
7 0.35205078125 0.5045572916666666 0.38232421875 0.5045572916666666 0.35205078125 0.6145833333333334 0.38232421875 0.6145833333333334