4 0.5808823529411765 0.31640625 0.6004901960784313 0.31640625 0.5808823529411765 0.3779296875 0.6004901960784313 0.3779296875
4 0.6821895424836601 0.423828125 0.6919934640522876 0.423828125 0.6821895424836601 0.4462890625 0.6919934640522876 0.4462890625
4 0.6919934640522876 0.423828125 0.6968954248366013 0.423828125 0.6919934640522876 0.443359375 0.6968954248366013 0.443359375
4 0.5784313725490197 0.458984375 0.5906862745098039 0.458984375 0.5784313725490197 0.490234375 0.5906862745098039 0.490234375
4 0.2581699346405229 0.390625 0.2679738562091503 0.390625 0.2581699346405229 0.4169921875 0.2679738562091503 0.4169921875
9 0.5629084967320261 0.3486328125 0.5735294117647058 0.3486328125 0.5629084967320261 0.359375 0.5735294117647058 0.359375
9 0.5531045751633987 0.357421875 0.5751633986928104 0.357421875 0.5531045751633987 0.3759765625 0.5751633986928104 0.3759765625
9 0.553921568627451 0.3740234375 0.5751633986928104 0.3740234375 0.553921568627451 0.3896484375 0.5751633986928104 0.3896484375
9 0.5522875816993464 0.3876953125 0.5751633986928104 0.3876953125 0.5522875816993464 0.4228515625 0.5751633986928104 0.4228515625
9 0.5514705882352942 0.421875 0.5751633986928104 0.421875 0.5514705882352942 0.4375 0.5751633986928104 0.4375
9 0.6862745098039216 0.4462890625 0.6928104575163399 0.4462890625 0.6862745098039216 0.4619140625 0.6928104575163399 0.4619140625
9 0.701797385620915 0.4267578125 0.7303921568627451 0.4267578125 0.701797385620915 0.4423828125 0.7303921568627451 0.4423828125
9 0.7009803921568627 0.4443359375 0.7295751633986928 0.4443359375 0.7009803921568627 0.4580078125 0.7295751633986928 0.4580078125
9 0.5833333333333334 0.4423828125 0.5931372549019608 0.4423828125 0.5833333333333334 0.4541015625 0.5931372549019608 0.4541015625
9 0.44607843137254904 0.4541015625 0.4591503267973856 0.4541015625 0.44607843137254904 0.4697265625 0.4591503267973856 0.4697265625
9 0.26062091503267976 0.419921875 0.2704248366013072 0.419921875 0.26062091503267976 0.4404296875 0.2704248366013072 0.4404296875
9 0.25735294117647056 0.4462890625 0.27450980392156865 0.4462890625 0.25735294117647056 0.45703125 0.27450980392156865 0.45703125
9 0.15931372549019607 0.4052734375 0.17973856209150327 0.4052734375 0.15931372549019607 0.4228515625 0.17973856209150327 0.4228515625
9 0.3341503267973856 0.40234375 0.3415032679738562 0.40234375 0.3341503267973856 0.4111328125 0.3415032679738562 0.4111328125
9 0.3341503267973856 0.4130859375 0.34068627450980393 0.4130859375 0.3341503267973856 0.4287109375 0.34068627450980393 0.4287109375
9 0.3333333333333333 0.4296875 0.34068627450980393 0.4296875 0.3333333333333333 0.4404296875 0.34068627450980393 0.4404296875
9 0.3333333333333333 0.44140625 0.34068627450980393 0.44140625 0.3333333333333333 0.451171875 0.34068627450980393 0.451171875
9 0.28104575163398693 0.416015625 0.2883986928104575 0.416015625 0.28104575163398693 0.427734375 0.2883986928104575 0.427734375
9 0.28104575163398693 0.40625 0.2883986928104575 0.40625 0.28104575163398693 0.416015625 0.2883986928104575 0.416015625
9 0.2818627450980392 0.396484375 0.2900326797385621 0.396484375 0.2818627450980392 0.40625 0.2900326797385621 0.40625
9 0.2818627450980392 0.3916015625 0.2883986928104575 0.3916015625 0.2818627450980392 0.396484375 0.2883986928104575 0.396484375
9 0.13071895424836602 0.439453125 0.1380718954248366 0.439453125 0.13071895424836602 0.451171875 0.1380718954248366 0.451171875
7 0.20669934640522875 0.453125 0.24101307189542484 0.453125 0.20669934640522875 0.5712890625 0.24101307189542484 0.5712890625
7 0.09803921568627451 0.4453125 0.12908496732026145 0.4453125 0.09803921568627451 0.556640625 0.12908496732026145 0.556640625
7 0.058823529411764705 0.4462890625 0.07434640522875817 0.4462890625 0.058823529411764705 0.5 0.07434640522875817 0.5
13 0.8308823529411765 0.451171875 0.9950980392156863 0.451171875 0.8308823529411765 0.5048828125 0.9950980392156863 0.5048828125
13 0.37254901960784315 0.42578125 0.44281045751633985 0.42578125 0.37254901960784315 0.4873046875 0.44281045751633985 0.4873046875
5 0.07026143790849673 0.470703125 0.1380718954248366 0.470703125 0.07026143790849673 0.515625 0.1380718954248366 0.515625
2 0.5702614379084967 0.4609375 0.6936274509803921 0.4609375 0.5702614379084967 0.5244140625 0.6936274509803921 0.5244140625
2 0.5400326797385621 0.4697265625 0.5735294117647058 0.4697265625 0.5400326797385621 0.5068359375 0.5735294117647058 0.5068359375
2 0.4444444444444444 0.462890625 0.5326797385620915 0.462890625 0.4444444444444444 0.5087890625 0.5326797385620915 0.5087890625
2 0.32516339869281047 0.462890625 0.4264705882352941 0.462890625 0.32516339869281047 0.5126953125 0.4264705882352941 0.5126953125
2 0.4035947712418301 0.486328125 0.5171568627450981 0.486328125 0.4035947712418301 0.5654296875 0.5171568627450981 0.5654296875
2 0.27369281045751637 0.5068359375 0.545751633986928 0.5068359375 0.27369281045751637 0.7822265625 0.545751633986928 0.7822265625
2 0 0.4619140625 0.031862745098039214 0.4619140625 0 0.501953125 0.031862745098039214 0.501953125
2 0.2638888888888889 0.4599609375 0.31209150326797386 0.4599609375 0.2638888888888889 0.4921875 0.31209150326797386 0.4921875
7 0.09313725490196079 0.4482421875 0.1119281045751634 0.4482421875 0.09313725490196079 0.4873046875 0.1119281045751634 0.4873046875