4 0.5 0.45 0.5022222222222222 0.45 0.5 0.454375 0.5022222222222222 0.454375
4 0.4861111111111111 0.448125 0.48833333333333334 0.448125 0.4861111111111111 0.453125 0.48833333333333334 0.453125
4 0.48833333333333334 0.45 0.49 0.45 0.48833333333333334 0.45375 0.49 0.45375
9 0.6994444444444444 0.433125 0.7077777777777777 0.433125 0.6994444444444444 0.44 0.7077777777777777 0.44
9 0.6988888888888889 0.418125 0.7077777777777777 0.418125 0.6988888888888889 0.433125 0.7077777777777777 0.433125
9 0.6822222222222222 0.439375 0.6888888888888889 0.439375 0.6822222222222222 0.448125 0.6888888888888889 0.448125
9 0.6244444444444445 0.4325 0.6355555555555555 0.4325 0.6244444444444445 0.44625 0.6355555555555555 0.44625
9 0.5938888888888889 0.441875 0.6044444444444445 0.441875 0.5938888888888889 0.445 0.6044444444444445 0.445
9 0.5772222222222222 0.446875 0.5844444444444444 0.446875 0.5772222222222222 0.4525 0.5844444444444444 0.4525
9 0.5622222222222222 0.445625 0.5661111111111111 0.445625 0.5622222222222222 0.454375 0.5661111111111111 0.454375
9 0.5366666666666666 0.4525 0.5394444444444444 0.4525 0.5366666666666666 0.4575 0.5394444444444444 0.4575
9 0.42277777777777775 0.455 0.42777777777777776 0.455 0.42277777777777775 0.460625 0.42777777777777776 0.460625
2 0.5455555555555556 0.46 0.595 0.46 0.5455555555555556 0.5 0.595 0.5
2 0.5105555555555555 0.459375 0.5233333333333333 0.459375 0.5105555555555555 0.47375 0.5233333333333333 0.47375
2 0.5061111111111111 0.46625 0.5111111111111111 0.46625 0.5061111111111111 0.473125 0.5111111111111111 0.473125
2 0.49166666666666664 0.460625 0.5022222222222222 0.460625 0.49166666666666664 0.474375 0.5022222222222222 0.474375
2 0.44722222222222224 0.46375 0.4588888888888889 0.46375 0.44722222222222224 0.47375 0.4588888888888889 0.47375