1 0.7344771241830066 0.35546875 0.8668300653594772 0.35546875 0.7344771241830066 0.46875 0.8668300653594772 0.46875
1 0.494281045751634 0.3603515625 0.5359477124183006 0.3603515625 0.494281045751634 0.427734375 0.5359477124183006 0.427734375
9 0.4117647058823529 0.353515625 0.4338235294117647 0.353515625 0.4117647058823529 0.3740234375 0.4338235294117647 0.3740234375
9 0.352124183006536 0.3359375 0.3684640522875817 0.3359375 0.352124183006536 0.3515625 0.3684640522875817 0.3515625
9 0.3366013071895425 0.3251953125 0.3480392156862745 0.3251953125 0.3366013071895425 0.33984375 0.3480392156862745 0.33984375
9 0.45179738562091504 0.3603515625 0.4714052287581699 0.3603515625 0.45179738562091504 0.384765625 0.4714052287581699 0.384765625
2 0.4820261437908497 0.388671875 0.49754901960784315 0.388671875 0.4820261437908497 0.4111328125 0.49754901960784315 0.4111328125
2 0.46405228758169936 0.388671875 0.4852941176470588 0.388671875 0.46405228758169936 0.4267578125 0.4852941176470588 0.4267578125
2 0.41748366013071897 0.388671875 0.4722222222222222 0.388671875 0.41748366013071897 0.4423828125 0.4722222222222222 0.4423828125
2 0.5343137254901961 0.3974609375 0.5514705882352942 0.3974609375 0.5343137254901961 0.4189453125 0.5514705882352942 0.4189453125
2 0.5498366013071896 0.3984375 0.5882352941176471 0.3984375 0.5498366013071896 0.4365234375 0.5882352941176471 0.4365234375
2 0.5939542483660131 0.40625 0.6094771241830066 0.40625 0.5939542483660131 0.419921875 0.6094771241830066 0.419921875
2 0.6078431372549019 0.40234375 0.6233660130718954 0.40234375 0.6078431372549019 0.41796875 0.6233660130718954 0.41796875
2 0.6143790849673203 0.4072265625 0.6421568627450981 0.4072265625 0.6143790849673203 0.4306640625 0.6421568627450981 0.4306640625
2 0.6225490196078431 0.3974609375 0.6413398692810458 0.3974609375 0.6225490196078431 0.416015625 0.6413398692810458 0.416015625
2 0.6446078431372549 0.3994140625 0.690359477124183 0.3994140625 0.6446078431372549 0.44140625 0.690359477124183 0.44140625
2 0.704248366013072 0.41015625 0.7352941176470589 0.41015625 0.704248366013072 0.4404296875 0.7352941176470589 0.4404296875
2 0.9166666666666666 0.4072265625 0.9991830065359477 0.4072265625 0.9166666666666666 0.4921875 0.9991830065359477 0.4921875