0 0.9633333333333334 0.511875 0.9994444444444445 0.511875 0.9633333333333334 0.585 0.9994444444444445 0.585
0 0.44722222222222224 0.468125 0.6044444444444445 0.468125 0.44722222222222224 0.585625 0.6044444444444445 0.585625
0 0.3283333333333333 0.46625 0.35444444444444445 0.46625 0.3283333333333333 0.515625 0.35444444444444445 0.515625
0 0.30833333333333335 0.4725 0.3244444444444444 0.4725 0.30833333333333335 0.5125 0.3244444444444444 0.5125
0 0.2577777777777778 0.48625 0.31055555555555553 0.48625 0.2577777777777778 0.5725 0.31055555555555553 0.5725
0 0.24222222222222223 0.47875 0.2633333333333333 0.47875 0.24222222222222223 0.53375 0.2633333333333333 0.53375
2 0.5372222222222223 0.440625 0.6061111111111112 0.440625 0.5372222222222223 0.504375 0.6061111111111112 0.504375
2 0.5222222222222223 0.453125 0.5466666666666666 0.453125 0.5222222222222223 0.49375 0.5466666666666666 0.49375
2 0.45444444444444443 0.460625 0.4688888888888889 0.460625 0.45444444444444443 0.474375 0.4688888888888889 0.474375
2 0.4255555555555556 0.455 0.4483333333333333 0.455 0.4255555555555556 0.479375 0.4483333333333333 0.479375
2 0.39166666666666666 0.455 0.4311111111111111 0.455 0.39166666666666666 0.486875 0.4311111111111111 0.486875
2 0.36777777777777776 0.456875 0.39166666666666666 0.456875 0.36777777777777776 0.4825 0.39166666666666666 0.4825
2 0.35333333333333333 0.45875 0.37555555555555553 0.45875 0.35333333333333333 0.485625 0.37555555555555553 0.485625
2 0.20944444444444443 0.439375 0.28055555555555556 0.439375 0.20944444444444443 0.51 0.28055555555555556 0.51
2 0 0.449375 0.16444444444444445 0.449375 0 0.546875 0.16444444444444445 0.546875
7 0.47944444444444445 0.406875 0.5611111111111111 0.406875 0.47944444444444445 0.569375 0.5611111111111111 0.569375
7 0.33055555555555555 0.433125 0.35555555555555557 0.433125 0.33055555555555555 0.50375 0.35555555555555557 0.50375
7 0.30722222222222223 0.443125 0.3244444444444444 0.443125 0.30722222222222223 0.504375 0.3244444444444444 0.504375
7 0.26555555555555554 0.425 0.31222222222222223 0.425 0.26555555555555554 0.558125 0.31222222222222223 0.558125
7 0.24 0.4475 0.2644444444444444 0.4475 0.24 0.526875 0.2644444444444444 0.526875