9 0.8333333333333334 0.35875 0.8566666666666667 0.35875 0.8333333333333334 0.405625 0.8566666666666667 0.405625
9 0.1622222222222222 0.43375 0.22 0.43375 0.1622222222222222 0.443125 0.22 0.443125
9 0.8733333333333333 0.405 0.8788888888888889 0.405 0.8733333333333333 0.41625 0.8788888888888889 0.41625
9 0.8711111111111111 0.393125 0.8766666666666667 0.393125 0.8711111111111111 0.405 0.8766666666666667 0.405
9 0.5305555555555556 0.406875 0.5394444444444444 0.406875 0.5305555555555556 0.420625 0.5394444444444444 0.420625
2 0.013333333333333334 0.453125 0.09055555555555556 0.453125 0.013333333333333334 0.4975 0.09055555555555556 0.4975
2 0.21222222222222223 0.43375 0.3288888888888889 0.43375 0.21222222222222223 0.5075 0.3288888888888889 0.5075
2 0.5088888888888888 0.425 0.5855555555555556 0.425 0.5088888888888888 0.494375 0.5855555555555556 0.494375
2 0.9088888888888889 0.42375 0.9494444444444444 0.42375 0.9088888888888889 0.455625 0.9494444444444444 0.455625
2 0.7961111111111111 0.418125 0.8238888888888889 0.418125 0.7961111111111111 0.446875 0.8238888888888889 0.446875
2 0.6461111111111111 0.4275 0.6833333333333333 0.4275 0.6461111111111111 0.444375 0.6833333333333333 0.444375
2 0.9338888888888889 0.41 0.9472222222222222 0.41 0.9338888888888889 0.418125 0.9472222222222222 0.418125
2 0.4211111111111111 0.44125 0.4633333333333333 0.44125 0.4211111111111111 0.45875 0.4633333333333333 0.45875
2 0 0.46875 0.034444444444444444 0.46875 0 0.499375 0.034444444444444444 0.499375