4 0.5122222222222222 0.43125 0.5166666666666667 0.43125 0.5122222222222222 0.4375 0.5166666666666667 0.4375
4 0.5172222222222222 0.424375 0.5227777777777778 0.424375 0.5172222222222222 0.438125 0.5227777777777778 0.438125
4 0.4683333333333333 0.393125 0.47444444444444445 0.393125 0.4683333333333333 0.408125 0.47444444444444445 0.408125
4 0.47555555555555556 0.4075 0.48 0.4075 0.47555555555555556 0.419375 0.48 0.419375
4 0.43666666666666665 0.431875 0.44055555555555553 0.431875 0.43666666666666665 0.4425 0.44055555555555553 0.4425
9 0.9716666666666667 0.2825 0.9988888888888889 0.2825 0.9716666666666667 0.335 0.9988888888888889 0.335
7 0.8833333333333333 0.41875 0.9166666666666666 0.41875 0.8833333333333333 0.5325 0.9166666666666666 0.5325
7 0.845 0.435 0.88 0.435 0.845 0.5325 0.88 0.5325
7 0.4438888888888889 0.45625 0.45 0.45625 0.4438888888888889 0.475 0.45 0.475
7 0.5011111111111111 0.4575 0.5072222222222222 0.4575 0.5011111111111111 0.476875 0.5072222222222222 0.476875
7 0.07777777777777778 0.43375 0.10388888888888889 0.43375 0.07777777777777778 0.484375 0.10388888888888889 0.484375
7 0.3383333333333333 0.446875 0.3511111111111111 0.446875 0.3383333333333333 0.484375 0.3511111111111111 0.484375
0 0.4438888888888889 0.464375 0.45055555555555554 0.464375 0.4438888888888889 0.4775 0.45055555555555554 0.4775
0 0.42 0.464375 0.4272222222222222 0.464375 0.42 0.48375 0.4272222222222222 0.48375
0 0.4 0.465625 0.41388888888888886 0.465625 0.4 0.498125 0.41388888888888886 0.498125
0 0.38 0.46625 0.39444444444444443 0.46625 0.38 0.48125 0.39444444444444443 0.48125
0 0.0011111111111111111 0.4675 0.045 0.4675 0.0011111111111111111 0.5575 0.045 0.5575
0 0.02666666666666667 0.459375 0.07722222222222222 0.459375 0.02666666666666667 0.559375 0.07722222222222222 0.559375
0 0.05444444444444444 0.465625 0.08777777777777777 0.465625 0.05444444444444444 0.559375 0.08777777777777777 0.559375
0 0.07777777777777778 0.49625 0.14666666666666667 0.49625 0.07777777777777778 0.610625 0.14666666666666667 0.610625
0 0.1438888888888889 0.455625 0.1738888888888889 0.455625 0.1438888888888889 0.53375 0.1738888888888889 0.53375
0 0.21833333333333332 0.465625 0.24555555555555555 0.465625 0.21833333333333332 0.5225 0.24555555555555555 0.5225
0 0.2 0.44875 0.22944444444444445 0.44875 0.2 0.520625 0.22944444444444445 0.520625
0 0.17333333333333334 0.463125 0.205 0.463125 0.17333333333333334 0.526875 0.205 0.526875
0 0.31333333333333335 0.4675 0.33611111111111114 0.4675 0.31333333333333335 0.500625 0.33611111111111114 0.500625
0 0.29888888888888887 0.463125 0.3227777777777778 0.463125 0.29888888888888887 0.5025 0.3227777777777778 0.5025
0 0.29 0.463125 0.31 0.463125 0.29 0.500625 0.31 0.500625
2 0.5194444444444445 0.454375 0.5416666666666666 0.454375 0.5194444444444445 0.485625 0.5416666666666666 0.485625
2 0.5266666666666666 0.455625 0.5633333333333334 0.455625 0.5266666666666666 0.489375 0.5633333333333334 0.489375
2 0.5472222222222223 0.45375 0.5961111111111111 0.45375 0.5472222222222223 0.51625 0.5961111111111111 0.51625
2 0.575 0.446875 0.6572222222222223 0.446875 0.575 0.536875 0.6572222222222223 0.536875
2 0.6266666666666667 0.43875 0.7983333333333333 0.43875 0.6266666666666667 0.576875 0.7983333333333333 0.576875
2 0.4638888888888889 0.45625 0.5 0.45625 0.4638888888888889 0.485625 0.5 0.485625
7 0.42055555555555557 0.455 0.4272222222222222 0.455 0.42055555555555557 0.478125 0.4272222222222222 0.478125
7 0.40055555555555555 0.44625 0.41388888888888886 0.44625 0.40055555555555555 0.493125 0.41388888888888886 0.493125
7 0.07944444444444444 0.419375 0.145 0.419375 0.07944444444444444 0.586875 0.145 0.586875
7 0.18444444444444444 0.435 0.20222222222222222 0.435 0.18444444444444444 0.498125 0.20222222222222222 0.498125