9 0.71875 0.40625 0.728125 0.40625 0.71875 0.44140625 0.728125 0.44140625
9 0.80703125 0.375 0.83125 0.375 0.80703125 0.390625 0.83125 0.390625
9 0.7875 0.2978515625 0.8484375 0.2978515625 0.7875 0.3740234375 0.8484375 0.3740234375
9 0.12109375 0.4482421875 0.13203125 0.4482421875 0.12109375 0.455078125 0.13203125 0.455078125
9 0.11328125 0.41796875 0.1390625 0.41796875 0.11328125 0.4482421875 0.1390625 0.4482421875
7 0.09765625 0.4931640625 0.115625 0.4931640625 0.09765625 0.556640625 0.115625 0.556640625
7 0.12109375 0.490234375 0.14140625 0.490234375 0.12109375 0.5556640625 0.14140625 0.5556640625
7 0.528125 0.4541015625 0.53984375 0.4541015625 0.528125 0.4873046875 0.53984375 0.4873046875
7 0.5703125 0.453125 0.58515625 0.453125 0.5703125 0.4853515625 0.58515625 0.4853515625
7 0.6609375 0.4521484375 0.68203125 0.4521484375 0.6609375 0.5146484375 0.68203125 0.5146484375
7 0.684375 0.4541015625 0.70546875 0.4541015625 0.684375 0.529296875 0.70546875 0.529296875
7 0.6328125 0.4599609375 0.6609375 0.4599609375 0.6328125 0.533203125 0.6609375 0.533203125
0 0.9296875 0.5205078125 0.99921875 0.5205078125 0.9296875 0.623046875 0.99921875 0.623046875
2 0.278125 0.4833984375 0.29296875 0.4833984375 0.278125 0.50390625 0.29296875 0.50390625
2 0.28671875 0.486328125 0.30078125 0.486328125 0.28671875 0.5068359375 0.30078125 0.5068359375
2 0.29453125 0.4873046875 0.30546875 0.4873046875 0.29453125 0.5087890625 0.30546875 0.5087890625
2 0.29921875 0.4814453125 0.31796875 0.4814453125 0.29921875 0.5087890625 0.31796875 0.5087890625
2 0.309375 0.482421875 0.3328125 0.482421875 0.309375 0.5126953125 0.3328125 0.5126953125
2 0.2265625 0.4853515625 0.24765625 0.4853515625 0.2265625 0.5126953125 0.24765625 0.5126953125
2 0.1796875 0.4775390625 0.21796875 0.4775390625 0.1796875 0.515625 0.21796875 0.515625
2 0.15625 0.48046875 0.2140625 0.48046875 0.15625 0.5458984375 0.2140625 0.5458984375
2 0.328125 0.482421875 0.3546875 0.482421875 0.328125 0.515625 0.3546875 0.515625
2 0.3390625 0.490234375 0.35390625 0.490234375 0.3390625 0.51953125 0.35390625 0.51953125
2 0.3484375 0.4765625 0.3890625 0.4765625 0.3484375 0.5234375 0.3890625 0.5234375
2 0.36015625 0.486328125 0.38046875 0.486328125 0.36015625 0.52734375 0.38046875 0.52734375
2 0.36875 0.4853515625 0.4203125 0.4853515625 0.36875 0.5341796875 0.4203125 0.5341796875
2 0.23515625 0.486328125 0.28671875 0.486328125 0.23515625 0.529296875 0.28671875 0.529296875
2 0.23671875 0.5087890625 0.33828125 0.5087890625 0.23671875 0.5927734375 0.33828125 0.5927734375
2 0.84453125 0.484375 0.984375 0.484375 0.84453125 0.55859375 0.984375 0.55859375
2 0.68203125 0.4599609375 0.76328125 0.4599609375 0.68203125 0.51171875 0.76328125 0.51171875
2 0.58671875 0.4609375 0.66171875 0.4609375 0.58671875 0.5029296875 0.66171875 0.5029296875
2 0.48984375 0.482421875 0.62734375 0.482421875 0.48984375 0.5419921875 0.62734375 0.5419921875