9 0.74 0.184375 0.7561111111111111 0.184375 0.74 0.261875 0.7561111111111111 0.261875
9 0.04388888888888889 0.395 0.06166666666666667 0.395 0.04388888888888889 0.410625 0.06166666666666667 0.410625
7 0.11611111111111111 0.44 0.13277777777777777 0.44 0.11611111111111111 0.48625 0.13277777777777777 0.48625
7 0.16777777777777778 0.453125 0.17888888888888888 0.453125 0.16777777777777778 0.48875 0.17888888888888888 0.48875
7 0.17888888888888888 0.443125 0.19055555555555556 0.443125 0.17888888888888888 0.489375 0.19055555555555556 0.489375
7 0.19055555555555556 0.439375 0.20333333333333334 0.439375 0.19055555555555556 0.489375 0.20333333333333334 0.489375
7 0.22166666666666668 0.42375 0.25055555555555553 0.42375 0.22166666666666668 0.516875 0.25055555555555553 0.516875
7 0.24555555555555555 0.43125 0.27 0.43125 0.24555555555555555 0.515625 0.27 0.515625
7 0.27444444444444444 0.451875 0.2961111111111111 0.451875 0.27444444444444444 0.5125 0.2961111111111111 0.5125
7 0.29833333333333334 0.418125 0.32611111111111113 0.418125 0.29833333333333334 0.518125 0.32611111111111113 0.518125
7 0.32722222222222225 0.445 0.3416666666666667 0.445 0.32722222222222225 0.488125 0.3416666666666667 0.488125
7 0.34944444444444445 0.4475 0.37833333333333335 0.4475 0.34944444444444445 0.520625 0.37833333333333335 0.520625
7 0.3761111111111111 0.4475 0.4 0.4475 0.3761111111111111 0.519375 0.4 0.519375
7 0.3894444444444444 0.446875 0.42388888888888887 0.446875 0.3894444444444444 0.52125 0.42388888888888887 0.52125
7 0.43777777777777777 0.448125 0.4677777777777778 0.448125 0.43777777777777777 0.52 0.4677777777777778 0.52
7 0.5227777777777778 0.43125 0.5438888888888889 0.43125 0.5227777777777778 0.4875 0.5438888888888889 0.4875
7 0.5761111111111111 0.430625 0.6111111111111112 0.430625 0.5761111111111111 0.526875 0.6111111111111112 0.526875
7 0.6066666666666667 0.426875 0.6272222222222222 0.426875 0.6066666666666667 0.52625 0.6272222222222222 0.52625
2 0 0.418125 0.16277777777777777 0.418125 0 0.65625 0.16277777777777777 0.65625