4 0.4256535947712418 0.4716796875 0.43137254901960786 0.4716796875 0.4256535947712418 0.4853515625 0.43137254901960786 0.4853515625
4 0.4934640522875817 0.470703125 0.49836601307189543 0.470703125 0.4934640522875817 0.484375 0.49836601307189543 0.484375
9 0.06862745098039216 0.359375 0.15522875816993464 0.359375 0.06862745098039216 0.376953125 0.15522875816993464 0.376953125
9 0.07026143790849673 0.3798828125 0.1511437908496732 0.3798828125 0.07026143790849673 0.4140625 0.1511437908496732 0.4140625
9 0.12908496732026145 0.4130859375 0.17401960784313725 0.4130859375 0.12908496732026145 0.4638671875 0.17401960784313725 0.4638671875
9 0.26143790849673204 0.421875 0.2761437908496732 0.421875 0.26143790849673204 0.4521484375 0.2761437908496732 0.4521484375
9 0.26143790849673204 0.4521484375 0.27532679738562094 0.4521484375 0.26143790849673204 0.4765625 0.27532679738562094 0.4765625
9 0.3276143790849673 0.4716796875 0.3374183006535948 0.4716796875 0.3276143790849673 0.4833984375 0.3374183006535948 0.4833984375
9 0.3276143790849673 0.482421875 0.3382352941176471 0.482421875 0.3276143790849673 0.48828125 0.3382352941176471 0.48828125
9 0.5555555555555556 0.4892578125 0.565359477124183 0.4892578125 0.5555555555555556 0.5 0.565359477124183 0.5
9 0.5915032679738562 0.4755859375 0.6086601307189542 0.4755859375 0.5915032679738562 0.5 0.6086601307189542 0.5
9 0.5964052287581699 0.5 0.6062091503267973 0.5 0.5964052287581699 0.5048828125 0.6062091503267973 0.5048828125
9 0.6282679738562091 0.48046875 0.6421568627450981 0.48046875 0.6282679738562091 0.4892578125 0.6421568627450981 0.4892578125
9 0.7107843137254902 0.4794921875 0.7263071895424836 0.4794921875 0.7107843137254902 0.4970703125 0.7263071895424836 0.4970703125
7 0.7549019607843137 0.5146484375 0.7704248366013072 0.5146484375 0.7549019607843137 0.5634765625 0.7704248366013072 0.5634765625
7 0.7704248366013072 0.5126953125 0.7834967320261438 0.5126953125 0.7704248366013072 0.56640625 0.7834967320261438 0.56640625
7 0.49754901960784315 0.49609375 0.5065359477124183 0.49609375 0.49754901960784315 0.51953125 0.5065359477124183 0.51953125
0 0.08333333333333333 0.51953125 0.15359477124183007 0.51953125 0.08333333333333333 0.6484375 0.15359477124183007 0.6484375
5 0.004084967320261438 0.52734375 0.13725490196078433 0.52734375 0.004084967320261438 0.6875 0.13725490196078433 0.6875
5 0 0.5458984375 0.08823529411764706 0.5458984375 0 0.703125 0.08823529411764706 0.703125
5 0 0.6298828125 0.03676470588235294 0.6298828125 0 0.7197265625 0.03676470588235294 0.7197265625
2 0.4362745098039216 0.5146484375 0.4918300653594771 0.5146484375 0.4362745098039216 0.5673828125 0.4918300653594771 0.5673828125
2 0.47875816993464054 0.5048828125 0.49264705882352944 0.5048828125 0.47875816993464054 0.517578125 0.49264705882352944 0.517578125
2 0.41094771241830064 0.505859375 0.42892156862745096 0.505859375 0.41094771241830064 0.5263671875 0.42892156862745096 0.5263671875
2 0.38480392156862747 0.5087890625 0.4166666666666667 0.5087890625 0.38480392156862747 0.5361328125 0.4166666666666667 0.5361328125
2 0.35866013071895425 0.5087890625 0.3937908496732026 0.5087890625 0.35866013071895425 0.544921875 0.3937908496732026 0.544921875
2 0.3602941176470588 0.5126953125 0.3872549019607843 0.5126953125 0.3602941176470588 0.5498046875 0.3872549019607843 0.5498046875
2 0.3374183006535948 0.513671875 0.3741830065359477 0.513671875 0.3374183006535948 0.5556640625 0.3741830065359477 0.5556640625
2 0.32189542483660133 0.5146484375 0.3668300653594771 0.5146484375 0.32189542483660133 0.5654296875 0.3668300653594771 0.5654296875
2 0.2867647058823529 0.5205078125 0.35294117647058826 0.5205078125 0.2867647058823529 0.5712890625 0.35294117647058826 0.5712890625
2 0.42401960784313725 0.5029296875 0.44199346405228757 0.5029296875 0.42401960784313725 0.5185546875 0.44199346405228757 0.5185546875
2 0.46405228758169936 0.4970703125 0.4803921568627451 0.4970703125 0.46405228758169936 0.51171875 0.4803921568627451 0.51171875