7 0.7544444444444445 0.48875 0.7622222222222222 0.48875 0.7544444444444445 0.499375 0.7622222222222222 0.499375
7 0.7388888888888889 0.49 0.7483333333333333 0.49 0.7388888888888889 0.5075 0.7483333333333333 0.5075
7 0.675 0.5075 0.6916666666666667 0.5075 0.675 0.5275 0.6916666666666667 0.5275
7 0.6644444444444444 0.50875 0.6738888888888889 0.50875 0.6644444444444444 0.52875 0.6738888888888889 0.52875
7 0.655 0.508125 0.665 0.508125 0.655 0.528125 0.665 0.528125
7 0.36444444444444446 0.471875 0.40055555555555555 0.471875 0.36444444444444446 0.6225 0.40055555555555555 0.6225
7 0.39555555555555555 0.505 0.41388888888888886 0.505 0.39555555555555555 0.584375 0.41388888888888886 0.584375
7 0.4066666666666667 0.465625 0.44 0.465625 0.4066666666666667 0.623125 0.44 0.623125
2 0.4822222222222222 0.51625 0.6627777777777778 0.51625 0.4822222222222222 0.57375 0.6627777777777778 0.57375
2 0.1361111111111111 0.465 0.38555555555555554 0.465 0.1361111111111111 0.63375 0.38555555555555554 0.63375
6 0.3938888888888889 0.49 0.48055555555555557 0.49 0.3938888888888889 0.57875 0.48055555555555557 0.57875
6 0.7094444444444444 0.429375 0.8866666666666667 0.429375 0.7094444444444444 0.491875 0.8866666666666667 0.491875
6 0.5788888888888889 0.43125 0.7105555555555556 0.43125 0.5788888888888889 0.484375 0.7105555555555556 0.484375
6 0.5261111111111111 0.43625 0.6083333333333333 0.43625 0.5261111111111111 0.479375 0.6083333333333333 0.479375
6 0.925 0.438125 0.9994444444444445 0.438125 0.925 0.521875 0.9994444444444445 0.521875
6 0.34055555555555556 0.43375 0.4305555555555556 0.43375 0.34055555555555556 0.469375 0.4305555555555556 0.469375
6 0 0.338125 0.20833333333333334 0.338125 0 0.520625 0.20833333333333334 0.520625
6 0.7288888888888889 0.495625 0.8061111111111111 0.495625 0.7288888888888889 0.531875 0.8061111111111111 0.531875
6 0.47 0.445 0.5494444444444444 0.445 0.47 0.475625 0.5494444444444444 0.475625
6 0.8705555555555555 0.436875 0.9755555555555555 0.436875 0.8705555555555555 0.49625 0.9755555555555555 0.49625