4 0.66845703125 0.5143229166666666 0.67919921875 0.5143229166666666 0.66845703125 0.529296875 0.67919921875 0.529296875
4 0.35302734375 0.5110677083333334 0.36328125 0.5110677083333334 0.35302734375 0.52734375 0.36328125 0.52734375
4 0.4365234375 0.5403645833333334 0.44384765625 0.5403645833333334 0.4365234375 0.5514322916666666 0.44384765625 0.5514322916666666
4 0.578125 0.5462239583333334 0.5859375 0.5462239583333334 0.578125 0.5559895833333334 0.5859375 0.5559895833333334
9 0.73828125 0.4674479166666667 0.77294921875 0.4674479166666667 0.73828125 0.5071614583333334 0.77294921875 0.5071614583333334
7 0.0927734375 0.5579427083333334 0.11376953125 0.5579427083333334 0.0927734375 0.638671875 0.11376953125 0.638671875
7 0.033203125 0.5494791666666666 0.0546875 0.5494791666666666 0.033203125 0.58984375 0.0546875 0.58984375
0 0.63623046875 0.5983072916666666 0.65576171875 0.5983072916666666 0.63623046875 0.64453125 0.65576171875 0.64453125
2 0.4892578125 0.564453125 0.611328125 0.564453125 0.4892578125 0.6901041666666666 0.611328125 0.6901041666666666
2 0.13427734375 0.55859375 0.2548828125 0.55859375 0.13427734375 0.6640625 0.2548828125 0.6640625
2 0.2421875 0.5625 0.31640625 0.5625 0.2421875 0.6432291666666666 0.31640625 0.6432291666666666
2 0.302734375 0.5618489583333334 0.34619140625 0.5618489583333334 0.302734375 0.6321614583333334 0.34619140625 0.6321614583333334
2 0.3330078125 0.5546875 0.38916015625 0.5546875 0.3330078125 0.6236979166666666 0.38916015625 0.6236979166666666
7 0.63525390625 0.5625 0.65869140625 0.5625 0.63525390625 0.6354166666666666 0.65869140625 0.6354166666666666