4 0.01611111111111111 0.32625 0.030555555555555555 0.32625 0.01611111111111111 0.37625 0.030555555555555555 0.37625
4 0.29944444444444446 0.320625 0.31666666666666665 0.320625 0.29944444444444446 0.368125 0.31666666666666665 0.368125
4 0.3372222222222222 0.39375 0.34944444444444445 0.39375 0.3372222222222222 0.416875 0.34944444444444445 0.416875
9 0.795 0.418125 0.8033333333333333 0.418125 0.795 0.434375 0.8033333333333333 0.434375
9 0.007222222222222222 0.39375 0.02277777777777778 0.39375 0.007222222222222222 0.420625 0.02277777777777778 0.420625
9 0.005 0.265625 0.03388888888888889 0.265625 0.005 0.285625 0.03388888888888889 0.285625
9 0.9605555555555556 0.404375 0.9655555555555555 0.404375 0.9605555555555556 0.421875 0.9655555555555555 0.421875
7 0.6344444444444445 0.361875 0.7227777777777777 0.361875 0.6344444444444445 0.65625 0.7227777777777777 0.65625
7 0.7738888888888888 0.43875 0.7972222222222223 0.43875 0.7738888888888888 0.465 0.7972222222222223 0.465
7 0.7261111111111112 0.436875 0.7488888888888889 0.436875 0.7261111111111112 0.480625 0.7488888888888889 0.480625
7 0.59 0.43625 0.6116666666666667 0.43625 0.59 0.50875 0.6116666666666667 0.50875
7 0.5183333333333333 0.385 0.5788888888888889 0.385 0.5183333333333333 0.615625 0.5788888888888889 0.615625
7 0.4583333333333333 0.38375 0.5488888888888889 0.38375 0.4583333333333333 0.65375 0.5488888888888889 0.65375
7 0.4266666666666667 0.399375 0.475 0.399375 0.4266666666666667 0.56625 0.475 0.56625
7 0.35777777777777775 0.38875 0.42333333333333334 0.38875 0.35777777777777775 0.619375 0.42333333333333334 0.619375
7 0.2972222222222222 0.389375 0.355 0.389375 0.2972222222222222 0.585 0.355 0.585
7 0.25666666666666665 0.43375 0.2761111111111111 0.43375 0.25666666666666665 0.47 0.2761111111111111 0.47
7 0.2011111111111111 0.4275 0.22 0.4275 0.2011111111111111 0.51375 0.22 0.51375
7 0.23055555555555557 0.43875 0.25277777777777777 0.43875 0.23055555555555557 0.50875 0.25277777777777777 0.50875
7 0.17166666666666666 0.440625 0.19111111111111112 0.440625 0.17166666666666666 0.5025 0.19111111111111112 0.5025
7 0.07333333333333333 0.455 0.08888888888888889 0.455 0.07333333333333333 0.4875 0.08888888888888889 0.4875
7 0.05611111111111111 0.458125 0.0661111111111111 0.458125 0.05611111111111111 0.486875 0.0661111111111111 0.486875
7 0.025555555555555557 0.44625 0.041666666666666664 0.44625 0.025555555555555557 0.516875 0.041666666666666664 0.516875
7 0 0.443125 0.025555555555555557 0.443125 0 0.513125 0.025555555555555557 0.513125
7 0.042222222222222223 0.451875 0.055 0.451875 0.042222222222222223 0.4875 0.055 0.4875
0 0.1688888888888889 0.466875 0.23833333333333334 0.466875 0.1688888888888889 0.5125 0.23833333333333334 0.5125
2 0.9088888888888889 0.431875 0.9994444444444445 0.431875 0.9088888888888889 0.460625 0.9994444444444445 0.460625
7 0.6105555555555555 0.431875 0.6877777777777778 0.431875 0.6105555555555555 0.6025 0.6877777777777778 0.6025
10 0.6033333333333334 0.59 0.6427777777777778 0.59 0.6033333333333334 0.608125 0.6427777777777778 0.608125