4 0.19189453125 0.462890625 0.2109375 0.462890625 0.19189453125 0.50390625 0.2109375 0.50390625
4 0.19482421875 0.521484375 0.2109375 0.521484375 0.19482421875 0.5403645833333334 0.2109375 0.5403645833333334
4 0.92919921875 0.4368489583333333 0.947265625 0.4368489583333333 0.92919921875 0.4928385416666667 0.947265625 0.4928385416666667
4 0.66748046875 0.515625 0.6845703125 0.515625 0.66748046875 0.5377604166666666 0.6845703125 0.5377604166666666
4 0.66650390625 0.4609375 0.69091796875 0.4609375 0.66650390625 0.4973958333333333 0.69091796875 0.4973958333333333
4 0.4111328125 0.5319010416666666 0.4228515625 0.5319010416666666 0.4111328125 0.5501302083333334 0.4228515625 0.5501302083333334
4 0.607421875 0.53125 0.62060546875 0.53125 0.607421875 0.55078125 0.62060546875 0.55078125
4 0.95458984375 0.501953125 0.96875 0.501953125 0.95458984375 0.5319010416666666 0.96875 0.5319010416666666
9 0.1884765625 0.5065104166666666 0.216796875 0.5065104166666666 0.1884765625 0.5169270833333334 0.216796875 0.5169270833333334
9 0.66748046875 0.5 0.69580078125 0.5 0.66748046875 0.5143229166666666 0.69580078125 0.5143229166666666
7 0.71630859375 0.5540364583333334 0.73388671875 0.5540364583333334 0.71630859375 0.642578125 0.73388671875 0.642578125
7 0.36474609375 0.5657552083333334 0.37158203125 0.5657552083333334 0.36474609375 0.5846354166666666 0.37158203125 0.5846354166666666
7 0.37939453125 0.5638020833333334 0.38671875 0.5638020833333334 0.37939453125 0.5885416666666666 0.38671875 0.5885416666666666
2 0.57373046875 0.5670572916666666 0.59765625 0.5670572916666666 0.57373046875 0.595703125 0.59765625 0.595703125
2 0.52685546875 0.5611979166666666 0.5693359375 0.5611979166666666 0.52685546875 0.6145833333333334 0.5693359375 0.6145833333333334
2 0.48095703125 0.5735677083333334 0.56201171875 0.5735677083333334 0.48095703125 0.658203125 0.56201171875 0.658203125