4 0.09967320261437909 0.3310546875 0.125 0.3310546875 0.09967320261437909 0.4072265625 0.125 0.4072265625
4 0.09477124183006536 0.513671875 0.10866013071895425 0.513671875 0.09477124183006536 0.552734375 0.10866013071895425 0.552734375
4 0.0988562091503268 0.4833984375 0.10866013071895425 0.4833984375 0.0988562091503268 0.4970703125 0.10866013071895425 0.4970703125
4 0.8766339869281046 0.53515625 0.8897058823529411 0.53515625 0.8766339869281046 0.568359375 0.8897058823529411 0.568359375
4 0.6282679738562091 0.318359375 0.6544117647058824 0.318359375 0.6282679738562091 0.3916015625 0.6544117647058824 0.3916015625
4 0.630718954248366 0.5 0.6429738562091504 0.5 0.630718954248366 0.5380859375 0.6429738562091504 0.5380859375
4 0.5351307189542484 0.4755859375 0.5392156862745098 0.4755859375 0.5351307189542484 0.4833984375 0.5392156862745098 0.4833984375
4 0.7745098039215687 0.48828125 0.7843137254901961 0.48828125 0.7745098039215687 0.501953125 0.7843137254901961 0.501953125
4 0.16258169934640523 0.48046875 0.1781045751633987 0.48046875 0.16258169934640523 0.498046875 0.1781045751633987 0.498046875
9 0.07026143790849673 0.4111328125 0.11437908496732026 0.4111328125 0.07026143790849673 0.46484375 0.11437908496732026 0.46484375
9 0.0988562091503268 0.4619140625 0.11029411764705882 0.4619140625 0.0988562091503268 0.4833984375 0.11029411764705882 0.4833984375
9 0.2973856209150327 0.462890625 0.31209150326797386 0.462890625 0.2973856209150327 0.48046875 0.31209150326797386 0.48046875
9 0.29901960784313725 0.48046875 0.3104575163398693 0.48046875 0.29901960784313725 0.486328125 0.3104575163398693 0.486328125
9 0.6723856209150327 0.46875 0.6887254901960784 0.46875 0.6723856209150327 0.48828125 0.6887254901960784 0.48828125
9 0.5220588235294118 0.529296875 0.5375816993464052 0.529296875 0.5220588235294118 0.5498046875 0.5375816993464052 0.5498046875
7 0.12091503267973856 0.5 0.1380718954248366 0.5 0.12091503267973856 0.568359375 0.1380718954248366 0.568359375
7 0.16666666666666666 0.4970703125 0.18627450980392157 0.4970703125 0.16666666666666666 0.546875 0.18627450980392157 0.546875
7 0.18218954248366012 0.5048828125 0.1977124183006536 0.5048828125 0.18218954248366012 0.5546875 0.1977124183006536 0.5546875
7 0.190359477124183 0.4970703125 0.21568627450980393 0.4970703125 0.190359477124183 0.5537109375 0.21568627450980393 0.5537109375
7 0.22712418300653595 0.498046875 0.24101307189542484 0.498046875 0.22712418300653595 0.54296875 0.24101307189542484 0.54296875
7 0.24754901960784315 0.494140625 0.26143790849673204 0.494140625 0.24754901960784315 0.5517578125 0.26143790849673204 0.5517578125
7 0.26062091503267976 0.4931640625 0.27941176470588236 0.4931640625 0.26062091503267976 0.5380859375 0.27941176470588236 0.5380859375
7 0.2777777777777778 0.498046875 0.2883986928104575 0.498046875 0.2777777777777778 0.529296875 0.2883986928104575 0.529296875
7 0.2908496732026144 0.49609375 0.3014705882352941 0.49609375 0.2908496732026144 0.5283203125 0.3014705882352941 0.5283203125
7 0.3472222222222222 0.4970703125 0.35784313725490197 0.4970703125 0.3472222222222222 0.53125 0.35784313725490197 0.53125
7 0.3349673202614379 0.4970703125 0.34558823529411764 0.4970703125 0.3349673202614379 0.5322265625 0.34558823529411764 0.5322265625
7 0.3235294117647059 0.4990234375 0.33578431372549017 0.4990234375 0.3235294117647059 0.5302734375 0.33578431372549017 0.5302734375
7 0.37745098039215685 0.49609375 0.38562091503267976 0.49609375 0.37745098039215685 0.5205078125 0.38562091503267976 0.5205078125
7 0.3880718954248366 0.4931640625 0.39705882352941174 0.4931640625 0.3880718954248366 0.5126953125 0.39705882352941174 0.5126953125
7 0.41421568627450983 0.4931640625 0.4215686274509804 0.4931640625 0.41421568627450983 0.5048828125 0.4215686274509804 0.5048828125
7 0.8088235294117647 0.513671875 0.8333333333333334 0.513671875 0.8088235294117647 0.6005859375 0.8333333333333334 0.6005859375
7 0.7393790849673203 0.5107421875 0.7581699346405228 0.5107421875 0.7393790849673203 0.56640625 0.7581699346405228 0.56640625
7 0.7598039215686274 0.5107421875 0.7769607843137255 0.5107421875 0.7598039215686274 0.56640625 0.7769607843137255 0.56640625
7 0.7116013071895425 0.509765625 0.7287581699346405 0.509765625 0.7116013071895425 0.5576171875 0.7287581699346405 0.5576171875
7 0.6928104575163399 0.5087890625 0.7075163398692811 0.5087890625 0.6928104575163399 0.560546875 0.7075163398692811 0.560546875
7 0.6568627450980392 0.5068359375 0.6683006535947712 0.5068359375 0.6568627450980392 0.5341796875 0.6683006535947712 0.5341796875
7 0.6102941176470589 0.498046875 0.6176470588235294 0.498046875 0.6102941176470589 0.5234375 0.6176470588235294 0.5234375
7 0.5857843137254902 0.4931640625 0.5923202614379085 0.4931640625 0.5857843137254902 0.51953125 0.5923202614379085 0.51953125
7 0.4264705882352941 0.494140625 0.4338235294117647 0.494140625 0.4264705882352941 0.5107421875 0.4338235294117647 0.5107421875
7 0.43709150326797386 0.4921875 0.44281045751633985 0.4921875 0.43709150326797386 0.5107421875 0.44281045751633985 0.5107421875
7 0.6446078431372549 0.4990234375 0.6560457516339869 0.4990234375 0.6446078431372549 0.533203125 0.6560457516339869 0.533203125
7 0.6184640522875817 0.5 0.6266339869281046 0.5 0.6184640522875817 0.521484375 0.6266339869281046 0.521484375
7 0.8619281045751634 0.5234375 0.8831699346405228 0.5234375 0.8619281045751634 0.6025390625 0.8831699346405228 0.6025390625
2 0.5008169934640523 0.498046875 0.5187908496732027 0.498046875 0.5008169934640523 0.5146484375 0.5187908496732027 0.5146484375
2 0.5179738562091504 0.49609375 0.5310457516339869 0.49609375 0.5179738562091504 0.509765625 0.5310457516339869 0.509765625
2 0.46486928104575165 0.4921875 0.48937908496732024 0.4921875 0.46486928104575165 0.5185546875 0.48937908496732024 0.5185546875
2 0.4477124183006536 0.4951171875 0.4681372549019608 0.4951171875 0.4477124183006536 0.5166015625 0.4681372549019608 0.5166015625
2 0.38480392156862747 0.5029296875 0.4305555555555556 0.5029296875 0.38480392156862747 0.5478515625 0.4305555555555556 0.5478515625
2 0.40522875816993464 0.52734375 0.5106209150326797 0.52734375 0.40522875816993464 0.626953125 0.5106209150326797 0.626953125
2 0.24754901960784315 0.5283203125 0.35784313725490197 0.5283203125 0.24754901960784315 0.6142578125 0.35784313725490197 0.6142578125
2 0.49019607843137253 0.4951171875 0.5008169934640523 0.4951171875 0.49019607843137253 0.5087890625 0.5008169934640523 0.5087890625