4 0.434375 0.4443359375 0.43828125 0.4443359375 0.434375 0.458984375 0.43828125 0.458984375
4 0.390625 0.4423828125 0.39375 0.4423828125 0.390625 0.4521484375 0.39375 0.4521484375
4 0.4734375 0.4619140625 0.4765625 0.4619140625 0.4734375 0.4716796875 0.4765625 0.4716796875
9 0.45 0.45703125 0.459375 0.45703125 0.45 0.4619140625 0.459375 0.4619140625
9 0.3671875 0.4912109375 0.3734375 0.4912109375 0.3671875 0.5009765625 0.3734375 0.5009765625
9 0.4109375 0.4814453125 0.41484375 0.4814453125 0.4109375 0.4873046875 0.41484375 0.4873046875
9 0.48125 0.46875 0.4890625 0.46875 0.48125 0.4765625 0.4890625 0.4765625
9 0.49375 0.470703125 0.50625 0.470703125 0.49375 0.4814453125 0.50625 0.4814453125
9 0.6078125 0.4072265625 0.63203125 0.4072265625 0.6078125 0.427734375 0.63203125 0.427734375
9 0.61328125 0.4287109375 0.62734375 0.4287109375 0.61328125 0.4521484375 0.62734375 0.4521484375
9 0.03203125 0.5625 0.0453125 0.5625 0.03203125 0.572265625 0.0453125 0.572265625
9 0.0203125 0.5576171875 0.0359375 0.5576171875 0.0203125 0.56640625 0.0359375 0.56640625
0 0.16875 0.5244140625 0.19609375 0.5244140625 0.16875 0.58203125 0.19609375 0.58203125
2 0.33203125 0.4931640625 0.35078125 0.4931640625 0.33203125 0.51171875 0.35078125 0.51171875
2 0.2953125 0.4990234375 0.31796875 0.4990234375 0.2953125 0.517578125 0.31796875 0.517578125
2 0.24375 0.49609375 0.28046875 0.49609375 0.24375 0.53125 0.28046875 0.53125
2 0.20078125 0.501953125 0.2453125 0.501953125 0.20078125 0.541015625 0.2453125 0.541015625
2 0.15234375 0.509765625 0.1890625 0.509765625 0.15234375 0.5439453125 0.1890625 0.5439453125
2 0.37578125 0.482421875 0.3890625 0.482421875 0.37578125 0.49609375 0.3890625 0.49609375
2 0.38984375 0.4755859375 0.39921875 0.4755859375 0.38984375 0.4873046875 0.39921875 0.4873046875
2 0.41796875 0.490234375 0.43046875 0.490234375 0.41796875 0.501953125 0.43046875 0.501953125
2 0.06953125 0.509765625 0.1171875 0.509765625 0.06953125 0.556640625 0.1171875 0.556640625
2 0.01875 0.513671875 0.1 0.513671875 0.01875 0.5810546875 0.1 0.5810546875
2 0.88046875 0.4345703125 0.9015625 0.4345703125 0.88046875 0.4541015625 0.9015625 0.4541015625
2 0.85390625 0.4384765625 0.88125 0.4384765625 0.85390625 0.453125 0.88125 0.453125
2 0.84140625 0.435546875 0.86015625 0.435546875 0.84140625 0.44921875 0.86015625 0.44921875
2 0.8265625 0.447265625 0.88515625 0.447265625 0.8265625 0.478515625 0.88515625 0.478515625
2 0.9609375 0.453125 0.99296875 0.453125 0.9609375 0.4921875 0.99296875 0.4921875
7 0.16796875 0.4921875 0.2 0.4921875 0.16796875 0.5703125 0.2 0.5703125