1 0.7843137254901961 0.412109375 0.8349673202614379 0.412109375 0.7843137254901961 0.4384765625 0.8349673202614379 0.4384765625
1 0.7009803921568627 0.4052734375 0.7450980392156863 0.4052734375 0.7009803921568627 0.4267578125 0.7450980392156863 0.4267578125
1 0.41094771241830064 0.37109375 0.43709150326797386 0.37109375 0.41094771241830064 0.3837890625 0.43709150326797386 0.3837890625
1 0.4076797385620915 0.3828125 0.44199346405228757 0.3828125 0.4076797385620915 0.427734375 0.44199346405228757 0.427734375
1 0.46078431372549017 0.3447265625 0.4803921568627451 0.3447265625 0.46078431372549017 0.4375 0.4803921568627451 0.4375
4 0.39869281045751637 0.375 0.4035947712418301 0.375 0.39869281045751637 0.3828125 0.4035947712418301 0.3828125
4 0.9526143790849673 0.4189453125 0.9599673202614379 0.4189453125 0.9526143790849673 0.4248046875 0.9599673202614379 0.4248046875
4 0.9640522875816994 0.4169921875 0.9697712418300654 0.4169921875 0.9640522875816994 0.4267578125 0.9697712418300654 0.4267578125
9 0.005718954248366013 0.26171875 0.014705882352941176 0.26171875 0.005718954248366013 0.310546875 0.014705882352941176 0.310546875
9 0.005718954248366013 0.310546875 0.013888888888888888 0.310546875 0.005718954248366013 0.330078125 0.013888888888888888 0.330078125
7 0.0392156862745098 0.35546875 0.11437908496732026 0.35546875 0.0392156862745098 0.603515625 0.11437908496732026 0.603515625
7 0.20833333333333334 0.3837890625 0.23284313725490197 0.3837890625 0.20833333333333334 0.455078125 0.23284313725490197 0.455078125
7 0.2916666666666667 0.3828125 0.3022875816993464 0.3828125 0.2916666666666667 0.400390625 0.3022875816993464 0.400390625
7 0.29901960784313725 0.388671875 0.30800653594771243 0.388671875 0.29901960784313725 0.4013671875 0.30800653594771243 0.4013671875
7 0.24019607843137256 0.384765625 0.2581699346405229 0.384765625 0.24019607843137256 0.4130859375 0.2581699346405229 0.4130859375
7 0.32679738562091504 0.390625 0.33905228758169936 0.390625 0.32679738562091504 0.404296875 0.33905228758169936 0.404296875
7 0.9730392156862745 0.4091796875 0.9991830065359477 0.4091796875 0.9730392156862745 0.490234375 0.9991830065359477 0.490234375
7 0.8488562091503268 0.4248046875 0.8594771241830066 0.4248046875 0.8488562091503268 0.4375 0.8594771241830066 0.4375
7 0.8259803921568627 0.423828125 0.8357843137254902 0.423828125 0.8259803921568627 0.4384765625 0.8357843137254902 0.4384765625
7 0.369281045751634 0.39453125 0.3758169934640523 0.39453125 0.369281045751634 0.4267578125 0.3758169934640523 0.4267578125
13 0.47467320261437906 0.3125 0.5800653594771242 0.3125 0.47467320261437906 0.4853515625 0.5800653594771242 0.4853515625
5 0.44362745098039214 0.4091796875 0.45098039215686275 0.4091796875 0.44362745098039214 0.4248046875 0.45098039215686275 0.4248046875
2 0.44362745098039214 0.390625 0.46405228758169936 0.390625 0.44362745098039214 0.4208984375 0.46405228758169936 0.4208984375
2 0.45179738562091504 0.404296875 0.46078431372549017 0.404296875 0.45179738562091504 0.423828125 0.46078431372549017 0.423828125
2 0.45588235294117646 0.404296875 0.46568627450980393 0.404296875 0.45588235294117646 0.4296875 0.46568627450980393 0.4296875
2 0.22140522875816993 0.3994140625 0.42892156862745096 0.3994140625 0.22140522875816993 0.5029296875 0.42892156862745096 0.5029296875
2 0.46486928104575165 0.3955078125 0.4803921568627451 0.3955078125 0.46486928104575165 0.4599609375 0.4803921568627451 0.4599609375
2 0.5735294117647058 0.4052734375 0.6143790849673203 0.4052734375 0.5735294117647058 0.458984375 0.6143790849673203 0.458984375
7 0.4444444444444444 0.400390625 0.45098039215686275 0.400390625 0.4444444444444444 0.4169921875 0.45098039215686275 0.4169921875
7 0.4526143790849673 0.404296875 0.45669934640522875 0.404296875 0.4526143790849673 0.4140625 0.45669934640522875 0.4140625