4 0.0961111111111111 0.41875 0.10777777777777778 0.41875 0.0961111111111111 0.445 0.10777777777777778 0.445
4 0.013333333333333334 0.36375 0.025555555555555557 0.36375 0.013333333333333334 0.395625 0.025555555555555557 0.395625
4 0.6461111111111111 0.351875 0.6577777777777778 0.351875 0.6461111111111111 0.379375 0.6577777777777778 0.379375
9 0.6455555555555555 0.439375 0.6516666666666666 0.439375 0.6455555555555555 0.449375 0.6516666666666666 0.449375
7 0.045 0.44 0.06666666666666667 0.44 0.045 0.50375 0.06666666666666667 0.50375
7 0.06444444444444444 0.44125 0.08055555555555556 0.44125 0.06444444444444444 0.50625 0.08055555555555556 0.50625
7 0.08277777777777778 0.4425 0.095 0.4425 0.08277777777777778 0.5075 0.095 0.5075
7 0.023333333333333334 0.434375 0.03777777777777778 0.434375 0.023333333333333334 0.463125 0.03777777777777778 0.463125
7 0.009444444444444445 0.436875 0.023333333333333334 0.436875 0.009444444444444445 0.503125 0.023333333333333334 0.503125
7 0.6705555555555556 0.405625 0.7033333333333334 0.405625 0.6705555555555556 0.513125 0.7033333333333334 0.513125
2 0.2761111111111111 0.434375 0.375 0.434375 0.2761111111111111 0.5 0.375 0.5
2 0.16833333333333333 0.4525 0.28944444444444445 0.4525 0.16833333333333333 0.526875 0.28944444444444445 0.526875
2 0.35944444444444446 0.380625 0.5944444444444444 0.380625 0.35944444444444446 0.604375 0.5944444444444444 0.604375
8 0.7316666666666667 0.429375 0.79 0.429375 0.7316666666666667 0.521875 0.79 0.521875