9 0.011666666666666667 0.348125 0.03166666666666667 0.348125 0.011666666666666667 0.3925 0.03166666666666667 0.3925
9 0.3238888888888889 0.42125 0.37166666666666665 0.42125 0.3238888888888889 0.476875 0.37166666666666665 0.476875
7 0.515 0.45375 0.53 0.45375 0.515 0.481875 0.53 0.481875
13 0.38222222222222224 0.4425 0.4266666666666667 0.4425 0.38222222222222224 0.4975 0.4266666666666667 0.4975
13 0.595 0.32 0.7927777777777778 0.32 0.595 0.544375 0.7927777777777778 0.544375
2 0.47944444444444445 0.465625 0.49722222222222223 0.465625 0.47944444444444445 0.489375 0.49722222222222223 0.489375
2 0.4388888888888889 0.461875 0.48333333333333334 0.461875 0.4388888888888889 0.500625 0.48333333333333334 0.500625
2 0.49777777777777776 0.44625 0.5388888888888889 0.44625 0.49777777777777776 0.5 0.5388888888888889 0.5
2 0.5166666666666667 0.4575 0.5711111111111111 0.4575 0.5166666666666667 0.511875 0.5711111111111111 0.511875
2 0.5638888888888889 0.4575 0.6016666666666667 0.4575 0.5638888888888889 0.485 0.6016666666666667 0.485
2 0.5683333333333334 0.465 0.6005555555555555 0.465 0.5683333333333334 0.51 0.6005555555555555 0.51
2 0.6566666666666666 0.41 0.8605555555555555 0.41 0.6566666666666666 0.57875 0.8605555555555555 0.57875
2 0.8022222222222222 0.393125 0.9994444444444445 0.393125 0.8022222222222222 0.648125 0.9994444444444445 0.648125
2 0.42833333333333334 0.461875 0.445 0.461875 0.42833333333333334 0.47625 0.445 0.47625
2 0.4305555555555556 0.470625 0.4411111111111111 0.470625 0.4305555555555556 0.488125 0.4411111111111111 0.488125
2 0.4255555555555556 0.46875 0.43555555555555553 0.46875 0.4255555555555556 0.491875 0.43555555555555553 0.491875
2 0.3788888888888889 0.45625 0.40944444444444444 0.45625 0.3788888888888889 0.50125 0.40944444444444444 0.50125
2 0.34944444444444445 0.456875 0.3888888888888889 0.456875 0.34944444444444445 0.50625 0.3888888888888889 0.50625
2 0.3016666666666667 0.450625 0.35555555555555557 0.450625 0.3016666666666667 0.524375 0.35555555555555557 0.524375
2 0.24666666666666667 0.441875 0.315 0.441875 0.24666666666666667 0.536875 0.315 0.536875
2 0.10111111111111111 0.430625 0.27166666666666667 0.430625 0.10111111111111111 0.5675 0.27166666666666667 0.5675
9 0.9677777777777777 0.5125 0.9988888888888889 0.5125 0.9677777777777777 0.600625 0.9988888888888889 0.600625