1 0.38333333333333336 0.403125 0.45166666666666666 0.403125 0.38333333333333336 0.47125 0.45166666666666666 0.47125
4 0.049444444444444444 0.27375 0.07 0.27375 0.049444444444444444 0.335 0.07 0.335
4 0.7772222222222223 0.27375 0.7955555555555556 0.27375 0.7772222222222223 0.331875 0.7955555555555556 0.331875
4 0.7788888888888889 0.361875 0.8005555555555556 0.361875 0.7788888888888889 0.385 0.8005555555555556 0.385
4 0.04611111111111111 0.364375 0.0661111111111111 0.364375 0.04611111111111111 0.385 0.0661111111111111 0.385
9 0.04666666666666667 0.34125 0.08722222222222223 0.34125 0.04666666666666667 0.36125 0.08722222222222223 0.36125
9 0.7594444444444445 0.341875 0.8033333333333333 0.341875 0.7594444444444445 0.35875 0.8033333333333333 0.35875
9 0.5838888888888889 0.404375 0.5961111111111111 0.404375 0.5838888888888889 0.416875 0.5961111111111111 0.416875
9 0.5844444444444444 0.4175 0.5955555555555555 0.4175 0.5844444444444444 0.425625 0.5955555555555555 0.425625
9 0.6961111111111111 0.375625 0.7077777777777777 0.375625 0.6961111111111111 0.39375 0.7077777777777777 0.39375
7 0.6061111111111112 0.408125 0.6472222222222223 0.408125 0.6061111111111112 0.52625 0.6472222222222223 0.52625
2 0.4688888888888889 0.4425 0.5016666666666667 0.4425 0.4688888888888889 0.454375 0.5016666666666667 0.454375
2 0.5016666666666667 0.44125 0.515 0.44125 0.5016666666666667 0.454375 0.515 0.454375
2 0.5116666666666667 0.439375 0.5222222222222223 0.439375 0.5116666666666667 0.449375 0.5222222222222223 0.449375
2 0.5166666666666667 0.443125 0.5261111111111111 0.443125 0.5166666666666667 0.4525 0.5261111111111111 0.4525
2 0.525 0.438125 0.5355555555555556 0.438125 0.525 0.456875 0.5355555555555556 0.456875
2 0.5316666666666666 0.436875 0.5483333333333333 0.436875 0.5316666666666666 0.46 0.5483333333333333 0.46
2 0.5383333333333333 0.439375 0.5488888888888889 0.439375 0.5383333333333333 0.461875 0.5488888888888889 0.461875
2 0.5444444444444444 0.435625 0.5716666666666667 0.435625 0.5444444444444444 0.466875 0.5716666666666667 0.466875
2 0.5572222222222222 0.438125 0.5688888888888889 0.438125 0.5572222222222222 0.47 0.5688888888888889 0.47
2 0.5688888888888889 0.425 0.6116666666666667 0.425 0.5688888888888889 0.48 0.6116666666666667 0.48
2 0.565 0.43 0.5794444444444444 0.43 0.565 0.474375 0.5794444444444444 0.474375
2 0.6005555555555555 0.428125 0.6733333333333333 0.428125 0.6005555555555555 0.495625 0.6733333333333333 0.495625
2 0.35833333333333334 0.435 0.4127777777777778 0.435 0.35833333333333334 0.49 0.4127777777777778 0.49
2 0.2788888888888889 0.43625 0.37277777777777776 0.43625 0.2788888888888889 0.50875 0.37277777777777776 0.50875
2 0.45 0.433125 0.46 0.433125 0.45 0.4525 0.46 0.4525