9 0.01796875 0.4375 0.04375 0.4375 0.01796875 0.4482421875 0.04375 0.4482421875
9 0.00859375 0.380859375 0.05234375 0.380859375 0.00859375 0.4375 0.05234375 0.4375
0 0.34453125 0.5634765625 0.384375 0.5634765625 0.34453125 0.669921875 0.384375 0.669921875
0 0.41953125 0.486328125 0.4265625 0.486328125 0.41953125 0.50390625 0.4265625 0.50390625
2 0.1578125 0.494140625 0.26640625 0.494140625 0.1578125 0.6025390625 0.26640625 0.6025390625
2 0.15390625 0.486328125 0.19453125 0.486328125 0.15390625 0.513671875 0.19453125 0.513671875
2 0.209375 0.474609375 0.25625 0.474609375 0.209375 0.5009765625 0.25625 0.5009765625
2 0.25234375 0.505859375 0.29375 0.505859375 0.25234375 0.57421875 0.29375 0.57421875
2 0.2765625 0.4990234375 0.31015625 0.4990234375 0.2765625 0.5615234375 0.31015625 0.5615234375
2 0.2890625 0.498046875 0.32734375 0.498046875 0.2890625 0.55078125 0.32734375 0.55078125
2 0.28984375 0.474609375 0.3453125 0.474609375 0.28984375 0.5244140625 0.3453125 0.5244140625
2 0.3515625 0.4853515625 0.37578125 0.4853515625 0.3515625 0.51171875 0.37578125 0.51171875
2 0.365625 0.4794921875 0.390625 0.4794921875 0.365625 0.5078125 0.390625 0.5078125
2 0.38125 0.4755859375 0.4015625 0.4755859375 0.38125 0.5 0.4015625 0.5
2 0.39921875 0.478515625 0.41015625 0.478515625 0.39921875 0.49609375 0.41015625 0.49609375
2 0.409375 0.4716796875 0.421875 0.4716796875 0.409375 0.48828125 0.421875 0.48828125
2 0.42421875 0.47265625 0.43828125 0.47265625 0.42421875 0.4873046875 0.43828125 0.4873046875
2 0.4359375 0.470703125 0.446875 0.470703125 0.4359375 0.484375 0.446875 0.484375
2 0.44609375 0.4697265625 0.4578125 0.4697265625 0.44609375 0.482421875 0.4578125 0.482421875
2 0.45703125 0.466796875 0.46875 0.466796875 0.45703125 0.48046875 0.46875 0.48046875
2 0.4515625 0.47265625 0.47890625 0.47265625 0.4515625 0.4951171875 0.47890625 0.4951171875
2 0.47421875 0.47265625 0.4890625 0.47265625 0.47421875 0.5048828125 0.4890625 0.5048828125
2 0.48125 0.470703125 0.5171875 0.470703125 0.48125 0.5107421875 0.5171875 0.5107421875
2 0.52265625 0.4765625 0.57265625 0.4765625 0.52265625 0.568359375 0.57265625 0.568359375
2 0.5578125 0.5 0.678125 0.5 0.5578125 0.619140625 0.678125 0.619140625
2 0.034375 0.48828125 0.06484375 0.48828125 0.034375 0.521484375 0.06484375 0.521484375
7 0.32734375 0.4873046875 0.3859375 0.4873046875 0.32734375 0.654296875 0.3859375 0.654296875
7 0.48203125 0.48046875 0.5328125 0.48046875 0.48203125 0.650390625 0.5328125 0.650390625
7 0.41796875 0.4697265625 0.42578125 0.4697265625 0.41796875 0.494140625 0.42578125 0.494140625
6 0.55390625 0.439453125 0.66875 0.439453125 0.55390625 0.5771484375 0.66875 0.5771484375
10 0.49296875 0.642578125 0.515625 0.642578125 0.49296875 0.6630859375 0.515625 0.6630859375