4 0.5751953125 0.5299479166666666 0.58349609375 0.5299479166666666 0.5751953125 0.5436197916666666 0.58349609375 0.5436197916666666
4 0.439453125 0.5286458333333334 0.447265625 0.5286458333333334 0.439453125 0.5436197916666666 0.447265625 0.5436197916666666
4 0.50341796875 0.5338541666666666 0.51025390625 0.5338541666666666 0.50341796875 0.544921875 0.51025390625 0.544921875
4 0.27783203125 0.46875 0.296875 0.46875 0.27783203125 0.4973958333333333 0.296875 0.4973958333333333
4 0.634765625 0.47265625 0.64794921875 0.47265625 0.634765625 0.4993489583333333 0.64794921875 0.4993489583333333
9 0.28466796875 0.5078125 0.3017578125 0.5078125 0.28466796875 0.5436197916666666 0.3017578125 0.5436197916666666
9 0.6318359375 0.5123697916666666 0.64892578125 0.5123697916666666 0.6318359375 0.546875 0.64892578125 0.546875
9 0.837890625 0.38671875 0.86962890625 0.38671875 0.837890625 0.4680989583333333 0.86962890625 0.4680989583333333
9 0.12939453125 0.4296875 0.1552734375 0.4296875 0.12939453125 0.5234375 0.1552734375 0.5234375
2 0.38623046875 0.5631510416666666 0.43505859375 0.5631510416666666 0.38623046875 0.6028645833333334 0.43505859375 0.6028645833333334
2 0.5224609375 0.5638020833333334 0.54052734375 0.5638020833333334 0.5224609375 0.5846354166666666 0.54052734375 0.5846354166666666