1 0.4665032679738562 0.3798828125 0.4852941176470588 0.3798828125 0.4665032679738562 0.4111328125 0.4852941176470588 0.4111328125
4 0 0.3359375 0.00980392156862745 0.3359375 0 0.3603515625 0.00980392156862745 0.3603515625
4 0.8382352941176471 0.1376953125 0.8823529411764706 0.1376953125 0.8382352941176471 0.2890625 0.8823529411764706 0.2890625
4 0.8758169934640523 0.185546875 0.9142156862745098 0.185546875 0.8758169934640523 0.2880859375 0.9142156862745098 0.2880859375
4 0.2361111111111111 0.33984375 0.2426470588235294 0.33984375 0.2361111111111111 0.36328125 0.2426470588235294 0.36328125
9 0.0196078431372549 0.267578125 0.05392156862745098 0.267578125 0.0196078431372549 0.3134765625 0.05392156862745098 0.3134765625
9 0.4215686274509804 0.3759765625 0.4305555555555556 0.3759765625 0.4215686274509804 0.3857421875 0.4305555555555556 0.3857421875
9 0.4452614379084967 0.3828125 0.45179738562091504 0.3828125 0.4452614379084967 0.390625 0.45179738562091504 0.390625
9 0.40604575163398693 0.318359375 0.4150326797385621 0.318359375 0.40604575163398693 0.3349609375 0.4150326797385621 0.3349609375
9 0.9084967320261438 0.2744140625 0.9509803921568627 0.2744140625 0.9084967320261438 0.32421875 0.9509803921568627 0.32421875
9 0.798202614379085 0.228515625 0.8382352941176471 0.228515625 0.798202614379085 0.28125 0.8382352941176471 0.28125
9 0.00980392156862745 0.3486328125 0.018790849673202614 0.3486328125 0.00980392156862745 0.361328125 0.018790849673202614 0.361328125
7 0.02287581699346405 0.3779296875 0.07434640522875817 0.3779296875 0.02287581699346405 0.5341796875 0.07434640522875817 0.5341796875
7 0.3464052287581699 0.3798828125 0.4215686274509804 0.3798828125 0.3464052287581699 0.5537109375 0.4215686274509804 0.5537109375
7 0.2246732026143791 0.3759765625 0.2312091503267974 0.3759765625 0.2246732026143791 0.392578125 0.2312091503267974 0.392578125
7 0.2785947712418301 0.388671875 0.2883986928104575 0.388671875 0.2785947712418301 0.4072265625 0.2883986928104575 0.4072265625
7 0.2949346405228758 0.3896484375 0.309640522875817 0.3896484375 0.2949346405228758 0.4150390625 0.309640522875817 0.4150390625
7 0.309640522875817 0.390625 0.3235294117647059 0.390625 0.309640522875817 0.4208984375 0.3235294117647059 0.4208984375
7 0.3088235294117647 0.3876953125 0.3161764705882353 0.3876953125 0.3088235294117647 0.4033203125 0.3161764705882353 0.4033203125
7 0.32679738562091504 0.390625 0.34477124183006536 0.390625 0.32679738562091504 0.443359375 0.34477124183006536 0.443359375
7 0.3472222222222222 0.3955078125 0.35784313725490197 0.3955078125 0.3472222222222222 0.4375 0.35784313725490197 0.4375
7 0.35375816993464054 0.390625 0.3700980392156863 0.390625 0.35375816993464054 0.44140625 0.3700980392156863 0.44140625
7 0.3627450980392157 0.39453125 0.37254901960784315 0.39453125 0.3627450980392157 0.4296875 0.37254901960784315 0.4296875
7 0.3684640522875817 0.3955078125 0.37826797385620914 0.3955078125 0.3684640522875817 0.4287109375 0.37826797385620914 0.4287109375
7 0.9509803921568627 0.4013671875 0.9730392156862745 0.4013671875 0.9509803921568627 0.4990234375 0.9730392156862745 0.4990234375
7 0.9436274509803921 0.392578125 0.9991830065359477 0.392578125 0.9436274509803921 0.568359375 0.9991830065359477 0.568359375
7 0.9313725490196079 0.3837890625 0.946078431372549 0.3837890625 0.9313725490196079 0.419921875 0.946078431372549 0.419921875
13 0.4812091503267974 0.3779296875 0.511437908496732 0.3779296875 0.4812091503267974 0.4267578125 0.511437908496732 0.4267578125
2 0 0.5244140625 0.08741830065359477 0.5244140625 0 0.72265625 0.08741830065359477 0.72265625
2 0 0.375 0.2246732026143791 0.375 0 0.48828125 0.2246732026143791 0.48828125
2 0 0.3818359375 0.06862745098039216 0.3818359375 0 0.4404296875 0.06862745098039216 0.4404296875
2 0.20098039215686275 0.392578125 0.3276143790849673 0.392578125 0.20098039215686275 0.4541015625 0.3276143790849673 0.4541015625
2 0.4027777777777778 0.4052734375 0.47467320261437906 0.4052734375 0.4027777777777778 0.4501953125 0.47467320261437906 0.4501953125
2 0.48284313725490197 0.314453125 0.9428104575163399 0.314453125 0.48284313725490197 0.80859375 0.9428104575163399 0.80859375
2 0.4485294117647059 0.396484375 0.4673202614379085 0.396484375 0.4485294117647059 0.4189453125 0.4673202614379085 0.4189453125
2 0.46486928104575165 0.4033203125 0.47794117647058826 0.4033203125 0.46486928104575165 0.419921875 0.47794117647058826 0.419921875