4 0.7761437908496732 0.431640625 0.7851307189542484 0.431640625 0.7761437908496732 0.466796875 0.7851307189542484 0.466796875
4 0.6045751633986928 0.4755859375 0.6086601307189542 0.4755859375 0.6045751633986928 0.4912109375 0.6086601307189542 0.4912109375
4 0.548202614379085 0.4892578125 0.5506535947712419 0.4892578125 0.548202614379085 0.4970703125 0.5506535947712419 0.4970703125
4 0.28513071895424835 0.486328125 0.2875816993464052 0.486328125 0.28513071895424835 0.4931640625 0.2875816993464052 0.4931640625
9 0.951797385620915 0.3994140625 0.9828431372549019 0.3994140625 0.951797385620915 0.43359375 0.9828431372549019 0.43359375
9 0.9550653594771242 0.4345703125 0.9812091503267973 0.4345703125 0.9550653594771242 0.458984375 0.9812091503267973 0.458984375
7 0.03349673202614379 0.509765625 0.04493464052287582 0.509765625 0.03349673202614379 0.5419921875 0.04493464052287582 0.5419921875
7 0.04411764705882353 0.505859375 0.056372549019607844 0.505859375 0.04411764705882353 0.5419921875 0.056372549019607844 0.5419921875
7 0.10866013071895425 0.5078125 0.119281045751634 0.5078125 0.10866013071895425 0.544921875 0.119281045751634 0.544921875
7 0.1388888888888889 0.50390625 0.14787581699346405 0.50390625 0.1388888888888889 0.525390625 0.14787581699346405 0.525390625
7 0.15441176470588236 0.5048828125 0.16258169934640523 0.5048828125 0.15441176470588236 0.5224609375 0.16258169934640523 0.5224609375
7 0.1184640522875817 0.5048828125 0.12826797385620914 0.5048828125 0.1184640522875817 0.529296875 0.12826797385620914 0.529296875
7 0.17973856209150327 0.51953125 0.20915032679738563 0.51953125 0.17973856209150327 0.572265625 0.20915032679738563 0.572265625
7 0.3333333333333333 0.5126953125 0.35049019607843135 0.5126953125 0.3333333333333333 0.564453125 0.35049019607843135 0.564453125
7 0.35049019607843135 0.5068359375 0.36356209150326796 0.5068359375 0.35049019607843135 0.556640625 0.36356209150326796 0.556640625
7 0.35294117647058826 0.505859375 0.3684640522875817 0.505859375 0.35294117647058826 0.548828125 0.3684640522875817 0.548828125
7 0.9428104575163399 0.4931640625 0.9599673202614379 0.4931640625 0.9428104575163399 0.5302734375 0.9599673202614379 0.5302734375
7 0.9787581699346405 0.4921875 0.9918300653594772 0.4921875 0.9787581699346405 0.533203125 0.9918300653594772 0.533203125
7 0.7107843137254902 0.50390625 0.7320261437908496 0.50390625 0.7107843137254902 0.5751953125 0.7320261437908496 0.5751953125
7 0.7336601307189542 0.509765625 0.7565359477124183 0.509765625 0.7336601307189542 0.564453125 0.7565359477124183 0.564453125
7 0.7516339869281046 0.5126953125 0.7663398692810458 0.5126953125 0.7516339869281046 0.5615234375 0.7663398692810458 0.5615234375
7 0.7581699346405228 0.50390625 0.7728758169934641 0.50390625 0.7581699346405228 0.5625 0.7728758169934641 0.5625
7 0.8243464052287581 0.49609375 0.8374183006535948 0.49609375 0.8243464052287581 0.564453125 0.8374183006535948 0.564453125
7 0.8643790849673203 0.4970703125 0.8823529411764706 0.4970703125 0.8643790849673203 0.5556640625 0.8823529411764706 0.5556640625
13 0.4877450980392157 0.484375 0.5106209150326797 0.484375 0.4877450980392157 0.5126953125 0.5106209150326797 0.5126953125
2 0.1111111111111111 0.521484375 0.1772875816993464 0.521484375 0.1111111111111111 0.5654296875 0.1772875816993464 0.5654296875
2 0.17320261437908496 0.5224609375 0.2181372549019608 0.5224609375 0.17320261437908496 0.5556640625 0.2181372549019608 0.5556640625
2 0.2867647058823529 0.50390625 0.32107843137254904 0.50390625 0.2867647058823529 0.5361328125 0.32107843137254904 0.5361328125
2 0.3660130718954248 0.4990234375 0.4526143790849673 0.4990234375 0.3660130718954248 0.5478515625 0.4526143790849673 0.5478515625
2 0.5947712418300654 0.5048828125 0.6413398692810458 0.5048828125 0.5947712418300654 0.541015625 0.6413398692810458 0.541015625
2 0.6331699346405228 0.5048828125 0.7181372549019608 0.5048828125 0.6331699346405228 0.5810546875 0.7181372549019608 0.5810546875
2 0.511437908496732 0.505859375 0.5277777777777778 0.505859375 0.511437908496732 0.5146484375 0.5277777777777778 0.5146484375
2 0.5261437908496732 0.5087890625 0.5424836601307189 0.5087890625 0.5261437908496732 0.515625 0.5424836601307189 0.515625
2 0.23366013071895425 0.509765625 0.6593137254901961 0.509765625 0.23366013071895425 0.701171875 0.6593137254901961 0.701171875