4 0.6605555555555556 0.366875 0.6761111111111111 0.366875 0.6605555555555556 0.384375 0.6761111111111111 0.384375
4 0.6605555555555556 0.303125 0.6727777777777778 0.303125 0.6605555555555556 0.3375 0.6727777777777778 0.3375
4 0.43833333333333335 0.21625 0.45166666666666666 0.21625 0.43833333333333335 0.253125 0.45166666666666666 0.253125
4 0.27444444444444444 0.24375 0.2838888888888889 0.24375 0.27444444444444444 0.27 0.2838888888888889 0.27
4 0.8622222222222222 0.26375 0.8783333333333333 0.26375 0.8622222222222222 0.3075 0.8783333333333333 0.3075
4 0.058333333333333334 0.3825 0.07277777777777777 0.3825 0.058333333333333334 0.403125 0.07277777777777777 0.403125
9 0.6672222222222223 0.356875 0.6938888888888889 0.356875 0.6672222222222223 0.3675 0.6938888888888889 0.3675
9 0.6283333333333333 0.26125 0.6844444444444444 0.26125 0.6283333333333333 0.285625 0.6844444444444444 0.285625
9 0.5477777777777778 0.389375 0.5583333333333333 0.389375 0.5477777777777778 0.404375 0.5583333333333333 0.404375
7 0.6705555555555556 0.4225 0.7072222222222222 0.4225 0.6705555555555556 0.48 0.7072222222222222 0.48
2 0.32222222222222224 0.416875 0.36444444444444446 0.416875 0.32222222222222224 0.45875 0.36444444444444446 0.45875
2 0.7872222222222223 0.326875 0.9994444444444445 0.326875 0.7872222222222223 0.471875 0.9994444444444445 0.471875