9 0.253125 0.4384765625 0.27265625 0.4384765625 0.253125 0.4462890625 0.27265625 0.4462890625
9 0.24609375 0.4013671875 0.27734375 0.4013671875 0.24609375 0.4375 0.27734375 0.4375
9 0.73828125 0.4208984375 0.746875 0.4208984375 0.73828125 0.435546875 0.746875 0.435546875
7 0.24375 0.4716796875 0.25625 0.4716796875 0.24375 0.515625 0.25625 0.515625
7 0.62890625 0.474609375 0.65859375 0.474609375 0.62890625 0.541015625 0.65859375 0.541015625
7 0.69296875 0.4521484375 0.70546875 0.4521484375 0.69296875 0.4951171875 0.70546875 0.4951171875
0 0.53828125 0.4716796875 0.5671875 0.4716796875 0.53828125 0.49609375 0.5671875 0.49609375
2 0.93984375 0.4375 0.99921875 0.4375 0.93984375 0.46875 0.99921875 0.46875
2 0.9015625 0.435546875 0.95 0.435546875 0.9015625 0.462890625 0.95 0.462890625
2 0.8609375 0.4365234375 0.9046875 0.4365234375 0.8609375 0.4658203125 0.9046875 0.4658203125
2 0.665625 0.4462890625 0.71484375 0.4462890625 0.665625 0.4814453125 0.71484375 0.4814453125
2 0.69921875 0.4443359375 0.75703125 0.4443359375 0.69921875 0.48046875 0.75703125 0.48046875
2 0.39375 0.4658203125 0.46171875 0.4658203125 0.39375 0.5009765625 0.46171875 0.5009765625
2 0.11015625 0.4765625 0.21484375 0.4765625 0.11015625 0.54296875 0.21484375 0.54296875
2 0.2890625 0.490234375 0.41640625 0.490234375 0.2890625 0.5869140625 0.41640625 0.5869140625
2 0.36171875 0.5009765625 0.51875 0.5009765625 0.36171875 0.611328125 0.51875 0.611328125
2 0.4625 0.515625 0.65078125 0.515625 0.4625 0.6474609375 0.65078125 0.6474609375
2 0.59609375 0.51171875 0.84765625 0.51171875 0.59609375 0.712890625 0.84765625 0.712890625
2 0.75859375 0.5068359375 0.99921875 0.5068359375 0.75859375 0.83984375 0.99921875 0.83984375
7 0.82109375 0.451171875 0.8328125 0.451171875 0.82109375 0.4794921875 0.8328125 0.4794921875