9 0.265 0.40375 0.2788888888888889 0.40375 0.265 0.42625 0.2788888888888889 0.42625
9 0.6283333333333333 0.41 0.6466666666666666 0.41 0.6283333333333333 0.429375 0.6466666666666666 0.429375
9 0.775 0.3525 0.8144444444444444 0.3525 0.775 0.39875 0.8144444444444444 0.39875
9 0.5394444444444444 0.426875 0.5516666666666666 0.426875 0.5394444444444444 0.44 0.5516666666666666 0.44
7 0.56 0.450625 0.5661111111111111 0.450625 0.56 0.476875 0.5661111111111111 0.476875
7 0.5211111111111111 0.4525 0.5277777777777778 0.4525 0.5211111111111111 0.469375 0.5277777777777778 0.469375
2 0.4088888888888889 0.45625 0.425 0.45625 0.4088888888888889 0.47125 0.425 0.47125
2 0.42333333333333334 0.45625 0.43444444444444447 0.45625 0.42333333333333334 0.466875 0.43444444444444447 0.466875
2 0.43333333333333335 0.455 0.4461111111111111 0.455 0.43333333333333335 0.465625 0.4461111111111111 0.465625
2 0.49777777777777776 0.454375 0.5161111111111111 0.454375 0.49777777777777776 0.47 0.5161111111111111 0.47
2 0.47 0.453125 0.49666666666666665 0.453125 0.47 0.47875 0.49666666666666665 0.47875