7 0.49169921875 0.509765625 0.50244140625 0.509765625 0.49169921875 0.54296875 0.50244140625 0.54296875
2 0.29248046875 0.521484375 0.38720703125 0.521484375 0.29248046875 0.6061197916666666 0.38720703125 0.6061197916666666
2 0.37255859375 0.5169270833333334 0.43017578125 0.5169270833333334 0.37255859375 0.5787760416666666 0.43017578125 0.5787760416666666
2 0.41845703125 0.5026041666666666 0.486328125 0.5026041666666666 0.41845703125 0.568359375 0.486328125 0.568359375
2 0.79345703125 0.5553385416666666 0.9697265625 0.5553385416666666 0.79345703125 0.8111979166666666 0.9697265625 0.8111979166666666
2 0.7236328125 0.5416666666666666 0.87451171875 0.5416666666666666 0.7236328125 0.7135416666666666 0.87451171875 0.7135416666666666
2 0.68896484375 0.5325520833333334 0.77783203125 0.5325520833333334 0.68896484375 0.662109375 0.77783203125 0.662109375
2 0.6396484375 0.5208333333333334 0.7138671875 0.5208333333333334 0.6396484375 0.5950520833333334 0.7138671875 0.5950520833333334
2 0.619140625 0.5358072916666666 0.6455078125 0.5358072916666666 0.619140625 0.5748697916666666 0.6455078125 0.5748697916666666
2 0.6103515625 0.5182291666666666 0.6435546875 0.5182291666666666 0.6103515625 0.5572916666666666 0.6435546875 0.5572916666666666
2 0.607421875 0.5084635416666666 0.64404296875 0.5084635416666666 0.607421875 0.541015625 0.64404296875 0.541015625
2 0.52197265625 0.5149739583333334 0.5419921875 0.5149739583333334 0.52197265625 0.5384114583333334 0.5419921875 0.5384114583333334
2 0.48876953125 0.5084635416666666 0.51416015625 0.5084635416666666 0.48876953125 0.5338541666666666 0.51416015625 0.5338541666666666
2 0.57421875 0.5208333333333334 0.58740234375 0.5208333333333334 0.57421875 0.5358072916666666 0.58740234375 0.5358072916666666
2 0.87890625 0.498046875 0.97119140625 0.498046875 0.87890625 0.5677083333333334 0.97119140625 0.5677083333333334