9 0.0546875 0.4267578125 0.0890625 0.4267578125 0.0546875 0.44921875 0.0890625 0.44921875
9 0.0546875 0.3798828125 0.090625 0.3798828125 0.0546875 0.4267578125 0.090625 0.4267578125
9 0.5109375 0.421875 0.51875 0.421875 0.5109375 0.4365234375 0.51875 0.4365234375
9 0.646875 0.3896484375 0.6578125 0.3896484375 0.646875 0.40625 0.6578125 0.40625
9 0.5796875 0.416015625 0.5875 0.416015625 0.5796875 0.431640625 0.5875 0.431640625
7 0.57265625 0.5283203125 0.74765625 0.5283203125 0.57265625 0.935546875 0.74765625 0.935546875
7 0.75859375 0.4560546875 0.7953125 0.4560546875 0.75859375 0.587890625 0.7953125 0.587890625
7 0.853125 0.4775390625 0.90390625 0.4775390625 0.853125 0.5576171875 0.90390625 0.5576171875
7 0.8359375 0.4755859375 0.86796875 0.4755859375 0.8359375 0.5498046875 0.86796875 0.5498046875
7 0.80390625 0.4560546875 0.82734375 0.4560546875 0.80390625 0.5 0.82734375 0.5
7 0.82890625 0.4404296875 0.8609375 0.4404296875 0.82890625 0.490234375 0.8609375 0.490234375
7 0.725 0.462890625 0.73671875 0.462890625 0.725 0.5048828125 0.73671875 0.5048828125
7 0.7390625 0.4619140625 0.75546875 0.4619140625 0.7390625 0.5205078125 0.75546875 0.5205078125
7 0.6734375 0.4541015625 0.6890625 0.4541015625 0.6734375 0.4951171875 0.6890625 0.4951171875
7 0.58359375 0.4482421875 0.59453125 0.4482421875 0.58359375 0.484375 0.59453125 0.484375
7 0.46328125 0.451171875 0.4734375 0.451171875 0.46328125 0.48828125 0.4734375 0.48828125
7 0.33515625 0.44921875 0.34296875 0.44921875 0.33515625 0.47265625 0.34296875 0.47265625
0 0.03828125 0.5205078125 0.06875 0.5205078125 0.03828125 0.57421875 0.06875 0.57421875
0 0.0921875 0.498046875 0.12265625 0.498046875 0.0921875 0.572265625 0.12265625 0.572265625
0 0.09296875 0.51171875 0.13984375 0.51171875 0.09296875 0.55859375 0.13984375 0.55859375
0 0.275 0.4873046875 0.28359375 0.4873046875 0.275 0.515625 0.28359375 0.515625
0 0.64296875 0.515625 0.675 0.515625 0.64296875 0.5546875 0.675 0.5546875
0 0.640625 0.4755859375 0.6875 0.4755859375 0.640625 0.5439453125 0.6875 0.5439453125
0 0.621875 0.4775390625 0.653125 0.4775390625 0.621875 0.52734375 0.653125 0.52734375
0 0.471875 0.484375 0.47890625 0.484375 0.471875 0.513671875 0.47890625 0.513671875
0 0.62890625 0.46875 0.64765625 0.46875 0.62890625 0.50390625 0.64765625 0.50390625
5 0.54609375 0.484375 0.621875 0.484375 0.54609375 0.546875 0.621875 0.546875
2 0.52109375 0.4599609375 0.59609375 0.4599609375 0.52109375 0.5361328125 0.59609375 0.5361328125
2 0.5046875 0.4658203125 0.53359375 0.4658203125 0.5046875 0.5185546875 0.53359375 0.5185546875
2 0.49921875 0.4619140625 0.53046875 0.4619140625 0.49921875 0.505859375 0.53046875 0.505859375
2 0.49453125 0.4619140625 0.51015625 0.4619140625 0.49453125 0.5009765625 0.51015625 0.5009765625
2 0.47421875 0.4482421875 0.5015625 0.4482421875 0.47421875 0.4794921875 0.5015625 0.4794921875
2 0.396875 0.4619140625 0.46875 0.4619140625 0.396875 0.5390625 0.46875 0.5390625
2 0.3515625 0.455078125 0.38203125 0.455078125 0.3515625 0.490234375 0.38203125 0.490234375
2 0.390625 0.453125 0.40703125 0.453125 0.390625 0.46875 0.40703125 0.46875
2 0.41875 0.4541015625 0.43203125 0.4541015625 0.41875 0.462890625 0.43203125 0.462890625
2 0.45 0.44921875 0.46171875 0.44921875 0.45 0.462890625 0.46171875 0.462890625
7 0.2734375 0.4677734375 0.28671875 0.4677734375 0.2734375 0.5078125 0.28671875 0.5078125
7 0.46796875 0.458984375 0.48203125 0.458984375 0.46796875 0.5029296875 0.48203125 0.5029296875
3 0.31015625 0.4736328125 0.3171875 0.4736328125 0.31015625 0.48828125 0.3171875 0.48828125