4 0.46 0.41375 0.46555555555555556 0.41375 0.46 0.425625 0.46555555555555556 0.425625
4 0.495 0.409375 0.5005555555555555 0.409375 0.495 0.42 0.5005555555555555 0.42
4 0.52 0.415625 0.525 0.415625 0.52 0.425 0.525 0.425
4 0.5505555555555556 0.415 0.5561111111111111 0.415 0.5505555555555556 0.425 0.5561111111111111 0.425
4 0.4116666666666667 0.44375 0.41555555555555557 0.44375 0.4116666666666667 0.450625 0.41555555555555557 0.450625
9 0.23833333333333334 0.436875 0.24944444444444444 0.436875 0.23833333333333334 0.45375 0.24944444444444444 0.45375
9 0.32166666666666666 0.444375 0.33111111111111113 0.444375 0.32166666666666666 0.45625 0.33111111111111113 0.45625
9 0.4261111111111111 0.43125 0.44055555555555553 0.43125 0.4261111111111111 0.435 0.44055555555555553 0.435
9 0.575 0.4275 0.5883333333333334 0.4275 0.575 0.431875 0.5883333333333334 0.431875
9 0.5927777777777777 0.398125 0.6188888888888889 0.398125 0.5927777777777777 0.428125 0.6188888888888889 0.428125
9 0.5994444444444444 0.429375 0.6133333333333333 0.429375 0.5994444444444444 0.44125 0.6133333333333333 0.44125
9 0.635 0.426875 0.6455555555555555 0.426875 0.635 0.4425 0.6455555555555555 0.4425
9 0.6233333333333333 0.434375 0.6305555555555555 0.434375 0.6233333333333333 0.44375 0.6305555555555555 0.44375
2 0.4222222222222222 0.46 0.45 0.46 0.4222222222222222 0.473125 0.45 0.473125
2 0.46166666666666667 0.456875 0.47444444444444445 0.456875 0.46166666666666667 0.46875 0.47444444444444445 0.46875
2 0.49722222222222223 0.45375 0.5233333333333333 0.45375 0.49722222222222223 0.468125 0.5233333333333333 0.468125
2 0.5261111111111111 0.45 0.5427777777777778 0.45 0.5261111111111111 0.46625 0.5427777777777778 0.46625
2 0.5844444444444444 0.448125 0.6033333333333334 0.448125 0.5844444444444444 0.46625 0.6033333333333334 0.46625
2 0.5538888888888889 0.446875 0.5783333333333334 0.446875 0.5538888888888889 0.47 0.5783333333333334 0.47
3 0.22555555555555556 0.479375 0.23277777777777778 0.479375 0.22555555555555556 0.49625 0.23277777777777778 0.49625
6 0 0.4525 0.09833333333333333 0.4525 0 0.494375 0.09833333333333333 0.494375