9 0.17166666666666666 0.384375 0.2 0.384375 0.17166666666666666 0.43375 0.2 0.43375
9 0.5338888888888889 0.396875 0.5572222222222222 0.396875 0.5338888888888889 0.423125 0.5572222222222222 0.423125
9 0.36 0.431875 0.36833333333333335 0.431875 0.36 0.44125 0.36833333333333335 0.44125
13 0.45166666666666666 0.42875 0.4761111111111111 0.42875 0.45166666666666666 0.46375 0.4761111111111111 0.46375
2 0.21 0.46 0.28055555555555556 0.46 0.21 0.514375 0.28055555555555556 0.514375
2 0.2727777777777778 0.4575 0.3194444444444444 0.4575 0.2727777777777778 0.499375 0.3194444444444444 0.499375
2 0.31277777777777777 0.45375 0.3333333333333333 0.45375 0.31277777777777777 0.488125 0.3333333333333333 0.488125
2 0.325 0.441875 0.38555555555555554 0.441875 0.325 0.49625 0.38555555555555554 0.49625
2 0.37777777777777777 0.449375 0.39222222222222225 0.449375 0.37777777777777777 0.4675 0.39222222222222225 0.4675
2 0.3877777777777778 0.449375 0.4011111111111111 0.449375 0.3877777777777778 0.465625 0.4011111111111111 0.465625
2 0.4027777777777778 0.45125 0.4122222222222222 0.45125 0.4027777777777778 0.46125 0.4122222222222222 0.46125
2 0.415 0.451875 0.42277777777777775 0.451875 0.415 0.46 0.42277777777777775 0.46
2 0.42333333333333334 0.45125 0.45166666666666666 0.45125 0.42333333333333334 0.478125 0.45166666666666666 0.478125
2 0.46 0.44625 0.48444444444444446 0.44625 0.46 0.46875 0.48444444444444446 0.46875
2 0.4861111111111111 0.450625 0.49944444444444447 0.450625 0.4861111111111111 0.4875 0.49944444444444447 0.4875
2 0.4922222222222222 0.44875 0.5211111111111111 0.44875 0.4922222222222222 0.491875 0.5211111111111111 0.491875
2 0.505 0.448125 0.5794444444444444 0.448125 0.505 0.509375 0.5794444444444444 0.509375
2 0.5866666666666667 0.43625 0.655 0.43625 0.5866666666666667 0.466875 0.655 0.466875