1 0.7322222222222222 0.0075 0.9994444444444445 0.0075 0.7322222222222222 0.750625 0.9994444444444445 0.750625
9 0.5216666666666666 0.331875 0.5566666666666666 0.331875 0.5216666666666666 0.345 0.5566666666666666 0.345
9 0.5155555555555555 0.27875 0.5644444444444444 0.27875 0.5155555555555555 0.3325 0.5644444444444444 0.3325
9 0.04611111111111111 0.395 0.06277777777777778 0.395 0.04611111111111111 0.40375 0.06277777777777778 0.40375
9 0.04055555555555555 0.358125 0.07 0.358125 0.04055555555555555 0.395 0.07 0.395
9 0.07611111111111112 0.4525 0.09222222222222222 0.4525 0.07611111111111112 0.465625 0.09222222222222222 0.465625
7 0.5255555555555556 0.433125 0.5472222222222223 0.433125 0.5255555555555556 0.503125 0.5472222222222223 0.503125
7 0.435 0.421875 0.465 0.421875 0.435 0.523125 0.465 0.523125
7 0.47333333333333333 0.425 0.4988888888888889 0.425 0.47333333333333333 0.5225 0.4988888888888889 0.5225
7 0.6011111111111112 0.43125 0.6327777777777778 0.43125 0.6011111111111112 0.54 0.6327777777777778 0.54
7 0.6605555555555556 0.485 0.6855555555555556 0.485 0.6605555555555556 0.525625 0.6855555555555556 0.525625
7 0.6738888888888889 0.4925 0.7061111111111111 0.4925 0.6738888888888889 0.52375 0.7061111111111111 0.52375
7 0.030555555555555555 0.435625 0.05611111111111111 0.435625 0.030555555555555555 0.52 0.05611111111111111 0.52
7 0.13944444444444445 0.421875 0.16 0.421875 0.13944444444444445 0.526875 0.16 0.526875
7 0.11611111111111111 0.43125 0.15 0.43125 0.11611111111111111 0.526875 0.15 0.526875
2 0 0.45625 0.011111111111111112 0.45625 0 0.520625 0.011111111111111112 0.520625
2 0.4988888888888889 0.44625 0.5244444444444445 0.44625 0.4988888888888889 0.4725 0.5244444444444445 0.4725
2 0.42944444444444446 0.440625 0.475 0.440625 0.42944444444444446 0.491875 0.475 0.491875
2 0.3605555555555556 0.45375 0.4461111111111111 0.45375 0.3605555555555556 0.514375 0.4461111111111111 0.514375
7 0.6027777777777777 0.43125 0.6188888888888889 0.43125 0.6027777777777777 0.468125 0.6188888888888889 0.468125