9 0.65 0.3779296875 0.69140625 0.3779296875 0.65 0.4306640625 0.69140625 0.4306640625
9 0.66015625 0.4306640625 0.684375 0.4306640625 0.66015625 0.439453125 0.684375 0.439453125
9 0.740625 0.38671875 0.76171875 0.38671875 0.740625 0.423828125 0.76171875 0.423828125
9 0.08984375 0.3974609375 0.10390625 0.3974609375 0.08984375 0.408203125 0.10390625 0.408203125
7 0.93671875 0.4677734375 0.96875 0.4677734375 0.93671875 0.6005859375 0.96875 0.6005859375
0 0.61171875 0.537109375 0.6625 0.537109375 0.61171875 0.6494140625 0.6625 0.6494140625
0 0.94921875 0.58203125 0.99921875 0.58203125 0.94921875 0.7353515625 0.99921875 0.7353515625
0 0.83203125 0.58203125 0.9265625 0.58203125 0.83203125 0.7509765625 0.9265625 0.7509765625
0 0.78203125 0.51953125 0.8484375 0.51953125 0.78203125 0.646484375 0.8484375 0.646484375
0 0.83828125 0.4697265625 0.91796875 0.4697265625 0.83828125 0.5439453125 0.91796875 0.5439453125
0 0.71796875 0.5166015625 0.7515625 0.5166015625 0.71796875 0.59765625 0.7515625 0.59765625
2 0.82421875 0.4345703125 0.9296875 0.4345703125 0.82421875 0.490234375 0.9296875 0.490234375
2 0.11171875 0.4794921875 0.1421875 0.4794921875 0.11171875 0.5009765625 0.1421875 0.5009765625
2 0.02421875 0.486328125 0.06484375 0.486328125 0.02421875 0.51171875 0.06484375 0.51171875
2 0.56171875 0.4755859375 0.69375 0.4755859375 0.56171875 0.5478515625 0.69375 0.5478515625
2 0.63046875 0.4501953125 0.653125 0.4501953125 0.63046875 0.46875 0.653125 0.46875
7 0.60234375 0.484375 0.671875 0.484375 0.60234375 0.6337890625 0.671875 0.6337890625