4 0.00625 0.3818359375 0.025 0.3818359375 0.00625 0.439453125 0.025 0.439453125
4 0.1890625 0.2744140625 0.20546875 0.2744140625 0.1890625 0.32421875 0.20546875 0.32421875
4 0.2484375 0.2978515625 0.26171875 0.2978515625 0.2484375 0.33984375 0.26171875 0.33984375
4 0.3046875 0.40234375 0.31796875 0.40234375 0.3046875 0.439453125 0.31796875 0.439453125
4 0.51015625 0.3994140625 0.52265625 0.3994140625 0.51015625 0.4384765625 0.52265625 0.4384765625
4 0.8453125 0.3193359375 0.8578125 0.3193359375 0.8453125 0.3544921875 0.8578125 0.3544921875
4 0.915625 0.361328125 0.92890625 0.361328125 0.915625 0.396484375 0.92890625 0.396484375
7 0.953125 0.458984375 0.96640625 0.458984375 0.953125 0.5087890625 0.96640625 0.5087890625
7 0.93984375 0.44921875 0.953125 0.44921875 0.93984375 0.50390625 0.953125 0.50390625
2 0.7875 0.458984375 0.80703125 0.458984375 0.7875 0.48046875 0.80703125 0.48046875
2 0.7171875 0.4580078125 0.76796875 0.4580078125 0.7171875 0.513671875 0.76796875 0.513671875