7 0.4734375 0.4775390625 0.4921875 0.4775390625 0.4734375 0.5498046875 0.4921875 0.5498046875
2 0.87890625 0.5087890625 0.99921875 0.5087890625 0.87890625 0.6416015625 0.99921875 0.6416015625
2 0.165625 0.4970703125 0.346875 0.4970703125 0.165625 0.60546875 0.346875 0.60546875
2 0.27890625 0.498046875 0.36953125 0.498046875 0.27890625 0.546875 0.36953125 0.546875
2 0.278125 0.533203125 0.4609375 0.533203125 0.278125 0.6953125 0.4609375 0.6953125
2 0.40078125 0.4736328125 0.46796875 0.4736328125 0.40078125 0.5498046875 0.46796875 0.5498046875
2 0.43515625 0.466796875 0.49375 0.466796875 0.43515625 0.51171875 0.49375 0.51171875
2 0.46953125 0.4765625 0.51796875 0.4765625 0.46953125 0.5263671875 0.51796875 0.5263671875
2 0.509375 0.4716796875 0.54765625 0.4716796875 0.509375 0.5029296875 0.54765625 0.5029296875
2 0.49140625 0.4990234375 0.584375 0.4990234375 0.49140625 0.5791015625 0.584375 0.5791015625
2 0.5609375 0.4716796875 0.5828125 0.4716796875 0.5609375 0.5 0.5828125 0.5
2 0.571875 0.4697265625 0.6296875 0.4697265625 0.571875 0.5283203125 0.6296875 0.5283203125
2 0.609375 0.4541015625 0.64375 0.4541015625 0.609375 0.4853515625 0.64375 0.4853515625
2 0.66796875 0.45703125 0.68828125 0.45703125 0.66796875 0.4794921875 0.68828125 0.4794921875
2 0.678125 0.453125 0.69140625 0.453125 0.678125 0.4716796875 0.69140625 0.4716796875
2 0.721875 0.4521484375 0.746875 0.4521484375 0.721875 0.4658203125 0.746875 0.4658203125
2 0.74609375 0.4521484375 0.76875 0.4521484375 0.74609375 0.470703125 0.76875 0.470703125
2 0.7546875 0.45703125 0.76875 0.45703125 0.7546875 0.48046875 0.76875 0.48046875
2 0.75546875 0.458984375 0.7734375 0.458984375 0.75546875 0.4853515625 0.7734375 0.4853515625
2 0.7640625 0.4638671875 0.78046875 0.4638671875 0.7640625 0.4892578125 0.78046875 0.4892578125
2 0.77734375 0.4443359375 0.79765625 0.4443359375 0.77734375 0.4560546875 0.79765625 0.4560546875
2 0.76953125 0.4677734375 0.79296875 0.4677734375 0.76953125 0.5009765625 0.79296875 0.5009765625
2 0.7765625 0.4716796875 0.81171875 0.4716796875 0.7765625 0.5068359375 0.81171875 0.5068359375
2 0.79296875 0.4736328125 0.8234375 0.4736328125 0.79296875 0.5224609375 0.8234375 0.5224609375
2 0.8078125 0.474609375 0.83671875 0.474609375 0.8078125 0.533203125 0.83671875 0.533203125
2 0.815625 0.47265625 0.86171875 0.47265625 0.815625 0.544921875 0.86171875 0.544921875
2 0.85078125 0.490234375 0.95 0.490234375 0.85078125 0.6005859375 0.95 0.6005859375
2 0.84453125 0.46484375 0.9453125 0.46484375 0.84453125 0.568359375 0.9453125 0.568359375
2 0.8328125 0.482421875 0.86015625 0.482421875 0.8328125 0.5546875 0.86015625 0.5546875
2 0.6953125 0.4501953125 0.71328125 0.4501953125 0.6953125 0.4619140625 0.71328125 0.4619140625
2 0.6859375 0.447265625 0.69921875 0.447265625 0.6859375 0.4609375 0.69921875 0.4609375
2 0.6734375 0.4462890625 0.6859375 0.4462890625 0.6734375 0.458984375 0.6859375 0.458984375