1 0.4632352941176471 0.4482421875 0.4910130718954248 0.4482421875 0.4632352941176471 0.4677734375 0.4910130718954248 0.4677734375
4 0.4133986928104575 0.41796875 0.41748366013071897 0.41796875 0.4133986928104575 0.4306640625 0.41748366013071897 0.4306640625
9 0.4444444444444444 0.54296875 0.4714052287581699 0.54296875 0.4444444444444444 0.55078125 0.4714052287581699 0.55078125
9 0.5351307189542484 0.4111328125 0.5694444444444444 0.4111328125 0.5351307189542484 0.4189453125 0.5694444444444444 0.4189453125
9 0.5351307189542484 0.4189453125 0.5694444444444444 0.4189453125 0.5351307189542484 0.42578125 0.5694444444444444 0.42578125
9 0.6176470588235294 0.412109375 0.6470588235294118 0.412109375 0.6176470588235294 0.4189453125 0.6470588235294118 0.4189453125
9 0.6184640522875817 0.4189453125 0.6470588235294118 0.4189453125 0.6184640522875817 0.4248046875 0.6470588235294118 0.4248046875
9 0.16258169934640523 0.365234375 0.20506535947712418 0.365234375 0.16258169934640523 0.46875 0.20506535947712418 0.46875
9 0.5759803921568627 0.4140625 0.6111111111111112 0.4140625 0.5759803921568627 0.421875 0.6111111111111112 0.421875
13 0 0.408203125 0.1119281045751634 0.408203125 0 0.5224609375 0.1119281045751634 0.5224609375
13 0.619281045751634 0.4501953125 0.6380718954248366 0.4501953125 0.619281045751634 0.478515625 0.6380718954248366 0.478515625
13 0.6004901960784313 0.4462890625 0.6200980392156863 0.4462890625 0.6004901960784313 0.47265625 0.6200980392156863 0.47265625
13 0.49836601307189543 0.4521484375 0.5130718954248366 0.4521484375 0.49836601307189543 0.46875 0.5130718954248366 0.46875
13 0.6535947712418301 0.412109375 0.7524509803921569 0.412109375 0.6535947712418301 0.5166015625 0.7524509803921569 0.5166015625
2 0.40604575163398693 0.484375 0.5106209150326797 0.484375 0.40604575163398693 0.5849609375 0.5106209150326797 0.5849609375
2 0.7834967320261438 0.48828125 0.9256535947712419 0.48828125 0.7834967320261438 0.595703125 0.9256535947712419 0.595703125
2 0.6715686274509803 0.48046875 0.7377450980392157 0.48046875 0.6715686274509803 0.5380859375 0.7377450980392157 0.5380859375
2 0.5972222222222222 0.4716796875 0.6225490196078431 0.4716796875 0.5972222222222222 0.4970703125 0.6225490196078431 0.4970703125
2 0.48447712418300654 0.4716796875 0.5326797385620915 0.4716796875 0.48447712418300654 0.5244140625 0.5326797385620915 0.5244140625
2 0.5179738562091504 0.4697265625 0.5334967320261438 0.4697265625 0.5179738562091504 0.5 0.5334967320261438 0.5
2 0.16176470588235295 0.4638671875 0.23284313725490197 0.4638671875 0.16176470588235295 0.5224609375 0.23284313725490197 0.5224609375
2 0.08905228758169935 0.4755859375 0.22712418300653595 0.4755859375 0.08905228758169935 0.560546875 0.22712418300653595 0.560546875
2 0.19362745098039216 0.4501953125 0.26062091503267976 0.4501953125 0.19362745098039216 0.5107421875 0.26062091503267976 0.5107421875
2 0.3227124183006536 0.4677734375 0.375 0.4677734375 0.3227124183006536 0.505859375 0.375 0.505859375
2 0.28513071895424835 0.4580078125 0.33088235294117646 0.4580078125 0.28513071895424835 0.4990234375 0.33088235294117646 0.4990234375
2 0.3660130718954248 0.46875 0.3888888888888889 0.46875 0.3660130718954248 0.4951171875 0.3888888888888889 0.4951171875
2 0.3831699346405229 0.4619140625 0.40604575163398693 0.4619140625 0.3831699346405229 0.4833984375 0.40604575163398693 0.4833984375
2 0.41094771241830064 0.4658203125 0.4354575163398693 0.4658203125 0.41094771241830064 0.48828125 0.4354575163398693 0.48828125
2 0.4542483660130719 0.4658203125 0.477124183006536 0.4658203125 0.4542483660130719 0.482421875 0.477124183006536 0.482421875
2 0.434640522875817 0.4619140625 0.4534313725490196 0.4619140625 0.434640522875817 0.4794921875 0.4534313725490196 0.4794921875
2 0.5645424836601307 0.470703125 0.5996732026143791 0.470703125 0.5645424836601307 0.5048828125 0.5996732026143791 0.5048828125
2 0.5580065359477124 0.470703125 0.5735294117647058 0.470703125 0.5580065359477124 0.4931640625 0.5735294117647058 0.4931640625
2 0.5931372549019608 0.4677734375 0.6086601307189542 0.4677734375 0.5931372549019608 0.4853515625 0.6086601307189542 0.4853515625
2 0.25980392156862747 0.458984375 0.2973856209150327 0.458984375 0.25980392156862747 0.49609375 0.2973856209150327 0.49609375
2 0.4738562091503268 0.466796875 0.48937908496732024 0.466796875 0.4738562091503268 0.4814453125 0.48937908496732024 0.4814453125
2 0.5179738562091504 0.4599609375 0.5277777777777778 0.4599609375 0.5179738562091504 0.4697265625 0.5277777777777778 0.4697265625
2 0.548202614379085 0.4599609375 0.5563725490196079 0.4599609375 0.548202614379085 0.466796875 0.5563725490196079 0.466796875
2 0.5277777777777778 0.4638671875 0.5383986928104575 0.4638671875 0.5277777777777778 0.47265625 0.5383986928104575 0.47265625
2 0.5531045751633987 0.4560546875 0.5629084967320261 0.4560546875 0.5531045751633987 0.46484375 0.5629084967320261 0.46484375
2 0.5727124183006536 0.4560546875 0.579248366013072 0.4560546875 0.5727124183006536 0.4638671875 0.579248366013072 0.4638671875
2 0.5784313725490197 0.455078125 0.5833333333333334 0.455078125 0.5784313725490197 0.4619140625 0.5833333333333334 0.4619140625
2 0.5841503267973857 0.4560546875 0.5898692810457516 0.4560546875 0.5841503267973857 0.4599609375 0.5898692810457516 0.4599609375
2 0.5955882352941176 0.45703125 0.6045751633986928 0.45703125 0.5955882352941176 0.4677734375 0.6045751633986928 0.4677734375
2 0.5359477124183006 0.4560546875 0.5433006535947712 0.4560546875 0.5359477124183006 0.4638671875 0.5433006535947712 0.4638671875
2 0.5816993464052288 0.4580078125 0.5931372549019608 0.4580078125 0.5816993464052288 0.470703125 0.5931372549019608 0.470703125
2 0.5277777777777778 0.458984375 0.5367647058823529 0.458984375 0.5277777777777778 0.4658203125 0.5367647058823529 0.4658203125
6 0.12908496732026145 0.419921875 0.23039215686274508 0.419921875 0.12908496732026145 0.478515625 0.23039215686274508 0.478515625