4 0.22058823529411764 0.455078125 0.22712418300653595 0.455078125 0.22058823529411764 0.4638671875 0.22712418300653595 0.4638671875
4 0.26143790849673204 0.447265625 0.26715686274509803 0.447265625 0.26143790849673204 0.4599609375 0.26715686274509803 0.4599609375
4 0.3014705882352941 0.451171875 0.3055555555555556 0.451171875 0.3014705882352941 0.4580078125 0.3055555555555556 0.4580078125
4 0.42483660130718953 0.431640625 0.4305555555555556 0.431640625 0.42483660130718953 0.4384765625 0.4305555555555556 0.4384765625
4 0.5988562091503268 0.2666015625 0.6143790849673203 0.2666015625 0.5988562091503268 0.3076171875 0.6143790849673203 0.3076171875
9 0.6013071895424836 0.40234375 0.6184640522875817 0.40234375 0.6013071895424836 0.4091796875 0.6184640522875817 0.4091796875
9 0.6013071895424836 0.4091796875 0.6160130718954249 0.4091796875 0.6013071895424836 0.41796875 0.6160130718954249 0.41796875
9 0.5841503267973857 0.4033203125 0.6013071895424836 0.4033203125 0.5841503267973857 0.4111328125 0.6013071895424836 0.4111328125
9 0.5841503267973857 0.4111328125 0.6013071895424836 0.4111328125 0.5841503267973857 0.4189453125 0.6013071895424836 0.4189453125
9 0.5898692810457516 0.400390625 0.5964052287581699 0.400390625 0.5898692810457516 0.4033203125 0.5964052287581699 0.4033203125
9 0.5334967320261438 0.439453125 0.5424836601307189 0.439453125 0.5334967320261438 0.4541015625 0.5424836601307189 0.4541015625
9 0.4019607843137255 0.4345703125 0.4133986928104575 0.4345703125 0.4019607843137255 0.4501953125 0.4133986928104575 0.4501953125
9 0.24591503267973855 0.4287109375 0.26143790849673204 0.4287109375 0.24591503267973855 0.4482421875 0.26143790849673204 0.4482421875
9 0.25 0.447265625 0.2581699346405229 0.447265625 0.25 0.453125 0.2581699346405229 0.453125
13 0.6535947712418301 0.375 0.75 0.375 0.6535947712418301 0.525390625 0.75 0.525390625
5 0.4019607843137255 0.4716796875 0.4150326797385621 0.4716796875 0.4019607843137255 0.505859375 0.4150326797385621 0.505859375
5 0.40522875816993464 0.4755859375 0.42483660130718953 0.4755859375 0.40522875816993464 0.5126953125 0.42483660130718953 0.5126953125
2 0.5171568627450981 0.443359375 0.5498366013071896 0.443359375 0.5171568627450981 0.4814453125 0.5498366013071896 0.4814453125
2 0.5490196078431373 0.451171875 0.5718954248366013 0.451171875 0.5490196078431373 0.4599609375 0.5718954248366013 0.4599609375
2 0.4852941176470588 0.455078125 0.5228758169934641 0.455078125 0.4852941176470588 0.4912109375 0.5228758169934641 0.4912109375
2 0.4730392156862745 0.4580078125 0.4950980392156863 0.4580078125 0.4730392156862745 0.4853515625 0.4950980392156863 0.4853515625
2 0.44281045751633985 0.46484375 0.47875816993464054 0.46484375 0.44281045751633985 0.49609375 0.47875816993464054 0.49609375
2 0.6331699346405228 0.4443359375 0.6568627450980392 0.4443359375 0.6331699346405228 0.4990234375 0.6568627450980392 0.4990234375
2 0.5245098039215687 0.453125 0.6552287581699346 0.453125 0.5245098039215687 0.552734375 0.6552287581699346 0.552734375
2 0.6756535947712419 0.46484375 0.755718954248366 0.46484375 0.6756535947712419 0.548828125 0.755718954248366 0.548828125
2 0.704248366013072 0.466796875 0.8145424836601307 0.466796875 0.704248366013072 0.5869140625 0.8145424836601307 0.5869140625
2 0.7369281045751634 0.47265625 0.954248366013072 0.47265625 0.7369281045751634 0.6611328125 0.954248366013072 0.6611328125
2 0.9052287581699346 0.455078125 0.9795751633986928 0.455078125 0.9052287581699346 0.4736328125 0.9795751633986928 0.4736328125
2 0.9379084967320261 0.4580078125 0.9991830065359477 0.4580078125 0.9379084967320261 0.478515625 0.9991830065359477 0.478515625
2 0.8521241830065359 0.4873046875 0.9991830065359477 0.4873046875 0.8521241830065359 0.8359375 0.9991830065359477 0.8359375
2 0.3799019607843137 0.4892578125 0.6781045751633987 0.4892578125 0.3799019607843137 0.78515625 0.6781045751633987 0.78515625
7 0.4035947712418301 0.4619140625 0.41421568627450983 0.4619140625 0.4035947712418301 0.486328125 0.41421568627450983 0.486328125
7 0.4076797385620915 0.4638671875 0.42483660130718953 0.4638671875 0.4076797385620915 0.5029296875 0.42483660130718953 0.5029296875