0 0.29140625 0.49609375 0.3234375 0.49609375 0.29140625 0.5283203125 0.3234375 0.5283203125
2 0.603125 0.4306640625 0.62421875 0.4306640625 0.603125 0.44921875 0.62421875 0.44921875
2 0.81875 0.6279296875 0.99921875 0.6279296875 0.81875 0.9990234375 0.99921875 0.9990234375
2 0 0.49609375 0.15390625 0.49609375 0 0.732421875 0.15390625 0.732421875
2 0.1296875 0.5087890625 0.228125 0.5087890625 0.1296875 0.6572265625 0.228125 0.6572265625
2 0.20546875 0.51953125 0.271875 0.51953125 0.20546875 0.6123046875 0.271875 0.6123046875
2 0.3203125 0.470703125 0.3890625 0.470703125 0.3203125 0.53515625 0.3890625 0.53515625
2 0.3765625 0.4658203125 0.4296875 0.4658203125 0.3765625 0.513671875 0.4296875 0.513671875
2 0.4 0.453125 0.44921875 0.453125 0.4 0.505859375 0.44921875 0.505859375
2 0.44140625 0.4599609375 0.4609375 0.4599609375 0.44140625 0.4990234375 0.4609375 0.4990234375
2 0.4515625 0.458984375 0.48046875 0.458984375 0.4515625 0.4912109375 0.48046875 0.4912109375
2 0.475 0.458984375 0.48671875 0.458984375 0.475 0.486328125 0.48671875 0.486328125
2 0.47890625 0.4560546875 0.50390625 0.4560546875 0.47890625 0.4833984375 0.50390625 0.4833984375
2 0.496875 0.455078125 0.5140625 0.455078125 0.496875 0.48046875 0.5140625 0.48046875
2 0.50703125 0.4521484375 0.52890625 0.4521484375 0.50703125 0.474609375 0.52890625 0.474609375
2 0.52265625 0.4521484375 0.53671875 0.4521484375 0.52265625 0.4716796875 0.53671875 0.4716796875
2 0.52578125 0.44921875 0.54296875 0.44921875 0.52578125 0.4697265625 0.54296875 0.4697265625
2 0.53984375 0.4462890625 0.56953125 0.4462890625 0.53984375 0.466796875 0.56953125 0.466796875
2 0.56796875 0.44140625 0.59140625 0.44140625 0.56796875 0.462890625 0.59140625 0.462890625
2 0.5828125 0.447265625 0.63515625 0.447265625 0.5828125 0.4970703125 0.63515625 0.4970703125
2 0.56953125 0.4677734375 0.63515625 0.4677734375 0.56953125 0.533203125 0.63515625 0.533203125
2 0.75 0.43359375 0.8328125 0.43359375 0.75 0.5078125 0.8328125 0.5078125
2 0.78046875 0.44140625 0.828125 0.44140625 0.78046875 0.513671875 0.828125 0.513671875
2 0.7875 0.4580078125 0.821875 0.4580078125 0.7875 0.51171875 0.821875 0.51171875
2 0.8171875 0.416015625 0.99921875 0.416015625 0.8171875 0.521484375 0.99921875 0.521484375