9 0.4984375 0.4443359375 0.50078125 0.4443359375 0.4984375 0.4462890625 0.50078125 0.4462890625
9 0.496875 0.4375 0.5015625 0.4375 0.496875 0.4443359375 0.5015625 0.4443359375
9 0.428125 0.443359375 0.4328125 0.443359375 0.428125 0.44921875 0.4328125 0.44921875
9 0.42890625 0.44921875 0.43125 0.44921875 0.42890625 0.451171875 0.43125 0.451171875
7 0.625 0.453125 0.64296875 0.453125 0.625 0.4931640625 0.64296875 0.4931640625
0 0.4703125 0.474609375 0.47734375 0.474609375 0.4703125 0.4931640625 0.47734375 0.4931640625
0 0.40078125 0.490234375 0.41328125 0.490234375 0.40078125 0.5224609375 0.41328125 0.5224609375
2 0 0.525390625 0.084375 0.525390625 0 0.7724609375 0.084375 0.7724609375
2 0.04453125 0.5400390625 0.17421875 0.5400390625 0.04453125 0.6953125 0.17421875 0.6953125
2 0.1140625 0.529296875 0.20625 0.529296875 0.1140625 0.642578125 0.20625 0.642578125
2 0.1828125 0.50390625 0.27734375 0.50390625 0.1828125 0.5908203125 0.27734375 0.5908203125
2 0.23203125 0.4794921875 0.31640625 0.4794921875 0.23203125 0.5693359375 0.31640625 0.5693359375
2 0.3015625 0.486328125 0.34609375 0.486328125 0.3015625 0.5390625 0.34609375 0.5390625
2 0.30546875 0.4736328125 0.35703125 0.4736328125 0.30546875 0.53125 0.35703125 0.53125
2 0.36328125 0.470703125 0.39296875 0.470703125 0.36328125 0.50390625 0.39296875 0.50390625
2 0.37734375 0.4677734375 0.40078125 0.4677734375 0.37734375 0.4970703125 0.40078125 0.4970703125
2 0.39375 0.4609375 0.41796875 0.4609375 0.39375 0.4873046875 0.41796875 0.4873046875
2 0.4109375 0.458984375 0.42421875 0.458984375 0.4109375 0.484375 0.42421875 0.484375
2 0.4203125 0.458984375 0.43203125 0.458984375 0.4203125 0.4794921875 0.43203125 0.4794921875
2 0.4265625 0.45703125 0.4375 0.45703125 0.4265625 0.4765625 0.4375 0.4765625
2 0.42890625 0.455078125 0.4421875 0.455078125 0.42890625 0.4716796875 0.4421875 0.4716796875
2 0.44375 0.4580078125 0.46328125 0.4580078125 0.44375 0.4765625 0.46328125 0.4765625
2 0.4640625 0.4541015625 0.475 0.4541015625 0.4640625 0.466796875 0.475 0.466796875
2 0.4390625 0.453125 0.45 0.453125 0.4390625 0.4619140625 0.45 0.4619140625
2 0.7390625 0.5263671875 0.99921875 0.5263671875 0.7390625 0.9560546875 0.99921875 0.9560546875
2 0.5984375 0.4853515625 0.79140625 0.4853515625 0.5984375 0.6640625 0.79140625 0.6640625
2 0.578125 0.494140625 0.63671875 0.494140625 0.578125 0.615234375 0.63671875 0.615234375
2 0.54296875 0.4814453125 0.6203125 0.4814453125 0.54296875 0.5615234375 0.6203125 0.5615234375
2 0.5265625 0.462890625 0.5875 0.462890625 0.5265625 0.52734375 0.5875 0.52734375
2 0.5140625 0.4658203125 0.5421875 0.4658203125 0.5140625 0.505859375 0.5421875 0.505859375
2 0.4984375 0.4560546875 0.53203125 0.4560546875 0.4984375 0.4931640625 0.53203125 0.4931640625
2 0.48828125 0.4521484375 0.509375 0.4521484375 0.48828125 0.484375 0.509375 0.484375
2 0.4828125 0.4521484375 0.49296875 0.4521484375 0.4828125 0.470703125 0.49296875 0.470703125
2 0.47578125 0.44921875 0.48515625 0.44921875 0.47578125 0.462890625 0.48515625 0.462890625
2 0.97421875 0.4423828125 0.99921875 0.4423828125 0.97421875 0.5 0.99921875 0.5
2 0.4578125 0.453125 0.4671875 0.453125 0.4578125 0.4619140625 0.4671875 0.4619140625
2 0.59375 0.45703125 0.628125 0.45703125 0.59375 0.4833984375 0.628125 0.4833984375
2 0.70625 0.435546875 0.75234375 0.435546875 0.70625 0.455078125 0.75234375 0.455078125
7 0.46953125 0.45703125 0.4796875 0.45703125 0.46953125 0.4912109375 0.4796875 0.4912109375
7 0.39765625 0.4609375 0.415625 0.4609375 0.39765625 0.5126953125 0.415625 0.5126953125