4 0.021111111111111112 0.3975 0.030555555555555555 0.3975 0.021111111111111112 0.4275 0.030555555555555555 0.4275
4 0.021111111111111112 0.429375 0.029444444444444443 0.429375 0.021111111111111112 0.443125 0.029444444444444443 0.443125
4 0.26055555555555554 0.28 0.27 0.28 0.26055555555555554 0.311875 0.27 0.311875
4 0.37277777777777776 0.284375 0.3827777777777778 0.284375 0.37277777777777776 0.318125 0.3827777777777778 0.318125
4 0.5366666666666666 0.36875 0.5488888888888889 0.36875 0.5366666666666666 0.4 0.5488888888888889 0.4
4 0.7288888888888889 0.3575 0.7405555555555555 0.3575 0.7288888888888889 0.3875 0.7405555555555555 0.3875
4 0.7566666666666667 0.405625 0.7677777777777778 0.405625 0.7566666666666667 0.418125 0.7677777777777778 0.418125
4 0.9105555555555556 0 0.9905555555555555 0 0.9105555555555556 0.085 0.9905555555555555 0.085
9 0.2833333333333333 0.284375 0.29777777777777775 0.284375 0.2833333333333333 0.301875 0.29777777777777775 0.301875
9 0.5261111111111111 0.329375 0.5444444444444444 0.329375 0.5261111111111111 0.341875 0.5444444444444444 0.341875
9 0.4855555555555556 0.44125 0.4905555555555556 0.44125 0.4855555555555556 0.4475 0.4905555555555556 0.4475
9 0.485 0.431875 0.4905555555555556 0.431875 0.485 0.440625 0.4905555555555556 0.440625
9 0.5333333333333333 0.413125 0.5427777777777778 0.413125 0.5333333333333333 0.43 0.5427777777777778 0.43
7 0.5344444444444445 0.44625 0.5494444444444444 0.44625 0.5344444444444445 0.491875 0.5494444444444444 0.491875
7 0.5466666666666666 0.44625 0.5627777777777778 0.44625 0.5466666666666666 0.4925 0.5627777777777778 0.4925
7 0.51 0.44875 0.5188888888888888 0.44875 0.51 0.47875 0.5188888888888888 0.47875
7 0.685 0.435625 0.7011111111111111 0.435625 0.685 0.468125 0.7011111111111111 0.468125
7 0.6661111111111111 0.42875 0.6811111111111111 0.42875 0.6661111111111111 0.476875 0.6811111111111111 0.476875
7 0.7944444444444444 0.414375 0.8294444444444444 0.414375 0.7944444444444444 0.525 0.8294444444444444 0.525
7 0.8294444444444444 0.41625 0.8644444444444445 0.41625 0.8294444444444444 0.531875 0.8644444444444445 0.531875
7 0.8838888888888888 0.411875 0.9322222222222222 0.411875 0.8838888888888888 0.53625 0.9322222222222222 0.53625
7 0.9105555555555556 0.40625 0.9394444444444444 0.40625 0.9105555555555556 0.525625 0.9394444444444444 0.525625
7 0.9233333333333333 0.405625 0.95 0.405625 0.9233333333333333 0.510625 0.95 0.510625
7 0.9461111111111111 0.395 0.9827777777777778 0.395 0.9461111111111111 0.535 0.9827777777777778 0.535
7 0.9722222222222222 0.430625 0.9994444444444445 0.430625 0.9722222222222222 0.52625 0.9994444444444445 0.52625
0 0.04055555555555555 0.48 0.06888888888888889 0.48 0.04055555555555555 0.5125 0.06888888888888889 0.5125
0 0.6477777777777778 0.464375 0.6933333333333334 0.464375 0.6477777777777778 0.478125 0.6933333333333334 0.478125
0 0.7072222222222222 0.479375 0.7533333333333333 0.479375 0.7072222222222222 0.601875 0.7533333333333333 0.601875
2 0.07833333333333334 0.421875 0.26222222222222225 0.421875 0.07833333333333334 0.558125 0.26222222222222225 0.558125
2 0.25555555555555554 0.4625 0.2866666666666667 0.4625 0.25555555555555554 0.49625 0.2866666666666667 0.49625
2 0.2727777777777778 0.458125 0.30444444444444446 0.458125 0.2727777777777778 0.4925 0.30444444444444446 0.4925
2 0.29833333333333334 0.459375 0.3211111111111111 0.459375 0.29833333333333334 0.48875 0.3211111111111111 0.48875
2 0.31055555555555553 0.434375 0.4955555555555556 0.434375 0.31055555555555553 0.604375 0.4955555555555556 0.604375
2 0.7677777777777778 0.428125 0.9011111111111111 0.428125 0.7677777777777778 0.495 0.9011111111111111 0.495
7 0.04111111111111111 0.45875 0.06666666666666667 0.45875 0.04111111111111111 0.5075 0.06666666666666667 0.5075
7 0.7038888888888889 0.38625 0.7672222222222222 0.38625 0.7038888888888889 0.58125 0.7672222222222222 0.58125
7 0.7011111111111111 0.411875 0.7344444444444445 0.411875 0.7011111111111111 0.485 0.7344444444444445 0.485