4 0.7598039215686274 0.3701171875 0.7802287581699346 0.3701171875 0.7598039215686274 0.4306640625 0.7802287581699346 0.4306640625
4 0.7720588235294118 0.4501953125 0.7892156862745098 0.4501953125 0.7720588235294118 0.46875 0.7892156862745098 0.46875
4 0.7336601307189542 0.4287109375 0.7573529411764706 0.4287109375 0.7336601307189542 0.451171875 0.7573529411764706 0.451171875
4 0.6503267973856209 0.431640625 0.6617647058823529 0.431640625 0.6503267973856209 0.4599609375 0.6617647058823529 0.4599609375
9 0.03431372549019608 0.458984375 0.05555555555555555 0.458984375 0.03431372549019608 0.4697265625 0.05555555555555555 0.4697265625
9 0.03758169934640523 0.396484375 0.058823529411764705 0.396484375 0.03758169934640523 0.427734375 0.058823529411764705 0.427734375
9 0.031862745098039214 0.427734375 0.05800653594771242 0.427734375 0.031862745098039214 0.4580078125 0.05800653594771242 0.4580078125
9 0.6503267973856209 0.4609375 0.6666666666666666 0.4609375 0.6503267973856209 0.48046875 0.6666666666666666 0.48046875
9 0.4714052287581699 0.4482421875 0.4812091503267974 0.4482421875 0.4714052287581699 0.458984375 0.4812091503267974 0.458984375
9 0.39215686274509803 0.455078125 0.4076797385620915 0.455078125 0.39215686274509803 0.4765625 0.4076797385620915 0.4765625
9 0.3946078431372549 0.4267578125 0.40604575163398693 0.4267578125 0.3946078431372549 0.453125 0.40604575163398693 0.453125
9 0.37254901960784315 0.4462890625 0.39133986928104575 0.4462890625 0.37254901960784315 0.470703125 0.39133986928104575 0.470703125
7 0.013071895424836602 0.4912109375 0.028594771241830064 0.4912109375 0.013071895424836602 0.5390625 0.028594771241830064 0.5390625
7 0.032679738562091505 0.486328125 0.0457516339869281 0.486328125 0.032679738562091505 0.533203125 0.0457516339869281 0.533203125
7 0.9166666666666666 0.5205078125 0.9509803921568627 0.5205078125 0.9166666666666666 0.5869140625 0.9509803921568627 0.5869140625
7 0.8970588235294118 0.5087890625 0.9632352941176471 0.5087890625 0.8970588235294118 0.65234375 0.9632352941176471 0.65234375
7 0.8611111111111112 0.537109375 0.9174836601307189 0.537109375 0.8611111111111112 0.6611328125 0.9174836601307189 0.6611328125
7 0.8406862745098039 0.4931640625 0.9027777777777778 0.4931640625 0.8406862745098039 0.66796875 0.9027777777777778 0.66796875
7 0.6625816993464052 0.5029296875 0.6764705882352942 0.5029296875 0.6625816993464052 0.5556640625 0.6764705882352942 0.5556640625
7 0.6470588235294118 0.49609375 0.6633986928104575 0.49609375 0.6470588235294118 0.5556640625 0.6633986928104575 0.5556640625
7 0.13970588235294118 0.4931640625 0.16584967320261437 0.4931640625 0.13970588235294118 0.5595703125 0.16584967320261437 0.5595703125
13 0.5588235294117647 0.4892578125 0.5776143790849673 0.4892578125 0.5588235294117647 0.5185546875 0.5776143790849673 0.5185546875
5 0.9795751633986928 0.509765625 0.9991830065359477 0.509765625 0.9795751633986928 0.5517578125 0.9991830065359477 0.5517578125
5 0.05228758169934641 0.494140625 0.09640522875816994 0.494140625 0.05228758169934641 0.52734375 0.09640522875816994 0.52734375
5 0.9534313725490197 0.5087890625 0.994281045751634 0.5087890625 0.9534313725490197 0.5556640625 0.994281045751634 0.5556640625
5 0.946078431372549 0.5146484375 0.9828431372549019 0.5146484375 0.946078431372549 0.5576171875 0.9828431372549019 0.5576171875
5 0.5825163398692811 0.5078125 0.6266339869281046 0.5078125 0.5825163398692811 0.537109375 0.6266339869281046 0.537109375
5 0.5874183006535948 0.5107421875 0.6315359477124183 0.5107421875 0.5874183006535948 0.5439453125 0.6315359477124183 0.5439453125
5 0.5947712418300654 0.515625 0.6348039215686274 0.515625 0.5947712418300654 0.546875 0.6348039215686274 0.546875
5 0.37173202614379086 0.505859375 0.4158496732026144 0.505859375 0.37173202614379086 0.56640625 0.4158496732026144 0.56640625
5 0.3284313725490196 0.5078125 0.3929738562091503 0.5078125 0.3284313725490196 0.5693359375 0.3929738562091503 0.5693359375
5 0.309640522875817 0.5107421875 0.36356209150326796 0.5107421875 0.309640522875817 0.5732421875 0.36356209150326796 0.5732421875
5 0.22875816993464052 0.4912109375 0.2549019607843137 0.4912109375 0.22875816993464052 0.5419921875 0.2549019607843137 0.5419921875
5 0.20261437908496732 0.4921875 0.2426470588235294 0.4921875 0.20261437908496732 0.54296875 0.2426470588235294 0.54296875
5 0.11683006535947713 0.5009765625 0.14460784313725492 0.5009765625 0.11683006535947713 0.5361328125 0.14460784313725492 0.5361328125
5 0.17647058823529413 0.498046875 0.20261437908496732 0.498046875 0.17647058823529413 0.5390625 0.20261437908496732 0.5390625
5 0.2696078431372549 0.4990234375 0.28921568627450983 0.4990234375 0.2696078431372549 0.541015625 0.28921568627450983 0.541015625
2 0.6919934640522876 0.5068359375 0.8137254901960784 0.5068359375 0.6919934640522876 0.560546875 0.8137254901960784 0.560546875
2 0.5702614379084967 0.5029296875 0.5939542483660131 0.5029296875 0.5702614379084967 0.5302734375 0.5939542483660131 0.5302734375
2 0.5661764705882353 0.505859375 0.5735294117647058 0.505859375 0.5661764705882353 0.5224609375 0.5735294117647058 0.5224609375
2 0.48284313725490197 0.5048828125 0.5 0.5048828125 0.48284313725490197 0.53125 0.5 0.53125
2 0.4665032679738562 0.5048828125 0.4869281045751634 0.5048828125 0.4665032679738562 0.53515625 0.4869281045751634 0.53515625
2 0.4215686274509804 0.5 0.4738562091503268 0.5 0.4215686274509804 0.5478515625 0.4738562091503268 0.5478515625