9 0.09111111111111111 0.465 0.10444444444444445 0.465 0.09111111111111111 0.480625 0.10444444444444445 0.480625
9 0.6222222222222222 0.42375 0.6366666666666667 0.42375 0.6222222222222222 0.44375 0.6366666666666667 0.44375
9 0.6188888888888889 0.3975 0.6405555555555555 0.3975 0.6188888888888889 0.42125 0.6405555555555555 0.42125
9 0.4938888888888889 0.433125 0.5016666666666667 0.433125 0.4938888888888889 0.444375 0.5016666666666667 0.444375
9 0.37833333333333335 0.454375 0.39 0.454375 0.37833333333333335 0.471875 0.39 0.471875
2 0.44666666666666666 0.425 0.4533333333333333 0.425 0.44666666666666666 0.430625 0.4533333333333333 0.430625
2 0.4494444444444444 0.445 0.4627777777777778 0.445 0.4494444444444444 0.455625 0.4627777777777778 0.455625
2 0.45166666666666666 0.435625 0.46055555555555555 0.435625 0.45166666666666666 0.444375 0.46055555555555555 0.444375
2 0.49333333333333335 0.45 0.5094444444444445 0.45 0.49333333333333335 0.465625 0.5094444444444445 0.465625
2 0.4444444444444444 0.453125 0.47944444444444445 0.453125 0.4444444444444444 0.48625 0.47944444444444445 0.48625
2 0.36 0.460625 0.37833333333333335 0.460625 0.36 0.48 0.37833333333333335 0.48
2 0.33944444444444444 0.46125 0.3566666666666667 0.46125 0.33944444444444444 0.4775 0.3566666666666667 0.4775
2 0.24055555555555555 0.47125 0.2872222222222222 0.47125 0.24055555555555555 0.510625 0.2872222222222222 0.510625