4 0.40390625 0.4228515625 0.409375 0.4228515625 0.40390625 0.4306640625 0.409375 0.4306640625
9 0.6453125 0.4296875 0.66015625 0.4296875 0.6453125 0.44140625 0.66015625 0.44140625
9 0.3671875 0.4384765625 0.375 0.4384765625 0.3671875 0.4501953125 0.375 0.4501953125
9 0.23515625 0.4501953125 0.24453125 0.4501953125 0.23515625 0.4697265625 0.24453125 0.4697265625
9 0.01875 0.4072265625 0.06796875 0.4072265625 0.01875 0.419921875 0.06796875 0.419921875
9 0.0359375 0.3876953125 0.0546875 0.3876953125 0.0359375 0.3994140625 0.0546875 0.3994140625
9 0.50078125 0.4521484375 0.50390625 0.4521484375 0.50078125 0.4580078125 0.50390625 0.4580078125
7 0.7609375 0.470703125 0.79453125 0.470703125 0.7609375 0.56640625 0.79453125 0.56640625
7 0.421875 0.46875 0.42734375 0.46875 0.421875 0.4833984375 0.42734375 0.4833984375
7 0.35703125 0.4619140625 0.3640625 0.4619140625 0.35703125 0.4853515625 0.3640625 0.4853515625
7 0.340625 0.4638671875 0.34921875 0.4638671875 0.340625 0.490234375 0.34921875 0.490234375
7 0.2078125 0.4775390625 0.23203125 0.4775390625 0.2078125 0.5537109375 0.23203125 0.5537109375
7 0.19765625 0.4814453125 0.21328125 0.4814453125 0.19765625 0.552734375 0.21328125 0.552734375
7 0.178125 0.478515625 0.2015625 0.478515625 0.178125 0.5546875 0.2015625 0.5546875
0 0.31328125 0.4716796875 0.3359375 0.4716796875 0.31328125 0.4892578125 0.3359375 0.4892578125
2 0.61484375 0.4873046875 0.71171875 0.4873046875 0.61484375 0.5830078125 0.71171875 0.5830078125
2 0.57421875 0.482421875 0.63515625 0.482421875 0.57421875 0.5419921875 0.63515625 0.5419921875
2 0.5640625 0.4755859375 0.61640625 0.4755859375 0.5640625 0.5302734375 0.61640625 0.5302734375
2 0.55234375 0.4755859375 0.5734375 0.4755859375 0.55234375 0.5224609375 0.5734375 0.5224609375
2 0.53515625 0.4716796875 0.5640625 0.4716796875 0.53515625 0.5078125 0.5640625 0.5078125
2 0.51328125 0.466796875 0.5390625 0.466796875 0.51328125 0.4931640625 0.5390625 0.4931640625
2 0.50390625 0.4658203125 0.51875 0.4658203125 0.50390625 0.486328125 0.51875 0.486328125
2 0.49765625 0.46484375 0.509375 0.46484375 0.49765625 0.486328125 0.509375 0.486328125
2 0.4921875 0.4638671875 0.50234375 0.4638671875 0.4921875 0.4814453125 0.50234375 0.4814453125
2 0.45546875 0.4658203125 0.48046875 0.4658203125 0.45546875 0.490234375 0.48046875 0.490234375
2 0.45 0.466796875 0.45859375 0.466796875 0.45 0.474609375 0.45859375 0.474609375
2 0.37421875 0.4638671875 0.4203125 0.4638671875 0.37421875 0.5126953125 0.4203125 0.5126953125
2 0.43828125 0.4658203125 0.44921875 0.4658203125 0.43828125 0.474609375 0.44921875 0.474609375
2 0.15 0.478515625 0.20078125 0.478515625 0.15 0.5205078125 0.20078125 0.5205078125
2 0.14375 0.4580078125 0.21171875 0.4580078125 0.14375 0.517578125 0.21171875 0.517578125
7 0.25078125 0.4736328125 0.2734375 0.4736328125 0.25078125 0.5615234375 0.2734375 0.5615234375
3 0.353125 0.4765625 0.359375 0.4765625 0.353125 0.49609375 0.359375 0.49609375
10 0.2578125 0.55859375 0.2671875 0.55859375 0.2578125 0.564453125 0.2671875 0.564453125