4 0.2777777777777778 0.3325 0.29444444444444445 0.3325 0.2777777777777778 0.37875 0.29444444444444445 0.37875
4 0.5583333333333333 0.203125 0.5727777777777778 0.203125 0.5583333333333333 0.250625 0.5727777777777778 0.250625
4 0.7383333333333333 0.311875 0.7522222222222222 0.311875 0.7383333333333333 0.358125 0.7522222222222222 0.358125
4 0.7383333333333333 0.38 0.7505555555555555 0.38 0.7383333333333333 0.395 0.7505555555555555 0.395
9 0.6244444444444445 0.419375 0.6322222222222222 0.419375 0.6244444444444445 0.430625 0.6322222222222222 0.430625
7 0.33111111111111113 0.440625 0.3466666666666667 0.440625 0.33111111111111113 0.495625 0.3466666666666667 0.495625
7 0.2238888888888889 0.433125 0.23333333333333334 0.433125 0.2238888888888889 0.459375 0.23333333333333334 0.459375
7 0.5433333333333333 0.4475 0.5511111111111111 0.4475 0.5433333333333333 0.466875 0.5511111111111111 0.466875
0 0.9327777777777778 0.4375 0.9944444444444445 0.4375 0.9327777777777778 0.4875 0.9944444444444445 0.4875
0 0.6077777777777778 0.455625 0.6183333333333333 0.455625 0.6077777777777778 0.4775 0.6183333333333333 0.4775
0 0.6233333333333333 0.456875 0.6338888888888888 0.456875 0.6233333333333333 0.480625 0.6338888888888888 0.480625
0 0.38166666666666665 0.46375 0.4088888888888889 0.46375 0.38166666666666665 0.50375 0.4088888888888889 0.50375
2 0.5016666666666667 0.439375 0.5311111111111111 0.439375 0.5016666666666667 0.486875 0.5311111111111111 0.486875
2 0.46 0.43625 0.5138888888888888 0.43625 0.46 0.49 0.5138888888888888 0.49
2 0.415 0.44875 0.5066666666666667 0.44875 0.415 0.51125 0.5066666666666667 0.51125
2 0.3488888888888889 0.440625 0.41944444444444445 0.440625 0.3488888888888889 0.498125 0.41944444444444445 0.498125
2 0.3188888888888889 0.453125 0.335 0.453125 0.3188888888888889 0.480625 0.335 0.480625
2 0.9388888888888889 0.5375 0.9994444444444445 0.5375 0.9388888888888889 0.798125 0.9994444444444445 0.798125
7 0.6077777777777778 0.44125 0.6183333333333333 0.44125 0.6077777777777778 0.4725 0.6183333333333333 0.4725
7 0.6238888888888889 0.444375 0.6338888888888888 0.444375 0.6238888888888889 0.475625 0.6338888888888888 0.475625
7 0.3827777777777778 0.438125 0.4072222222222222 0.438125 0.3827777777777778 0.495625 0.4072222222222222 0.495625