4 0.33055555555555555 0.420625 0.3338888888888889 0.420625 0.33055555555555555 0.429375 0.3338888888888889 0.429375
4 0.3661111111111111 0.43875 0.36944444444444446 0.43875 0.3661111111111111 0.4475 0.36944444444444446 0.4475
4 0.30666666666666664 0.42 0.31 0.42 0.30666666666666664 0.42875 0.31 0.42875
4 0.3016666666666667 0.41375 0.305 0.41375 0.3016666666666667 0.42375 0.305 0.42375
4 0.2683333333333333 0.415625 0.27166666666666667 0.415625 0.2683333333333333 0.4275 0.27166666666666667 0.4275
9 0.06111111111111111 0.418125 0.07055555555555555 0.418125 0.06111111111111111 0.4375 0.07055555555555555 0.4375
9 0.19777777777777777 0.455625 0.2127777777777778 0.455625 0.19777777777777777 0.504375 0.2127777777777778 0.504375
9 0.43833333333333335 0.406875 0.4572222222222222 0.406875 0.43833333333333335 0.4325 0.4572222222222222 0.4325
9 0.5122222222222222 0.329375 0.5516666666666666 0.329375 0.5122222222222222 0.375625 0.5516666666666666 0.375625
9 0.5222222222222223 0.385 0.5466666666666666 0.385 0.5222222222222223 0.39875 0.5466666666666666 0.39875
9 0.5077777777777778 0.419375 0.5161111111111111 0.419375 0.5077777777777778 0.4275 0.5161111111111111 0.4275
9 0.9416666666666667 0.069375 0.9994444444444445 0.069375 0.9416666666666667 0.171875 0.9994444444444445 0.171875
9 0.5344444444444445 0.445625 0.54 0.445625 0.5344444444444445 0.456875 0.54 0.456875
9 0.5094444444444445 0.4375 0.5138888888888888 0.4375 0.5094444444444445 0.450625 0.5138888888888888 0.450625
7 0.455 0.448125 0.4638888888888889 0.448125 0.455 0.47625 0.4638888888888889 0.47625
7 0.5477777777777778 0.44375 0.5566666666666666 0.44375 0.5477777777777778 0.463125 0.5566666666666666 0.463125
7 0.7111111111111111 0.428125 0.7261111111111112 0.428125 0.7111111111111111 0.478125 0.7261111111111112 0.478125
7 0.6961111111111111 0.425625 0.7127777777777777 0.425625 0.6961111111111111 0.479375 0.7127777777777777 0.479375
7 0.9194444444444444 0.399375 0.9488888888888889 0.399375 0.9194444444444444 0.495 0.9488888888888889 0.495
7 0.9788888888888889 0.42 0.9833333333333333 0.42 0.9788888888888889 0.429375 0.9833333333333333 0.429375
7 0.8688888888888889 0.4275 0.8727777777777778 0.4275 0.8688888888888889 0.435625 0.8727777777777778 0.435625
7 0.7738888888888888 0.434375 0.7766666666666666 0.434375 0.7738888888888888 0.44125 0.7766666666666666 0.44125
7 0.7622222222222222 0.435 0.765 0.435 0.7622222222222222 0.44125 0.765 0.44125
2 0.12777777777777777 0.4625 0.16833333333333333 0.4625 0.12777777777777777 0.49875 0.16833333333333333 0.49875
2 0.16666666666666666 0.468125 0.19 0.468125 0.16666666666666666 0.49125 0.19 0.49125
2 0.18555555555555556 0.46625 0.19833333333333333 0.46625 0.18555555555555556 0.48625 0.19833333333333333 0.48625
2 0.22444444444444445 0.45875 0.24888888888888888 0.45875 0.22444444444444445 0.485 0.24888888888888888 0.485
2 0.24722222222222223 0.4475 0.3372222222222222 0.4475 0.24722222222222223 0.524375 0.3372222222222222 0.524375
2 0.31833333333333336 0.448125 0.3472222222222222 0.448125 0.31833333333333336 0.49375 0.3472222222222222 0.49375
2 0.3488888888888889 0.454375 0.3655555555555556 0.454375 0.3488888888888889 0.475 0.3655555555555556 0.475
2 0.3561111111111111 0.454375 0.37722222222222224 0.454375 0.3561111111111111 0.48125 0.37722222222222224 0.48125
2 0.37222222222222223 0.454375 0.3883333333333333 0.454375 0.37222222222222223 0.483125 0.3883333333333333 0.483125
2 0.38166666666666665 0.45375 0.42444444444444446 0.45375 0.38166666666666665 0.49375 0.42444444444444446 0.49375
2 0.73 0.433125 0.7561111111111111 0.433125 0.73 0.44375 0.7561111111111111 0.44375
0 0.6183333333333333 0.435 0.6438888888888888 0.435 0.6183333333333333 0.46 0.6438888888888888 0.46