9 0.8916666666666667 0.439375 0.9166666666666666 0.439375 0.8916666666666667 0.4775 0.9166666666666666 0.4775
7 0.6433333333333333 0.465625 0.6538888888888889 0.465625 0.6433333333333333 0.51125 0.6538888888888889 0.51125
7 0.6694444444444444 0.4825 0.6872222222222222 0.4825 0.6694444444444444 0.51 0.6872222222222222 0.51
7 0.8055555555555556 0.37375 0.8866666666666667 0.37375 0.8055555555555556 0.603125 0.8866666666666667 0.603125
2 0 0.3925 0.095 0.3925 0 0.611875 0.095 0.611875
2 0.050555555555555555 0.426875 0.21944444444444444 0.426875 0.050555555555555555 0.57375 0.21944444444444444 0.57375
2 0.1438888888888889 0.423125 0.2722222222222222 0.423125 0.1438888888888889 0.53625 0.2722222222222222 0.53625
2 0.2727777777777778 0.466875 0.3433333333333333 0.466875 0.2727777777777778 0.5125 0.3433333333333333 0.5125
2 0.56 0.4625 0.6427777777777778 0.4625 0.56 0.511875 0.6427777777777778 0.511875
6 0.7661111111111111 0.44875 0.9055555555555556 0.44875 0.7661111111111111 0.535625 0.9055555555555556 0.535625
6 0.8872222222222222 0.475625 0.9994444444444445 0.475625 0.8872222222222222 0.575625 0.9994444444444445 0.575625
6 0.33111111111111113 0.389375 0.5616666666666666 0.389375 0.33111111111111113 0.508125 0.5616666666666666 0.508125
6 0.6938888888888889 0.4425 0.7755555555555556 0.4425 0.6938888888888889 0.47 0.7755555555555556 0.47