9 0.25833333333333336 0.46 0.2638888888888889 0.46 0.25833333333333336 0.476875 0.2638888888888889 0.476875
9 0.5116666666666667 0.3575 0.5511111111111111 0.3575 0.5116666666666667 0.40125 0.5511111111111111 0.40125
9 0.5233333333333333 0.403125 0.5416666666666666 0.403125 0.5233333333333333 0.42375 0.5416666666666666 0.42375
9 0.5244444444444445 0.42375 0.5427777777777778 0.42375 0.5244444444444445 0.439375 0.5427777777777778 0.439375
9 0.6322222222222222 0.3175 0.6755555555555556 0.3175 0.6322222222222222 0.384375 0.6755555555555556 0.384375
9 0.8983333333333333 0.4 0.9016666666666666 0.4 0.8983333333333333 0.41 0.9016666666666666 0.41
9 0.8427777777777777 0.405 0.8466666666666667 0.405 0.8427777777777777 0.4175 0.8466666666666667 0.4175
9 0.15388888888888888 0.43 0.16444444444444445 0.43 0.15388888888888888 0.435 0.16444444444444445 0.435
9 0.13722222222222222 0.41 0.14666666666666667 0.41 0.13722222222222222 0.428125 0.14666666666666667 0.428125
2 0.2916666666666667 0.459375 0.32166666666666666 0.459375 0.2916666666666667 0.47875 0.32166666666666666 0.47875
2 0.9227777777777778 0.430625 0.9755555555555555 0.430625 0.9227777777777778 0.45125 0.9755555555555555 0.45125
2 0.8983333333333333 0.431875 0.94 0.431875 0.8983333333333333 0.449375 0.94 0.449375
2 0.8533333333333334 0.428125 0.91 0.428125 0.8533333333333334 0.450625 0.91 0.450625
2 0.8033333333333333 0.445 0.8455555555555555 0.445 0.8033333333333333 0.47375 0.8455555555555555 0.47375
2 0.7994444444444444 0.433125 0.8416666666666667 0.433125 0.7994444444444444 0.455625 0.8416666666666667 0.455625
2 0.7244444444444444 0.44 0.775 0.44 0.7244444444444444 0.469375 0.775 0.469375
2 0.7055555555555556 0.44 0.7405555555555555 0.44 0.7055555555555556 0.455 0.7405555555555555 0.455
2 0.6777777777777778 0.43875 0.7138888888888889 0.43875 0.6777777777777778 0.451875 0.7138888888888889 0.451875
2 0.8405555555555555 0.43 0.8627777777777778 0.43 0.8405555555555555 0.455625 0.8627777777777778 0.455625
2 0.17055555555555554 0.45375 0.18055555555555555 0.45375 0.17055555555555554 0.46625 0.18055555555555555 0.46625
2 0.9711111111111111 0.43125 0.9994444444444445 0.43125 0.9711111111111111 0.44625 0.9994444444444445 0.44625
3 0.855 0.49125 0.8977777777777778 0.49125 0.855 0.57625 0.8977777777777778 0.57625