9 0.63134765625 0.48828125 0.64599609375 0.48828125 0.63134765625 0.505859375 0.64599609375 0.505859375
9 0.63525390625 0.505859375 0.64208984375 0.505859375 0.63525390625 0.5104166666666666 0.64208984375 0.5104166666666666
2 0.03125 0.513671875 0.13818359375 0.513671875 0.03125 0.734375 0.13818359375 0.734375
2 0.1220703125 0.5475260416666666 0.2451171875 0.5475260416666666 0.1220703125 0.703125 0.2451171875 0.703125
2 0.1640625 0.5208333333333334 0.2900390625 0.5208333333333334 0.1640625 0.662109375 0.2900390625 0.662109375
2 0.28564453125 0.5325520833333334 0.38134765625 0.5325520833333334 0.28564453125 0.6171875 0.38134765625 0.6171875
2 0.33154296875 0.5065104166666666 0.4072265625 0.5065104166666666 0.33154296875 0.5963541666666666 0.4072265625 0.5963541666666666
2 0.4541015625 0.5162760416666666 0.53857421875 0.5162760416666666 0.4541015625 0.5885416666666666 0.53857421875 0.5885416666666666
2 0.56640625 0.5338541666666666 0.59375 0.5338541666666666 0.56640625 0.5651041666666666 0.59375 0.5651041666666666
2 0.6494140625 0.5123697916666666 0.72265625 0.5123697916666666 0.6494140625 0.62109375 0.72265625 0.62109375
2 0.7021484375 0.5078125 0.93310546875 0.5078125 0.7021484375 0.728515625 0.93310546875 0.728515625
2 0.8994140625 0.49609375 0.96875 0.49609375 0.8994140625 0.6490885416666666 0.96875 0.6490885416666666
7 0.38427734375 0.5240885416666666 0.40380859375 0.5240885416666666 0.38427734375 0.59765625 0.40380859375 0.59765625
7 0.40771484375 0.51953125 0.4267578125 0.51953125 0.40771484375 0.5944010416666666 0.4267578125 0.5944010416666666
7 0.591796875 0.505859375 0.62158203125 0.505859375 0.591796875 0.611328125 0.62158203125 0.611328125
7 0.625 0.5234375 0.662109375 0.5234375 0.625 0.6497395833333334 0.662109375 0.6497395833333334
10 0.63427734375 0.6412760416666666 0.646484375 0.6412760416666666 0.63427734375 0.6529947916666666 0.646484375 0.6529947916666666
10 0.60107421875 0.6119791666666666 0.61181640625 0.6119791666666666 0.60107421875 0.625 0.61181640625 0.625