4 0.3022222222222222 0.358125 0.32722222222222225 0.358125 0.3022222222222222 0.384375 0.32722222222222225 0.384375
4 0.3055555555555556 0.248125 0.34055555555555556 0.248125 0.3055555555555556 0.339375 0.34055555555555556 0.339375
9 0.45444444444444443 0.36625 0.465 0.36625 0.45444444444444443 0.3825 0.465 0.3825
9 0.6911111111111111 0.389375 0.7005555555555556 0.389375 0.6911111111111111 0.40125 0.7005555555555556 0.40125
9 0.6938888888888889 0.40125 0.6983333333333334 0.40125 0.6938888888888889 0.409375 0.6983333333333334 0.409375
9 0.8838888888888888 0.368125 0.9077777777777778 0.368125 0.8838888888888888 0.38875 0.9077777777777778 0.38875
9 0.815 0.396875 0.8222222222222222 0.396875 0.815 0.408125 0.8222222222222222 0.408125
9 0.32166666666666666 0.44 0.32944444444444443 0.44 0.32166666666666666 0.453125 0.32944444444444443 0.453125
2 0.44166666666666665 0.428125 0.5294444444444445 0.428125 0.44166666666666665 0.511875 0.5294444444444445 0.511875
2 0.5061111111111111 0.42875 0.5366666666666666 0.42875 0.5061111111111111 0.491875 0.5366666666666666 0.491875
2 0.5338888888888889 0.425 0.565 0.425 0.5338888888888889 0.455625 0.565 0.455625
2 0.5627777777777778 0.43 0.5716666666666667 0.43 0.5627777777777778 0.448125 0.5716666666666667 0.448125
2 0.7083333333333334 0.43125 0.7622222222222222 0.43125 0.7083333333333334 0.475 0.7622222222222222 0.475
2 0.6844444444444444 0.430625 0.7144444444444444 0.430625 0.6844444444444444 0.46 0.7144444444444444 0.46
2 0.6694444444444444 0.41875 0.7105555555555556 0.41875 0.6694444444444444 0.45625 0.7105555555555556 0.45625
2 0.6588888888888889 0.42375 0.675 0.42375 0.6588888888888889 0.451875 0.675 0.451875
2 0.655 0.43 0.6638888888888889 0.43 0.655 0.44875 0.6638888888888889 0.44875
2 0.6383333333333333 0.42875 0.6533333333333333 0.42875 0.6383333333333333 0.4475 0.6533333333333333 0.4475