4 0.49277777777777776 0.409375 0.495 0.409375 0.49277777777777776 0.415625 0.495 0.415625
4 0.4777777777777778 0.40875 0.48 0.40875 0.4777777777777778 0.415 0.48 0.415
4 0.46166666666666667 0.408125 0.46555555555555556 0.408125 0.46166666666666667 0.414375 0.46555555555555556 0.414375
9 0.27444444444444444 0.430625 0.28444444444444444 0.430625 0.27444444444444444 0.439375 0.28444444444444444 0.439375
9 0.3438888888888889 0.43 0.3488888888888889 0.43 0.3438888888888889 0.439375 0.3488888888888889 0.439375
9 0.3477777777777778 0.4275 0.3566666666666667 0.4275 0.3477777777777778 0.436875 0.3566666666666667 0.436875
9 0.4088888888888889 0.425 0.4111111111111111 0.425 0.4088888888888889 0.429375 0.4111111111111111 0.429375
9 0.4088888888888889 0.43 0.4111111111111111 0.43 0.4088888888888889 0.433125 0.4111111111111111 0.433125
9 0.48444444444444446 0.40875 0.4888888888888889 0.40875 0.48444444444444446 0.413125 0.4888888888888889 0.413125
9 0.9694444444444444 0.334375 0.9994444444444445 0.334375 0.9694444444444444 0.385 0.9994444444444445 0.385
9 0.245 0.42625 0.25 0.42625 0.245 0.44125 0.25 0.44125
7 0.15944444444444444 0.44875 0.17333333333333334 0.44875 0.15944444444444444 0.48875 0.17333333333333334 0.48875
7 0.405 0.43375 0.41055555555555556 0.43375 0.405 0.45 0.41055555555555556 0.45
7 0.4166666666666667 0.431875 0.4222222222222222 0.431875 0.4166666666666667 0.44375 0.4222222222222222 0.44375
0 0.2972222222222222 0.459375 0.31 0.459375 0.2972222222222222 0.473125 0.31 0.473125
2 0.3611111111111111 0.44625 0.39 0.44625 0.3611111111111111 0.47 0.39 0.47
2 0.43166666666666664 0.43625 0.44666666666666666 0.43625 0.43166666666666664 0.44375 0.44666666666666666 0.44375
2 0.4583333333333333 0.44125 0.5561111111111111 0.44125 0.4583333333333333 0.5325 0.5561111111111111 0.5325
2 0.465 0.436875 0.515 0.436875 0.465 0.45875 0.515 0.45875
7 0.2966666666666667 0.44875 0.30444444444444446 0.44875 0.2966666666666667 0.469375 0.30444444444444446 0.469375