4 0.56005859375 0.4733072916666667 0.56787109375 0.4733072916666667 0.56005859375 0.4973958333333333 0.56787109375 0.4973958333333333
4 0.60107421875 0.4986979166666667 0.6103515625 0.4986979166666667 0.60107421875 0.5266927083333334 0.6103515625 0.5266927083333334
4 0.49560546875 0.505859375 0.50341796875 0.505859375 0.49560546875 0.5279947916666666 0.50341796875 0.5279947916666666
0 0.701171875 0.6041666666666666 0.73486328125 0.6041666666666666 0.701171875 0.6940104166666666 0.73486328125 0.6940104166666666
2 0.1181640625 0.5514322916666666 0.23583984375 0.5514322916666666 0.1181640625 0.6490885416666666 0.23583984375 0.6490885416666666
2 0.21875 0.5475260416666666 0.28515625 0.5475260416666666 0.21875 0.6282552083333334 0.28515625 0.6282552083333334
2 0.27490234375 0.5390625 0.33642578125 0.5390625 0.27490234375 0.6184895833333334 0.33642578125 0.6184895833333334
2 0.31298828125 0.537109375 0.357421875 0.537109375 0.31298828125 0.6087239583333334 0.357421875 0.6087239583333334
2 0.34375 0.5390625 0.3828125 0.5390625 0.34375 0.6048177083333334 0.3828125 0.6048177083333334
2 0.37255859375 0.5358072916666666 0.4013671875 0.5358072916666666 0.37255859375 0.6015625 0.4013671875 0.6015625
2 0.39111328125 0.5390625 0.419921875 0.5390625 0.39111328125 0.595703125 0.419921875 0.595703125
2 0.44140625 0.5384114583333334 0.4765625 0.5384114583333334 0.44140625 0.5716145833333334 0.4765625 0.5716145833333334
2 0.474609375 0.5416666666666666 0.48681640625 0.5416666666666666 0.474609375 0.5690104166666666 0.48681640625 0.5690104166666666
2 0.482421875 0.5403645833333334 0.498046875 0.5403645833333334 0.482421875 0.5670572916666666 0.498046875 0.5670572916666666
2 0.48974609375 0.5384114583333334 0.50341796875 0.5384114583333334 0.48974609375 0.5631510416666666 0.50341796875 0.5631510416666666
2 0.50244140625 0.5377604166666666 0.52099609375 0.5377604166666666 0.50244140625 0.5559895833333334 0.52099609375 0.5559895833333334
7 0.6962890625 0.5338541666666666 0.74609375 0.5338541666666666 0.6962890625 0.6783854166666666 0.74609375 0.6783854166666666
3 0.78955078125 0.5911458333333334 0.8154296875 0.5911458333333334 0.78955078125 0.6516927083333334 0.8154296875 0.6516927083333334