4 0.08741830065359477 0.421875 0.09967320261437909 0.421875 0.08741830065359477 0.4462890625 0.09967320261437909 0.4462890625
4 0.07598039215686274 0.423828125 0.08415032679738563 0.423828125 0.07598039215686274 0.451171875 0.08415032679738563 0.451171875
4 0.08251633986928104 0.486328125 0.08823529411764706 0.486328125 0.08251633986928104 0.5 0.08823529411764706 0.5
4 0.9370915032679739 0.2373046875 0.9771241830065359 0.2373046875 0.9370915032679739 0.3125 0.9771241830065359 0.3125
4 0.9468954248366013 0.4150390625 0.9591503267973857 0.4150390625 0.9468954248366013 0.4501953125 0.9591503267973857 0.4501953125
9 0.05228758169934641 0.458984375 0.06535947712418301 0.458984375 0.05228758169934641 0.4755859375 0.06535947712418301 0.4755859375
9 0.4583333333333333 0.3720703125 0.5008169934640523 0.3720703125 0.4583333333333333 0.3857421875 0.5008169934640523 0.3857421875
9 0.4591503267973856 0.3876953125 0.5016339869281046 0.3876953125 0.4591503267973856 0.3994140625 0.5016339869281046 0.3994140625
9 0.4599673202614379 0.40234375 0.5008169934640523 0.40234375 0.4599673202614379 0.4111328125 0.5008169934640523 0.4111328125
9 0.44607843137254904 0.4150390625 0.48366013071895425 0.4150390625 0.44607843137254904 0.4267578125 0.48366013071895425 0.4267578125
9 0.44607843137254904 0.4267578125 0.48366013071895425 0.4267578125 0.44607843137254904 0.4345703125 0.48366013071895425 0.4345703125
9 0.6160130718954249 0.416015625 0.6380718954248366 0.416015625 0.6160130718954249 0.435546875 0.6380718954248366 0.435546875
9 0.5408496732026143 0.400390625 0.5498366013071896 0.400390625 0.5408496732026143 0.4130859375 0.5498366013071896 0.4130859375
9 0.869281045751634 0.3896484375 0.8799019607843137 0.3896484375 0.869281045751634 0.40234375 0.8799019607843137 0.40234375
9 0.11601307189542484 0.462890625 0.136437908496732 0.462890625 0.11601307189542484 0.4736328125 0.136437908496732 0.4736328125
5 0.8316993464052288 0.4716796875 0.9125816993464052 0.4716796875 0.8316993464052288 0.564453125 0.9125816993464052 0.564453125
2 0.6356209150326797 0.451171875 0.6446078431372549 0.451171875 0.6356209150326797 0.4599609375 0.6446078431372549 0.4599609375
2 0.6446078431372549 0.4501953125 0.6568627450980392 0.4501953125 0.6446078431372549 0.4599609375 0.6568627450980392 0.4599609375
2 0.6576797385620915 0.4501953125 0.6740196078431373 0.4501953125 0.6576797385620915 0.4609375 0.6740196078431373 0.4609375
2 0.6748366013071896 0.44921875 0.690359477124183 0.44921875 0.6748366013071896 0.462890625 0.690359477124183 0.462890625
2 0.6887254901960784 0.44140625 0.7181372549019608 0.44140625 0.6887254901960784 0.4736328125 0.7181372549019608 0.4736328125
2 0.7083333333333334 0.44921875 0.7246732026143791 0.44921875 0.7083333333333334 0.4814453125 0.7246732026143791 0.4814453125
2 0.7181372549019608 0.447265625 0.7606209150326797 0.447265625 0.7181372549019608 0.494140625 0.7606209150326797 0.494140625
2 0.7549019607843137 0.4462890625 0.8651960784313726 0.4462890625 0.7549019607843137 0.509765625 0.8651960784313726 0.509765625
2 0.8398692810457516 0.4794921875 0.9991830065359477 0.4794921875 0.8398692810457516 0.76171875 0.9991830065359477 0.76171875
2 0.4991830065359477 0.462890625 0.5604575163398693 0.462890625 0.4991830065359477 0.48828125 0.5604575163398693 0.48828125
2 0.49673202614379086 0.46484375 0.6315359477124183 0.46484375 0.49673202614379086 0.591796875 0.6315359477124183 0.591796875
2 0.4869281045751634 0.4599609375 0.4934640522875817 0.4599609375 0.4869281045751634 0.46875 0.4934640522875817 0.46875
2 0.47630718954248363 0.462890625 0.48856209150326796 0.462890625 0.47630718954248363 0.470703125 0.48856209150326796 0.470703125
2 0.46078431372549017 0.462890625 0.4730392156862745 0.462890625 0.46078431372549017 0.470703125 0.4730392156862745 0.470703125
2 0 0.5068359375 0.08823529411764706 0.5068359375 0 0.5703125 0.08823529411764706 0.5703125
2 0 0.5146484375 0.07352941176470588 0.5146484375 0 0.595703125 0.07352941176470588 0.595703125
2 0.4076797385620915 0.4677734375 0.41748366013071897 0.4677734375 0.4076797385620915 0.47265625 0.41748366013071897 0.47265625
2 0.4730392156862745 0.482421875 0.7565359477124183 0.482421875 0.4730392156862745 0.791015625 0.7565359477124183 0.791015625
7 0.8300653594771242 0.4404296875 0.8962418300653595 0.4404296875 0.8300653594771242 0.5869140625 0.8962418300653595 0.5869140625
6 0.2630718954248366 0.44921875 0.3464052287581699 0.44921875 0.2630718954248366 0.484375 0.3464052287581699 0.484375