4 0.6705555555555556 0.39625 0.6794444444444444 0.39625 0.6705555555555556 0.418125 0.6794444444444444 0.418125
4 0.6583333333333333 0.42125 0.6633333333333333 0.42125 0.6583333333333333 0.433125 0.6633333333333333 0.433125
4 0.5794444444444444 0.3525 0.5872222222222222 0.3525 0.5794444444444444 0.375 0.5872222222222222 0.375
4 0.505 0.395 0.5144444444444445 0.395 0.505 0.416875 0.5144444444444445 0.416875
9 0.9616666666666667 0.243125 0.9961111111111111 0.243125 0.9616666666666667 0.303125 0.9961111111111111 0.303125
9 0.7044444444444444 0.411875 0.7188888888888889 0.411875 0.7044444444444444 0.428125 0.7188888888888889 0.428125
9 0.7105555555555556 0.391875 0.715 0.391875 0.7105555555555556 0.408125 0.715 0.408125
9 0.5944444444444444 0.35625 0.6038888888888889 0.35625 0.5944444444444444 0.366875 0.6038888888888889 0.366875
9 0.6272222222222222 0.4325 0.6311111111111111 0.4325 0.6272222222222222 0.439375 0.6311111111111111 0.439375
9 0.07277777777777777 0.440625 0.105 0.440625 0.07277777777777777 0.47875 0.105 0.47875
2 0.6644444444444444 0.444375 0.6905555555555556 0.444375 0.6644444444444444 0.4575 0.6905555555555556 0.4575
7 0.6322222222222222 0.42625 0.6472222222222223 0.42625 0.6322222222222222 0.46 0.6472222222222223 0.46
0 0.63 0.443125 0.6438888888888888 0.443125 0.63 0.46 0.6438888888888888 0.46