1 0.375 0.3681640625 0.397875816993464 0.3681640625 0.375 0.4033203125 0.397875816993464 0.4033203125
1 0.39215686274509803 0.35546875 0.42810457516339867 0.35546875 0.39215686274509803 0.4072265625 0.42810457516339867 0.4072265625
1 0.42401960784313725 0.2265625 0.6160130718954249 0.2265625 0.42401960784313725 0.380859375 0.6160130718954249 0.380859375
1 0.809640522875817 0.3212890625 0.9991830065359477 0.3212890625 0.809640522875817 0.4970703125 0.9991830065359477 0.4970703125
9 0.7132352941176471 0.3779296875 0.7320261437908496 0.3779296875 0.7132352941176471 0.3955078125 0.7320261437908496 0.3955078125
9 0.7401960784313726 0.3828125 0.7540849673202614 0.3828125 0.7401960784313726 0.392578125 0.7540849673202614 0.392578125
9 0.35130718954248363 0.3427734375 0.36519607843137253 0.3427734375 0.35130718954248363 0.3583984375 0.36519607843137253 0.3583984375
7 0.7369281045751634 0.3154296875 0.7589869281045751 0.3154296875 0.7369281045751634 0.3828125 0.7589869281045751 0.3828125
2 0 0.099609375 0.17401960784313725 0.099609375 0 0.79296875 0.17401960784313725 0.79296875
2 0.14787581699346405 0.3974609375 0.34395424836601307 0.3974609375 0.14787581699346405 0.564453125 0.34395424836601307 0.564453125
2 0.38235294117647056 0.3583984375 0.6584967320261438 0.3583984375 0.38235294117647056 0.6455078125 0.6584967320261438 0.6455078125
2 0.38643790849673204 0.408203125 0.4150326797385621 0.408203125 0.38643790849673204 0.4599609375 0.4150326797385621 0.4599609375
2 0.3954248366013072 0.3974609375 0.4158496732026144 0.3974609375 0.3954248366013072 0.416015625 0.4158496732026144 0.416015625
2 0.37173202614379086 0.3818359375 0.37663398692810457 0.3818359375 0.37173202614379086 0.3955078125 0.37663398692810457 0.3955078125
2 0.4084967320261438 0.375 0.4264705882352941 0.375 0.4084967320261438 0.40234375 0.4264705882352941 0.40234375
2 0.6168300653594772 0.3583984375 0.7352941176470589 0.3583984375 0.6168300653594772 0.498046875 0.7352941176470589 0.498046875
2 0.7058823529411765 0.408203125 0.7565359477124183 0.408203125 0.7058823529411765 0.4423828125 0.7565359477124183 0.4423828125
2 0.755718954248366 0.392578125 0.8627450980392157 0.392578125 0.755718954248366 0.4248046875 0.8627450980392157 0.4248046875
2 0.684640522875817 0.4140625 0.9901960784313726 0.4140625 0.684640522875817 0.6181640625 0.9901960784313726 0.6181640625