1 0.5155228758169934 0.37109375 0.6160130718954249 0.37109375 0.5155228758169934 0.4287109375 0.6160130718954249 0.4287109375
4 0.6887254901960784 0.38671875 0.6985294117647058 0.38671875 0.6887254901960784 0.416015625 0.6985294117647058 0.416015625
9 0.397875816993464 0.4404296875 0.40604575163398693 0.4404296875 0.397875816993464 0.455078125 0.40604575163398693 0.455078125
9 0.39705882352941174 0.4267578125 0.40604575163398693 0.4267578125 0.39705882352941174 0.4404296875 0.40604575163398693 0.4404296875
9 0.2369281045751634 0.4296875 0.25326797385620914 0.4296875 0.2369281045751634 0.44921875 0.25326797385620914 0.44921875
7 0.08415032679738563 0.490234375 0.11356209150326797 0.490234375 0.08415032679738563 0.5498046875 0.11356209150326797 0.5498046875
7 0.11356209150326797 0.4970703125 0.1454248366013072 0.4970703125 0.11356209150326797 0.5791015625 0.1454248366013072 0.5791015625
7 0.18218954248366012 0.5068359375 0.20261437908496732 0.5068359375 0.18218954248366012 0.537109375 0.20261437908496732 0.537109375
7 0.22712418300653595 0.501953125 0.24101307189542484 0.501953125 0.22712418300653595 0.54296875 0.24101307189542484 0.54296875
7 0.2549019607843137 0.5009765625 0.26633986928104575 0.5009765625 0.2549019607843137 0.5283203125 0.26633986928104575 0.5283203125
7 0.28594771241830064 0.4794921875 0.29411764705882354 0.4794921875 0.28594771241830064 0.4912109375 0.29411764705882354 0.4912109375
7 0.3602941176470588 0.474609375 0.36764705882352944 0.474609375 0.3602941176470588 0.5029296875 0.36764705882352944 0.5029296875
7 0.38643790849673204 0.4736328125 0.3954248366013072 0.4736328125 0.38643790849673204 0.5009765625 0.3954248366013072 0.5009765625
7 0.4133986928104575 0.474609375 0.42320261437908496 0.474609375 0.4133986928104575 0.49609375 0.42320261437908496 0.49609375
7 0.42483660130718953 0.4677734375 0.43218954248366015 0.4677734375 0.42483660130718953 0.4931640625 0.43218954248366015 0.4931640625
7 0.42892156862745096 0.4677734375 0.43709150326797386 0.4677734375 0.42892156862745096 0.484375 0.43709150326797386 0.484375
7 0.5408496732026143 0.3955078125 0.565359477124183 0.3955078125 0.5408496732026143 0.4267578125 0.565359477124183 0.4267578125
7 0.5727124183006536 0.3935546875 0.5931372549019608 0.3935546875 0.5727124183006536 0.42578125 0.5931372549019608 0.42578125
7 0.8954248366013072 0.4404296875 0.9093137254901961 0.4404296875 0.8954248366013072 0.482421875 0.9093137254901961 0.482421875
7 0.6887254901960784 0.4501953125 0.6993464052287581 0.4501953125 0.6887254901960784 0.466796875 0.6993464052287581 0.466796875
2 0.8472222222222222 0.435546875 0.8839869281045751 0.435546875 0.8472222222222222 0.4580078125 0.8839869281045751 0.4580078125
2 0.8709150326797386 0.4375 0.9093137254901961 0.4375 0.8709150326797386 0.4716796875 0.9093137254901961 0.4716796875
2 0.8080065359477124 0.44140625 0.8316993464052288 0.44140625 0.8080065359477124 0.4609375 0.8316993464052288 0.4609375
2 0.7736928104575164 0.4453125 0.8235294117647058 0.4453125 0.7736928104575164 0.4755859375 0.8235294117647058 0.4755859375
2 0.7328431372549019 0.44921875 0.7516339869281046 0.44921875 0.7328431372549019 0.4638671875 0.7516339869281046 0.4638671875
2 0.6486928104575164 0.4599609375 0.6830065359477124 0.4599609375 0.6486928104575164 0.484375 0.6830065359477124 0.484375
2 0.6552287581699346 0.4658203125 0.696078431372549 0.4658203125 0.6552287581699346 0.5458984375 0.696078431372549 0.5458984375
2 0.6691176470588235 0.4638671875 0.7549019607843137 0.4638671875 0.6691176470588235 0.568359375 0.7549019607843137 0.568359375
2 0.696078431372549 0.4677734375 0.8431372549019608 0.4677734375 0.696078431372549 0.615234375 0.8431372549019608 0.615234375
2 0.8611111111111112 0.4765625 0.9991830065359477 0.4765625 0.8611111111111112 0.7529296875 0.9991830065359477 0.7529296875
2 0.28104575163398693 0.484375 0.3545751633986928 0.484375 0.28104575163398693 0.5576171875 0.3545751633986928 0.5576171875
2 0.25163398692810457 0.5009765625 0.32516339869281047 0.5009765625 0.25163398692810457 0.5771484375 0.32516339869281047 0.5771484375
2 0 0.5283203125 0.10294117647058823 0.5283203125 0 0.681640625 0.10294117647058823 0.681640625
2 0.6568627450980392 0.4482421875 0.6805555555555556 0.4482421875 0.6568627450980392 0.4638671875 0.6805555555555556 0.4638671875
2 0.42810457516339867 0.4189453125 0.6715686274509803 0.4189453125 0.42810457516339867 0.7216796875 0.6715686274509803 0.7216796875