9 0.63984375 0.3798828125 0.65078125 0.3798828125 0.63984375 0.4033203125 0.65078125 0.4033203125
9 0.57421875 0.40625 0.58359375 0.40625 0.57421875 0.4287109375 0.58359375 0.4287109375
9 0.50859375 0.4189453125 0.51640625 0.4189453125 0.50859375 0.431640625 0.51640625 0.431640625
9 0.215625 0.4287109375 0.22578125 0.4287109375 0.215625 0.4453125 0.22578125 0.4453125
9 0.06875 0.421875 0.1 0.421875 0.06875 0.4443359375 0.1 0.4443359375
9 0.0671875 0.3779296875 0.1015625 0.3779296875 0.0671875 0.421875 0.1015625 0.421875
7 0.92890625 0.4521484375 0.94765625 0.4521484375 0.92890625 0.498046875 0.94765625 0.498046875
7 0.8546875 0.474609375 0.87890625 0.474609375 0.8546875 0.5244140625 0.87890625 0.5244140625
7 0.82265625 0.474609375 0.8546875 0.474609375 0.82265625 0.529296875 0.8546875 0.529296875
7 0.815625 0.4384765625 0.83984375 0.4384765625 0.815625 0.4873046875 0.83984375 0.4873046875
7 0.78984375 0.4501953125 0.80625 0.4501953125 0.78984375 0.4970703125 0.80625 0.4970703125
7 0.76015625 0.4404296875 0.7984375 0.4404296875 0.76015625 0.5556640625 0.7984375 0.5556640625
7 0.7265625 0.4599609375 0.74375 0.4599609375 0.7265625 0.498046875 0.74375 0.498046875
7 0.715625 0.458984375 0.728125 0.458984375 0.715625 0.498046875 0.728125 0.498046875
7 0.82265625 0.4755859375 0.85 0.4755859375 0.82265625 0.533203125 0.85 0.533203125
7 0.48046875 0.4501953125 0.4890625 0.4501953125 0.48046875 0.4765625 0.4890625 0.4765625
7 0.34453125 0.44921875 0.35234375 0.44921875 0.34453125 0.4697265625 0.35234375 0.4697265625
7 0.33359375 0.4501953125 0.3390625 0.4501953125 0.33359375 0.4658203125 0.3390625 0.4658203125
7 0.5796875 0.44140625 0.5890625 0.44140625 0.5796875 0.4697265625 0.5890625 0.4697265625
0 0.634375 0.4912109375 0.6765625 0.4912109375 0.634375 0.53125 0.6765625 0.53125
0 0.63359375 0.4775390625 0.678125 0.4775390625 0.63359375 0.52734375 0.678125 0.52734375
0 0.62265625 0.474609375 0.646875 0.474609375 0.62265625 0.5302734375 0.646875 0.5302734375
0 0.31875 0.470703125 0.325 0.470703125 0.31875 0.4912109375 0.325 0.4912109375
0 0.37734375 0.5107421875 0.4078125 0.5107421875 0.37734375 0.5810546875 0.4078125 0.5810546875
0 0.0546875 0.5078125 0.08203125 0.5078125 0.0546875 0.5654296875 0.08203125 0.5654296875
0 0.103125 0.5048828125 0.15 0.5048828125 0.103125 0.55078125 0.15 0.55078125
0 0.10625 0.4931640625 0.13125 0.4931640625 0.10625 0.564453125 0.13125 0.564453125
13 0.45390625 0.4345703125 0.47421875 0.4345703125 0.45390625 0.453125 0.47421875 0.453125
5 0.54140625 0.482421875 0.61640625 0.482421875 0.54140625 0.5322265625 0.61640625 0.5322265625
2 0.4671875 0.5244140625 0.8296875 0.5244140625 0.4671875 0.9306640625 0.8296875 0.9306640625
7 0.6546875 0.4521484375 0.6765625 0.4521484375 0.6546875 0.4833984375 0.6765625 0.4833984375
2 0.51484375 0.455078125 0.5921875 0.455078125 0.51484375 0.5283203125 0.5921875 0.5283203125
2 0.503125 0.458984375 0.53125 0.458984375 0.503125 0.51171875 0.53125 0.51171875
2 0.496875 0.45703125 0.515625 0.45703125 0.496875 0.5009765625 0.515625 0.5009765625
2 0.49296875 0.45703125 0.50390625 0.45703125 0.49296875 0.4951171875 0.50390625 0.4951171875
2 0.46875 0.4443359375 0.49921875 0.4443359375 0.46875 0.4775390625 0.49921875 0.4775390625
2 0.4578125 0.4462890625 0.47265625 0.4462890625 0.4578125 0.462890625 0.47265625 0.462890625
2 0.44375 0.4482421875 0.45859375 0.4482421875 0.44375 0.4609375 0.45859375 0.4609375
2 0.41953125 0.4482421875 0.43828125 0.4482421875 0.41953125 0.4619140625 0.43828125 0.4619140625
2 0.4046875 0.4482421875 0.42109375 0.4482421875 0.4046875 0.4609375 0.42109375 0.4609375
2 0.378125 0.44921875 0.40078125 0.44921875 0.378125 0.4716796875 0.40078125 0.4716796875
7 0.31640625 0.4580078125 0.328125 0.4580078125 0.31640625 0.482421875 0.328125 0.482421875
7 0.3703125 0.466796875 0.403125 0.466796875 0.3703125 0.5556640625 0.403125 0.5556640625
3 0.31171875 0.46875 0.3171875 0.46875 0.31171875 0.484375 0.3171875 0.484375