4 0.6486928104575164 0.4794921875 0.6552287581699346 0.4794921875 0.6486928104575164 0.4912109375 0.6552287581699346 0.4912109375
4 0.059640522875817 0.4130859375 0.08823529411764706 0.4130859375 0.059640522875817 0.451171875 0.08823529411764706 0.451171875
4 0.04411764705882353 0.4755859375 0.056372549019607844 0.4755859375 0.04411764705882353 0.4921875 0.056372549019607844 0.4921875
9 0.815359477124183 0.4384765625 0.8390522875816994 0.4384765625 0.815359477124183 0.46484375 0.8390522875816994 0.46484375
9 0.815359477124183 0.4287109375 0.8382352941176471 0.4287109375 0.815359477124183 0.4375 0.8382352941176471 0.4375
9 0.8112745098039216 0.3916015625 0.8415032679738562 0.3916015625 0.8112745098039216 0.427734375 0.8415032679738562 0.427734375
9 0.3161764705882353 0.4736328125 0.33169934640522875 0.4736328125 0.3161764705882353 0.4921875 0.33169934640522875 0.4921875
9 0.06372549019607843 0.4638671875 0.08496732026143791 0.4638671875 0.06372549019607843 0.4716796875 0.08496732026143791 0.4716796875
9 0.06290849673202614 0.4521484375 0.08496732026143791 0.4521484375 0.06290849673202614 0.4638671875 0.08496732026143791 0.4638671875
0 0.010620915032679739 0.5380859375 0.0661764705882353 0.5380859375 0.010620915032679739 0.5771484375 0.0661764705882353 0.5771484375
2 0.619281045751634 0.4951171875 0.6560457516339869 0.4951171875 0.619281045751634 0.5439453125 0.6560457516339869 0.5439453125
2 0.5351307189542484 0.5078125 0.5531045751633987 0.5078125 0.5351307189542484 0.5244140625 0.5531045751633987 0.5244140625
2 0.5130718954248366 0.5107421875 0.5277777777777778 0.5107421875 0.5130718954248366 0.5234375 0.5277777777777778 0.5234375
2 0.5008169934640523 0.5126953125 0.5171568627450981 0.5126953125 0.5008169934640523 0.5263671875 0.5171568627450981 0.5263671875
2 0.5261437908496732 0.50390625 0.5408496732026143 0.50390625 0.5261437908496732 0.51953125 0.5408496732026143 0.51953125
2 0.4632352941176471 0.5107421875 0.4722222222222222 0.5107421875 0.4632352941176471 0.5244140625 0.4722222222222222 0.5244140625
2 0.36356209150326796 0.51171875 0.41748366013071897 0.51171875 0.36356209150326796 0.5625 0.41748366013071897 0.5625
2 0.032679738562091505 0.533203125 0.2834967320261438 0.533203125 0.032679738562091505 0.6923828125 0.2834967320261438 0.6923828125
2 0.5955882352941176 0.5048828125 0.6086601307189542 0.5048828125 0.5955882352941176 0.51953125 0.6086601307189542 0.51953125