1 0.6045751633986928 0.3837890625 0.6397058823529411 0.3837890625 0.6045751633986928 0.4033203125 0.6397058823529411 0.4033203125
9 0.20669934640522875 0.3193359375 0.24019607843137256 0.3193359375 0.20669934640522875 0.357421875 0.24019607843137256 0.357421875
9 0.43790849673202614 0.3642578125 0.4477124183006536 0.3642578125 0.43790849673202614 0.3740234375 0.4477124183006536 0.3740234375
9 0.4877450980392157 0.3779296875 0.494281045751634 0.3779296875 0.4877450980392157 0.38671875 0.494281045751634 0.38671875
9 0.49836601307189543 0.37890625 0.505718954248366 0.37890625 0.49836601307189543 0.38671875 0.505718954248366 0.38671875
9 0.5522875816993464 0.384765625 0.5571895424836601 0.384765625 0.5522875816993464 0.392578125 0.5571895424836601 0.392578125
9 0.7655228758169934 0.4013671875 0.7794117647058824 0.4013671875 0.7655228758169934 0.4140625 0.7794117647058824 0.4140625
9 0.8880718954248366 0.361328125 0.8995098039215687 0.361328125 0.8880718954248366 0.3720703125 0.8995098039215687 0.3720703125
0 0.26715686274509803 0.3984375 0.3047385620915033 0.3984375 0.26715686274509803 0.4658203125 0.3047385620915033 0.4658203125
0 0.25245098039215685 0.404296875 0.30310457516339867 0.404296875 0.25245098039215685 0.46875 0.30310457516339867 0.46875
13 0.6772875816993464 0.3935546875 0.6895424836601307 0.3935546875 0.6772875816993464 0.408203125 0.6895424836601307 0.408203125
2 0.6813725490196079 0.4072265625 0.6977124183006536 0.4072265625 0.6813725490196079 0.4150390625 0.6977124183006536 0.4150390625
2 0.7205882352941176 0.3994140625 0.7344771241830066 0.3994140625 0.7205882352941176 0.4140625 0.7344771241830066 0.4140625
2 0.7426470588235294 0.4013671875 0.7532679738562091 0.4013671875 0.7426470588235294 0.4140625 0.7532679738562091 0.4140625
2 0.7328431372549019 0.40234375 0.738562091503268 0.40234375 0.7328431372549019 0.412109375 0.738562091503268 0.412109375
2 0.7328431372549019 0.4052734375 0.7491830065359477 0.4052734375 0.7328431372549019 0.4189453125 0.7491830065359477 0.4189453125
2 0.5906862745098039 0.404296875 0.6029411764705882 0.404296875 0.5906862745098039 0.4267578125 0.6029411764705882 0.4267578125
2 0.5759803921568627 0.39453125 0.5947712418300654 0.39453125 0.5759803921568627 0.41796875 0.5947712418300654 0.41796875
2 0.5433006535947712 0.396484375 0.565359477124183 0.396484375 0.5433006535947712 0.421875 0.565359477124183 0.421875
2 0.5196078431372549 0.396484375 0.5473856209150327 0.396484375 0.5196078431372549 0.4228515625 0.5473856209150327 0.4228515625
2 0.5049019607843137 0.40234375 0.5285947712418301 0.40234375 0.5049019607843137 0.4267578125 0.5285947712418301 0.4267578125
2 0.4738562091503268 0.39453125 0.5073529411764706 0.39453125 0.4738562091503268 0.4287109375 0.5073529411764706 0.4287109375
2 0.4452614379084967 0.3974609375 0.48284313725490197 0.3974609375 0.4452614379084967 0.4326171875 0.48284313725490197 0.4326171875
2 0.5980392156862745 0.4013671875 0.6127450980392157 0.4013671875 0.5980392156862745 0.4423828125 0.6127450980392157 0.4423828125
2 0.6037581699346405 0.3974609375 0.6576797385620915 0.3974609375 0.6037581699346405 0.4599609375 0.6576797385620915 0.4599609375
2 0.3006535947712418 0.3525390625 0.4444444444444444 0.3525390625 0.3006535947712418 0.5166015625 0.4444444444444444 0.5166015625
2 0.8651960784313726 0.509765625 0.9991830065359477 0.509765625 0.8651960784313726 0.7568359375 0.9991830065359477 0.7568359375