1 0.24183006535947713 0.3681640625 0.3888888888888889 0.3681640625 0.24183006535947713 0.541015625 0.3888888888888889 0.541015625
1 0.38235294117647056 0.4111328125 0.45669934640522875 0.4111328125 0.38235294117647056 0.501953125 0.45669934640522875 0.501953125
1 0.4820261437908497 0.4443359375 0.5016339869281046 0.4443359375 0.4820261437908497 0.462890625 0.5016339869281046 0.462890625
1 0.5212418300653595 0.4482421875 0.5318627450980392 0.4482421875 0.5212418300653595 0.4580078125 0.5318627450980392 0.4580078125
4 0.755718954248366 0.3916015625 0.7638888888888888 0.3916015625 0.755718954248366 0.416015625 0.7638888888888888 0.416015625
4 0.7598039215686274 0.4501953125 0.7647058823529411 0.4501953125 0.7598039215686274 0.462890625 0.7647058823529411 0.462890625
9 0.7222222222222222 0.4072265625 0.7344771241830066 0.4072265625 0.7222222222222222 0.421875 0.7344771241830066 0.421875
7 0.7459150326797386 0.443359375 0.755718954248366 0.443359375 0.7459150326797386 0.462890625 0.755718954248366 0.462890625
2 0 0.5322265625 0.2761437908496732 0.5322265625 0 0.7587890625 0.2761437908496732 0.7587890625
2 0.5588235294117647 0.462890625 0.920751633986928 0.462890625 0.5588235294117647 0.814453125 0.920751633986928 0.814453125
2 0.8733660130718954 0.4619140625 0.9991830065359477 0.4619140625 0.8733660130718954 0.671875 0.9991830065359477 0.671875
2 0.7990196078431373 0.4609375 0.9183006535947712 0.4609375 0.7990196078431373 0.5322265625 0.9183006535947712 0.5322265625
2 0.5563725490196079 0.4326171875 0.6838235294117647 0.4326171875 0.5563725490196079 0.6015625 0.6838235294117647 0.6015625
2 0.5294117647058824 0.4658203125 0.5645424836601307 0.4658203125 0.5294117647058824 0.52734375 0.5645424836601307 0.52734375
2 0.5343137254901961 0.458984375 0.5522875816993464 0.458984375 0.5343137254901961 0.474609375 0.5522875816993464 0.474609375
2 0.5155228758169934 0.4609375 0.5343137254901961 0.4609375 0.5155228758169934 0.48046875 0.5343137254901961 0.48046875
2 0.5040849673202614 0.4638671875 0.5204248366013072 0.4638671875 0.5040849673202614 0.490234375 0.5204248366013072 0.490234375
2 0.5555555555555556 0.453125 0.5637254901960784 0.453125 0.5555555555555556 0.4609375 0.5637254901960784 0.4609375
2 0.47630718954248363 0.46484375 0.5130718954248366 0.46484375 0.47630718954248363 0.5029296875 0.5130718954248366 0.5029296875
2 0.4297385620915033 0.466796875 0.48856209150326796 0.466796875 0.4297385620915033 0.529296875 0.48856209150326796 0.529296875
2 0.34068627450980393 0.4833984375 0.4387254901960784 0.4833984375 0.34068627450980393 0.5673828125 0.4387254901960784 0.5673828125
2 0.22794117647058823 0.494140625 0.24918300653594772 0.494140625 0.22794117647058823 0.5419921875 0.24918300653594772 0.5419921875
2 0.17238562091503268 0.490234375 0.22549019607843138 0.490234375 0.17238562091503268 0.537109375 0.22549019607843138 0.537109375
2 0.14215686274509803 0.4990234375 0.17973856209150327 0.4990234375 0.14215686274509803 0.5322265625 0.17973856209150327 0.5322265625
2 0.03758169934640523 0.49609375 0.1527777777777778 0.49609375 0.03758169934640523 0.5419921875 0.1527777777777778 0.5419921875
2 0.01715686274509804 0.4931640625 0.12173202614379085 0.4931640625 0.01715686274509804 0.5478515625 0.12173202614379085 0.5478515625
7 0.33088235294117646 0.3916015625 0.3415032679738562 0.3916015625 0.33088235294117646 0.4033203125 0.3415032679738562 0.4033203125