7 0.6311111111111111 0.440625 0.655 0.440625 0.6311111111111111 0.509375 0.655 0.509375
7 0.615 0.45 0.6344444444444445 0.45 0.615 0.509375 0.6344444444444445 0.509375
7 0.6083333333333333 0.441875 0.6233333333333333 0.441875 0.6083333333333333 0.49875 0.6233333333333333 0.49875
7 0.5855555555555556 0.445625 0.5972222222222222 0.445625 0.5855555555555556 0.5 0.5972222222222222 0.5
7 0.5733333333333334 0.448125 0.5911111111111111 0.448125 0.5733333333333334 0.505625 0.5911111111111111 0.505625
7 0.5905555555555555 0.440625 0.6111111111111112 0.440625 0.5905555555555555 0.5 0.6111111111111112 0.5
7 0.5572222222222222 0.44375 0.5772222222222222 0.44375 0.5572222222222222 0.505 0.5772222222222222 0.505
7 0.5361111111111111 0.445625 0.5544444444444444 0.445625 0.5361111111111111 0.505 0.5544444444444444 0.505
7 0.5472222222222223 0.443125 0.5627777777777778 0.443125 0.5472222222222223 0.50125 0.5627777777777778 0.50125
7 0.5727777777777778 0.4425 0.5833333333333334 0.4425 0.5727777777777778 0.5 0.5833333333333334 0.5
7 0.5294444444444445 0.4575 0.5433333333333333 0.4575 0.5294444444444445 0.495 0.5433333333333333 0.495
7 0.5216666666666666 0.465625 0.5305555555555556 0.465625 0.5216666666666666 0.493125 0.5305555555555556 0.493125
7 0.4955555555555556 0.465625 0.5055555555555555 0.465625 0.4955555555555556 0.49125 0.5055555555555555 0.49125
7 0.4888888888888889 0.473125 0.49444444444444446 0.473125 0.4888888888888889 0.489375 0.49444444444444446 0.489375
2 0.45166666666666666 0.4675 0.48777777777777775 0.4675 0.45166666666666666 0.5 0.48777777777777775 0.5
2 0.4494444444444444 0.473125 0.4572222222222222 0.473125 0.4494444444444444 0.496875 0.4572222222222222 0.496875
2 0.425 0.46875 0.4477777777777778 0.46875 0.425 0.49625 0.4477777777777778 0.49625
2 0.4461111111111111 0.48125 0.45222222222222225 0.48125 0.4461111111111111 0.491875 0.45222222222222225 0.491875
2 0.38666666666666666 0.46375 0.43277777777777776 0.46375 0.38666666666666666 0.501875 0.43277777777777776 0.501875
3 0.33666666666666667 0.45875 0.3438888888888889 0.45875 0.33666666666666667 0.473125 0.3438888888888889 0.473125