9 0.415 0.424375 0.425 0.424375 0.415 0.43875 0.425 0.43875
9 0.6466666666666666 0.415 0.6577777777777778 0.415 0.6466666666666666 0.439375 0.6577777777777778 0.439375
7 0.3638888888888889 0.4325 0.38 0.4325 0.3638888888888889 0.480625 0.38 0.480625
7 0.38333333333333336 0.44125 0.3988888888888889 0.44125 0.38333333333333336 0.485 0.3988888888888889 0.485
7 0.5027777777777778 0.435625 0.525 0.435625 0.5027777777777778 0.4775 0.525 0.4775
7 0.5394444444444444 0.4275 0.5666666666666667 0.4275 0.5394444444444444 0.491875 0.5666666666666667 0.491875
7 0.6472222222222223 0.421875 0.6788888888888889 0.421875 0.6472222222222223 0.504375 0.6788888888888889 0.504375
7 0.6138888888888889 0.421875 0.6488888888888888 0.421875 0.6138888888888889 0.52 0.6488888888888888 0.52
7 0.6072222222222222 0.43 0.6277777777777778 0.43 0.6072222222222222 0.506875 0.6277777777777778 0.506875
7 0.7872222222222223 0.443125 0.8083333333333333 0.443125 0.7872222222222223 0.4825 0.8083333333333333 0.4825
7 0.7788888888888889 0.43875 0.7938888888888889 0.43875 0.7788888888888889 0.46125 0.7938888888888889 0.46125
7 0.845 0.418125 0.8744444444444445 0.418125 0.845 0.526875 0.8744444444444445 0.526875
0 0.8833333333333333 0.46875 0.9994444444444445 0.46875 0.8833333333333333 0.728125 0.9994444444444445 0.728125
2 0 0.4425 0.026111111111111113 0.4425 0 0.50625 0.026111111111111113 0.50625
2 0.023333333333333334 0.424375 0.15555555555555556 0.424375 0.023333333333333334 0.521875 0.15555555555555556 0.521875
2 0.14777777777777779 0.439375 0.18611111111111112 0.439375 0.14777777777777779 0.4725 0.18611111111111112 0.4725
2 0.12333333333333334 0.425625 0.34444444444444444 0.425625 0.12333333333333334 0.571875 0.34444444444444444 0.571875
2 0.4088888888888889 0.439375 0.45222222222222225 0.439375 0.4088888888888889 0.46875 0.45222222222222225 0.46875
2 0.475 0.44125 0.5027777777777778 0.44125 0.475 0.46875 0.5027777777777778 0.46875
2 0.5166666666666667 0.443125 0.5355555555555556 0.443125 0.5166666666666667 0.466875 0.5355555555555556 0.466875
2 0.30777777777777776 0.431875 0.3411111111111111 0.431875 0.30777777777777776 0.46875 0.3411111111111111 0.46875
2 0.665 0.4175 0.8305555555555556 0.4175 0.665 0.488125 0.8305555555555556 0.488125
2 0.7722222222222223 0.428125 0.8483333333333334 0.428125 0.7722222222222223 0.455625 0.8483333333333334 0.455625
7 0.8905555555555555 0.329375 0.9994444444444445 0.329375 0.8905555555555555 0.648125 0.9994444444444445 0.648125
6 0.4888888888888889 0.455625 0.5038888888888889 0.455625 0.4888888888888889 0.4775 0.5038888888888889 0.4775