4 0.6327777777777778 0.299375 0.6461111111111111 0.299375 0.6327777777777778 0.35 0.6461111111111111 0.35
4 0.6311111111111111 0.370625 0.6438888888888888 0.370625 0.6311111111111111 0.38625 0.6438888888888888 0.38625
4 0.43833333333333335 0.181875 0.45444444444444443 0.181875 0.43833333333333335 0.23125 0.45444444444444443 0.23125
4 0.23666666666666666 0.310625 0.25277777777777777 0.310625 0.23666666666666666 0.36375 0.25277777777777777 0.36375
7 0.9255555555555556 0.41875 0.9411111111111111 0.41875 0.9255555555555556 0.45625 0.9411111111111111 0.45625
7 0.9866666666666667 0.41875 0.9994444444444445 0.41875 0.9866666666666667 0.445 0.9994444444444445 0.445
7 0.9366666666666666 0.403125 0.9811111111111112 0.403125 0.9366666666666666 0.53625 0.9811111111111112 0.53625
0 0.7872222222222223 0.488125 0.8872222222222222 0.488125 0.7872222222222223 0.685625 0.8872222222222222 0.685625
0 0.57 0.4575 0.6294444444444445 0.4575 0.57 0.574375 0.6294444444444445 0.574375
0 0.43166666666666664 0.47125 0.49722222222222223 0.47125 0.43166666666666664 0.598125 0.49722222222222223 0.598125
0 0.4955555555555556 0.4625 0.5133333333333333 0.4625 0.4955555555555556 0.4925 0.5133333333333333 0.4925
0 0.5455555555555556 0.455 0.5533333333333333 0.455 0.5455555555555556 0.47875 0.5533333333333333 0.47875
0 0.26944444444444443 0.460625 0.2866666666666667 0.460625 0.26944444444444443 0.5025 0.2866666666666667 0.5025
0 0.2788888888888889 0.45875 0.2966666666666667 0.45875 0.2788888888888889 0.50125 0.2966666666666667 0.50125
0 0.29944444444444446 0.46125 0.31666666666666665 0.46125 0.29944444444444446 0.495625 0.31666666666666665 0.495625
2 0.395 0.450625 0.42277777777777775 0.450625 0.395 0.476875 0.42277777777777775 0.476875
2 0.4216666666666667 0.453125 0.43666666666666665 0.453125 0.4216666666666667 0.469375 0.43666666666666665 0.469375
7 0.7866666666666666 0.3625 0.8761111111111111 0.3625 0.7866666666666666 0.6575 0.8761111111111111 0.6575
7 0.49444444444444446 0.436875 0.5122222222222222 0.436875 0.49444444444444446 0.484375 0.5122222222222222 0.484375
7 0.43333333333333335 0.40375 0.4938888888888889 0.40375 0.43333333333333335 0.56875 0.4938888888888889 0.56875
7 0.57 0.386875 0.6277777777777778 0.386875 0.57 0.55625 0.6277777777777778 0.55625