9 0.11333333333333333 0.408125 0.14 0.408125 0.11333333333333333 0.4175 0.14 0.4175
9 0.11277777777777778 0.41875 0.1388888888888889 0.41875 0.11277777777777778 0.429375 0.1388888888888889 0.429375
9 0.7855555555555556 0.291875 0.8422222222222222 0.291875 0.7855555555555556 0.315625 0.8422222222222222 0.315625
9 0.7955555555555556 0.31625 0.8427777777777777 0.31625 0.7955555555555556 0.370625 0.8427777777777777 0.370625
9 0.7872222222222223 0.475 0.845 0.475 0.7872222222222223 0.495625 0.845 0.495625
9 0.2772222222222222 0.378125 0.28944444444444445 0.378125 0.2772222222222222 0.388125 0.28944444444444445 0.388125
9 0.2777777777777778 0.389375 0.28833333333333333 0.389375 0.2777777777777778 0.415 0.28833333333333333 0.415
9 0.3022222222222222 0.415 0.30833333333333335 0.415 0.3022222222222222 0.43 0.30833333333333335 0.43
9 0.8938888888888888 0.38375 0.9338888888888889 0.38375 0.8938888888888888 0.403125 0.9338888888888889 0.403125
7 0.74 0.425625 0.7666666666666667 0.425625 0.74 0.51375 0.7666666666666667 0.51375
7 0.7194444444444444 0.423125 0.7444444444444445 0.423125 0.7194444444444444 0.506875 0.7444444444444445 0.506875
7 0.7133333333333334 0.42 0.7316666666666667 0.42 0.7133333333333334 0.495 0.7316666666666667 0.495
7 0.7038888888888889 0.433125 0.7216666666666667 0.433125 0.7038888888888889 0.489375 0.7216666666666667 0.489375
7 0.12444444444444444 0.443125 0.15555555555555556 0.443125 0.12444444444444444 0.53375 0.15555555555555556 0.53375
7 0.09333333333333334 0.45875 0.12444444444444444 0.45875 0.09333333333333334 0.548125 0.12444444444444444 0.548125
7 0.035555555555555556 0.47 0.050555555555555555 0.47 0.035555555555555556 0.5025 0.050555555555555555 0.5025
2 0.4538888888888889 0.438125 0.465 0.438125 0.4538888888888889 0.445 0.465 0.445
2 0.4388888888888889 0.443125 0.45111111111111113 0.443125 0.4388888888888889 0.459375 0.45111111111111113 0.459375
2 0.4255555555555556 0.443125 0.43944444444444447 0.443125 0.4255555555555556 0.461875 0.43944444444444447 0.461875
2 0.41333333333333333 0.441875 0.42944444444444446 0.441875 0.41333333333333333 0.46625 0.42944444444444446 0.46625
2 0.4111111111111111 0.445625 0.41833333333333333 0.445625 0.4111111111111111 0.466875 0.41833333333333333 0.466875
2 0.34055555555555556 0.444375 0.38333333333333336 0.444375 0.34055555555555556 0.48375 0.38333333333333336 0.48375
2 0.41944444444444445 0.44375 0.5066666666666667 0.44375 0.41944444444444445 0.549375 0.5066666666666667 0.549375
2 0 0.470625 0.07666666666666666 0.470625 0 0.610625 0.07666666666666666 0.610625
2 0.8322222222222222 0.4275 0.9161111111111111 0.4275 0.8322222222222222 0.489375 0.9161111111111111 0.489375
2 0.8616666666666667 0.41375 0.9994444444444445 0.41375 0.8616666666666667 0.5 0.9994444444444445 0.5
2 0.15944444444444444 0.433125 0.355 0.433125 0.15944444444444444 0.5825 0.355 0.5825
2 0.4166666666666667 0.4225 0.7511111111111111 0.4225 0.4166666666666667 0.7125 0.7511111111111111 0.7125
7 0.7694444444444445 0.43625 0.7961111111111111 0.43625 0.7694444444444445 0.473125 0.7961111111111111 0.473125
1 0.35888888888888887 0.40875 0.4127777777777778 0.40875 0.35888888888888887 0.475 0.4127777777777778 0.475