9 0.13944444444444445 0.3625 0.155 0.3625 0.13944444444444445 0.39125 0.155 0.39125
9 0.8838888888888888 0.42875 0.905 0.42875 0.8838888888888888 0.43875 0.905 0.43875
9 0.8822222222222222 0.410625 0.895 0.410625 0.8822222222222222 0.42375 0.895 0.42375
9 0.7705555555555555 0.45125 0.7755555555555556 0.45125 0.7705555555555555 0.465625 0.7755555555555556 0.465625
9 0.7694444444444445 0.43625 0.775 0.43625 0.7694444444444445 0.45 0.775 0.45
9 0.3794444444444444 0.476875 0.3844444444444444 0.476875 0.3794444444444444 0.488125 0.3844444444444444 0.488125
9 0.38 0.469375 0.3838888888888889 0.469375 0.38 0.476875 0.3838888888888889 0.476875
2 0.9305555555555556 0.4425 0.9994444444444445 0.4425 0.9305555555555556 0.615 0.9994444444444445 0.615
2 0.7322222222222222 0.4825 0.8677777777777778 0.4825 0.7322222222222222 0.5225 0.8677777777777778 0.5225
2 0.5188888888888888 0.493125 0.5527777777777778 0.493125 0.5188888888888888 0.5225 0.5527777777777778 0.5225
2 0.5033333333333333 0.5075 0.5177777777777778 0.5075 0.5033333333333333 0.52125 0.5177777777777778 0.52125
2 0.4955555555555556 0.510625 0.5044444444444445 0.510625 0.4955555555555556 0.52125 0.5044444444444445 0.52125
2 0.3883333333333333 0.503125 0.4177777777777778 0.503125 0.3883333333333333 0.5225 0.4177777777777778 0.5225
2 0.3983333333333333 0.498125 0.425 0.498125 0.3983333333333333 0.52125 0.425 0.52125
2 0.4222222222222222 0.4875 0.46555555555555556 0.4875 0.4222222222222222 0.520625 0.46555555555555556 0.520625
2 0.48944444444444446 0.511875 0.4961111111111111 0.511875 0.48944444444444446 0.52 0.4961111111111111 0.52