4 0.22875816993464052 0.5107421875 0.2361111111111111 0.5107421875 0.22875816993464052 0.5322265625 0.2361111111111111 0.5322265625
4 0.6944444444444444 0.42578125 0.7075163398692811 0.42578125 0.6944444444444444 0.46875 0.7075163398692811 0.46875
4 0.23284313725490197 0.41796875 0.24918300653594772 0.41796875 0.23284313725490197 0.462890625 0.24918300653594772 0.462890625
4 0.35375816993464054 0.466796875 0.3611111111111111 0.466796875 0.35375816993464054 0.48828125 0.3611111111111111 0.48828125
4 0.5874183006535948 0.4736328125 0.5931372549019608 0.4736328125 0.5874183006535948 0.4931640625 0.5931372549019608 0.4931640625
9 0.6315359477124183 0.4619140625 0.6495098039215687 0.4619140625 0.6315359477124183 0.4833984375 0.6495098039215687 0.4833984375
9 0.6315359477124183 0.4833984375 0.6495098039215687 0.4833984375 0.6315359477124183 0.490234375 0.6495098039215687 0.490234375
9 0.5547385620915033 0.4931640625 0.5637254901960784 0.4931640625 0.5547385620915033 0.50390625 0.5637254901960784 0.50390625
9 0.5555555555555556 0.50390625 0.5629084967320261 0.50390625 0.5555555555555556 0.5068359375 0.5629084967320261 0.5068359375
9 0.4068627450980392 0.4931640625 0.4125816993464052 0.4931640625 0.4068627450980392 0.5 0.4125816993464052 0.5
7 0.30718954248366015 0.5048828125 0.31862745098039214 0.5048828125 0.30718954248366015 0.54296875 0.31862745098039214 0.54296875
7 0.32107843137254904 0.5107421875 0.3292483660130719 0.5107421875 0.32107843137254904 0.54296875 0.3292483660130719 0.54296875
7 0.8978758169934641 0.5146484375 0.9199346405228758 0.5146484375 0.8978758169934641 0.6064453125 0.9199346405228758 0.6064453125
7 0.8611111111111112 0.5068359375 0.8897058823529411 0.5068359375 0.8611111111111112 0.6083984375 0.8897058823529411 0.6083984375
7 0.7598039215686274 0.509765625 0.7785947712418301 0.509765625 0.7598039215686274 0.572265625 0.7785947712418301 0.572265625
7 0.7459150326797386 0.5166015625 0.7622549019607843 0.5166015625 0.7459150326797386 0.5546875 0.7622549019607843 0.5546875
2 0.4722222222222222 0.5166015625 0.4877450980392157 0.5166015625 0.4722222222222222 0.5322265625 0.4877450980392157 0.5322265625
2 0.4534313725490196 0.5166015625 0.4730392156862745 0.5166015625 0.4534313725490196 0.537109375 0.4730392156862745 0.537109375
2 0.440359477124183 0.5126953125 0.4534313725490196 0.5126953125 0.440359477124183 0.5283203125 0.4534313725490196 0.5283203125
2 0.4305555555555556 0.515625 0.44607843137254904 0.515625 0.4305555555555556 0.529296875 0.44607843137254904 0.529296875
2 0.37745098039215685 0.5205078125 0.4305555555555556 0.5205078125 0.37745098039215685 0.5654296875 0.4305555555555556 0.5654296875