4 0.2099673202614379 0.470703125 0.21405228758169934 0.470703125 0.2099673202614379 0.484375 0.21405228758169934 0.484375
4 0.4632352941176471 0.455078125 0.46895424836601307 0.455078125 0.4632352941176471 0.470703125 0.46895424836601307 0.470703125
4 0.6037581699346405 0.462890625 0.6094771241830066 0.462890625 0.6037581699346405 0.48046875 0.6094771241830066 0.48046875
4 0.2540849673202614 0.4990234375 0.2549019607843137 0.4990234375 0.2540849673202614 0.501953125 0.2549019607843137 0.501953125
4 0.2834967320261438 0.498046875 0.28594771241830064 0.498046875 0.2834967320261438 0.501953125 0.28594771241830064 0.501953125
9 0.8227124183006536 0.455078125 0.8357843137254902 0.455078125 0.8227124183006536 0.4716796875 0.8357843137254902 0.4716796875
9 0.8235294117647058 0.4716796875 0.8357843137254902 0.4716796875 0.8235294117647058 0.486328125 0.8357843137254902 0.486328125
9 0.5906862745098039 0.4775390625 0.5988562091503268 0.4775390625 0.5906862745098039 0.48828125 0.5988562091503268 0.48828125
9 0.5751633986928104 0.482421875 0.5816993464052288 0.482421875 0.5751633986928104 0.490234375 0.5816993464052288 0.490234375
9 0.6601307189542484 0.451171875 0.6764705882352942 0.451171875 0.6601307189542484 0.4697265625 0.6764705882352942 0.4697265625
9 0.6617647058823529 0.48046875 0.6756535947712419 0.48046875 0.6617647058823529 0.4970703125 0.6756535947712419 0.4970703125
9 0.6633986928104575 0.4970703125 0.6740196078431373 0.4970703125 0.6633986928104575 0.501953125 0.6740196078431373 0.501953125
9 0.8218954248366013 0.447265625 0.8349673202614379 0.447265625 0.8218954248366013 0.455078125 0.8349673202614379 0.455078125
0 0.8962418300653595 0.53515625 0.9828431372549019 0.53515625 0.8962418300653595 0.6142578125 0.9828431372549019 0.6142578125
0 0.8235294117647058 0.521484375 0.8398692810457516 0.521484375 0.8235294117647058 0.546875 0.8398692810457516 0.546875
2 0.9248366013071896 0.505859375 0.9991830065359477 0.505859375 0.9248366013071896 0.5810546875 0.9991830065359477 0.5810546875
2 0 0.5087890625 0.238562091503268 0.5087890625 0 0.76171875 0.238562091503268 0.76171875
2 0.32189542483660133 0.5078125 0.3709150326797386 0.5078125 0.32189542483660133 0.546875 0.3709150326797386 0.546875
2 0.39215686274509803 0.5009765625 0.4150326797385621 0.5009765625 0.39215686274509803 0.529296875 0.4150326797385621 0.529296875
2 0.39869281045751637 0.5078125 0.4411764705882353 0.5078125 0.39869281045751637 0.5439453125 0.4411764705882353 0.5439453125
2 0.43709150326797386 0.50390625 0.4526143790849673 0.50390625 0.43709150326797386 0.5205078125 0.4526143790849673 0.5205078125
2 0.45179738562091504 0.4990234375 0.4722222222222222 0.4990234375 0.45179738562091504 0.5224609375 0.4722222222222222 0.5224609375
2 0.47058823529411764 0.5029296875 0.5089869281045751 0.5029296875 0.47058823529411764 0.5283203125 0.5089869281045751 0.5283203125
2 0.5073529411764706 0.50390625 0.5220588235294118 0.50390625 0.5073529411764706 0.5224609375 0.5220588235294118 0.5224609375
2 0.5220588235294118 0.501953125 0.5408496732026143 0.501953125 0.5220588235294118 0.5283203125 0.5408496732026143 0.5283203125
2 0.5147058823529411 0.494140625 0.5269607843137255 0.494140625 0.5147058823529411 0.5078125 0.5269607843137255 0.5078125
2 0.5408496732026143 0.4970703125 0.5833333333333334 0.4970703125 0.5408496732026143 0.529296875 0.5833333333333334 0.529296875
2 0.5555555555555556 0.5029296875 0.625 0.5029296875 0.5555555555555556 0.53515625 0.625 0.53515625
2 0.4869281045751634 0.5283203125 0.6658496732026143 0.5283203125 0.4869281045751634 0.69140625 0.6658496732026143 0.69140625
2 0.6552287581699346 0.5078125 0.6895424836601307 0.5078125 0.6552287581699346 0.533203125 0.6895424836601307 0.533203125
2 0.7034313725490197 0.509765625 0.7410130718954249 0.509765625 0.7034313725490197 0.5400390625 0.7410130718954249 0.5400390625
2 0.7352941176470589 0.5087890625 0.7736928104575164 0.5087890625 0.7352941176470589 0.544921875 0.7736928104575164 0.544921875
2 0.7638888888888888 0.51171875 0.815359477124183 0.51171875 0.7638888888888888 0.55078125 0.815359477124183 0.55078125