7 0.1984375 0.505859375 0.2265625 0.505859375 0.1984375 0.6201171875 0.2265625 0.6201171875
7 0.01953125 0.4892578125 0.03984375 0.4892578125 0.01953125 0.5478515625 0.03984375 0.5478515625
2 0.65 0.6650390625 0.99921875 0.6650390625 0.65 0.9990234375 0.99921875 0.9990234375
2 0.4046875 0.5810546875 0.82734375 0.5810546875 0.4046875 0.880859375 0.82734375 0.880859375
2 0.3125 0.5517578125 0.51171875 0.5517578125 0.3125 0.7412109375 0.51171875 0.7412109375
2 0.265625 0.5302734375 0.4109375 0.5302734375 0.265625 0.6689453125 0.4109375 0.6689453125
2 0.20703125 0.4921875 0.30703125 0.4921875 0.20703125 0.607421875 0.30703125 0.607421875
2 0.1734375 0.50390625 0.2109375 0.50390625 0.1734375 0.578125 0.2109375 0.578125
2 0.14921875 0.5029296875 0.184375 0.5029296875 0.14921875 0.552734375 0.184375 0.552734375
2 0.12734375 0.4951171875 0.165625 0.4951171875 0.12734375 0.5341796875 0.165625 0.5341796875
2 0.1046875 0.48046875 0.13046875 0.48046875 0.1046875 0.513671875 0.13046875 0.513671875
2 0.640625 0.466796875 0.6953125 0.466796875 0.640625 0.5185546875 0.6953125 0.5185546875
2 0.60390625 0.45703125 0.675 0.45703125 0.60390625 0.509765625 0.675 0.509765625
2 0.3015625 0.4814453125 0.4203125 0.4814453125 0.3015625 0.53515625 0.4203125 0.53515625
2 0.084375 0.4716796875 0.10078125 0.4716796875 0.084375 0.4912109375 0.10078125 0.4912109375