1 0.46895424836601307 0.3359375 0.5187908496732027 0.3359375 0.46895424836601307 0.4287109375 0.5187908496732027 0.4287109375
4 0.4207516339869281 0.361328125 0.42483660130718953 0.361328125 0.4207516339869281 0.3759765625 0.42483660130718953 0.3759765625
4 0.40522875816993464 0.3642578125 0.41013071895424835 0.3642578125 0.40522875816993464 0.3779296875 0.41013071895424835 0.3779296875
4 0.5367647058823529 0.3662109375 0.5416666666666666 0.3662109375 0.5367647058823529 0.380859375 0.5416666666666666 0.380859375
4 0.5318627450980392 0.3671875 0.5367647058823529 0.3671875 0.5318627450980392 0.380859375 0.5367647058823529 0.380859375
4 0.5678104575163399 0.3857421875 0.5735294117647058 0.3857421875 0.5678104575163399 0.3974609375 0.5735294117647058 0.3974609375
4 0.41421568627450983 0.3681640625 0.41911764705882354 0.3681640625 0.41421568627450983 0.3740234375 0.41911764705882354 0.3740234375
9 0.5808823529411765 0.4140625 0.5923202614379085 0.4140625 0.5808823529411765 0.443359375 0.5923202614379085 0.443359375
9 0.6013071895424836 0.416015625 0.6151960784313726 0.416015625 0.6013071895424836 0.44921875 0.6151960784313726 0.44921875
9 0.9550653594771242 0.4541015625 0.9665032679738562 0.4541015625 0.9550653594771242 0.49609375 0.9665032679738562 0.49609375
9 0.23937908496732027 0.1279296875 0.28104575163398693 0.1279296875 0.23937908496732027 0.2021484375 0.28104575163398693 0.2021484375
7 0.42320261437908496 0.3896484375 0.4297385620915033 0.3896484375 0.42320261437908496 0.4140625 0.4297385620915033 0.4140625
7 0.41421568627450983 0.3896484375 0.4207516339869281 0.3896484375 0.41421568627450983 0.4130859375 0.4207516339869281 0.4130859375
7 0.3619281045751634 0.3876953125 0.37663398692810457 0.3876953125 0.3619281045751634 0.4365234375 0.37663398692810457 0.4365234375
7 0.35375816993464054 0.3818359375 0.3660130718954248 0.3818359375 0.35375816993464054 0.41796875 0.3660130718954248 0.41796875
7 0.2099673202614379 0.373046875 0.23447712418300654 0.373046875 0.2099673202614379 0.4560546875 0.23447712418300654 0.4560546875
7 0.38235294117647056 0.384765625 0.39133986928104575 0.384765625 0.38235294117647056 0.4169921875 0.39133986928104575 0.4169921875
0 0.8300653594771242 0.4345703125 0.8594771241830066 0.4345703125 0.8300653594771242 0.47265625 0.8594771241830066 0.47265625
0 0.670751633986928 0.4189453125 0.6821895424836601 0.4189453125 0.670751633986928 0.4462890625 0.6821895424836601 0.4462890625
0 0.35375816993464054 0.408203125 0.36356209150326796 0.408203125 0.35375816993464054 0.4423828125 0.36356209150326796 0.4423828125
0 0.21650326797385622 0.4072265625 0.25735294117647056 0.4072265625 0.21650326797385622 0.490234375 0.25735294117647056 0.490234375
2 0.45588235294117646 0.3876953125 0.4959150326797386 0.3876953125 0.45588235294117646 0.435546875 0.4959150326797386 0.435546875
2 0.4387254901960784 0.4013671875 0.48937908496732024 0.4013671875 0.4387254901960784 0.44921875 0.48937908496732024 0.44921875
2 0.545751633986928 0.3984375 0.5612745098039216 0.3984375 0.545751633986928 0.416015625 0.5612745098039216 0.416015625
2 0.5580065359477124 0.3974609375 0.5800653594771242 0.3974609375 0.5580065359477124 0.421875 0.5800653594771242 0.421875
2 0.6086601307189542 0.4052734375 0.6535947712418301 0.4052734375 0.6086601307189542 0.447265625 0.6535947712418301 0.447265625
2 0 0.4169921875 0.16748366013071894 0.4169921875 0 0.572265625 0.16748366013071894 0.572265625
2 0.6928104575163399 0.396484375 0.8014705882352942 0.396484375 0.6928104575163399 0.4912109375 0.8014705882352942 0.4912109375
2 0.6045751633986928 0.3984375 0.6290849673202614 0.3984375 0.6045751633986928 0.416015625 0.6290849673202614 0.416015625
7 0.8357843137254902 0.412109375 0.8594771241830066 0.412109375 0.8357843137254902 0.466796875 0.8594771241830066 0.466796875
7 0.6699346405228758 0.404296875 0.6821895424836601 0.404296875 0.6699346405228758 0.4423828125 0.6821895424836601 0.4423828125