4 0.3276143790849673 0.43359375 0.33578431372549017 0.43359375 0.3276143790849673 0.443359375 0.33578431372549017 0.443359375
4 0.6748366013071896 0.462890625 0.6854575163398693 0.462890625 0.6748366013071896 0.50390625 0.6854575163398693 0.50390625
4 0.6699346405228758 0.3955078125 0.6887254901960784 0.3955078125 0.6699346405228758 0.419921875 0.6887254901960784 0.419921875
4 0.673202614379085 0.2744140625 0.7001633986928104 0.2744140625 0.673202614379085 0.3642578125 0.7001633986928104 0.3642578125
4 0.8496732026143791 0.193359375 0.8700980392156863 0.193359375 0.8496732026143791 0.248046875 0.8700980392156863 0.248046875
4 0.8088235294117647 0.3974609375 0.8235294117647058 0.3974609375 0.8088235294117647 0.419921875 0.8235294117647058 0.419921875
4 0.7990196078431373 0.4189453125 0.8071895424836601 0.4189453125 0.7990196078431373 0.4296875 0.8071895424836601 0.4296875
4 0 0.1630859375 0.017973856209150325 0.1630859375 0 0.2236328125 0.017973856209150325 0.2236328125
9 0.5473856209150327 0.4130859375 0.6021241830065359 0.4130859375 0.5473856209150327 0.421875 0.6021241830065359 0.421875
9 0.5163398692810458 0.3935546875 0.571078431372549 0.3935546875 0.5163398692810458 0.412109375 0.571078431372549 0.412109375
9 0.5473856209150327 0.3798828125 0.6021241830065359 0.3798828125 0.5473856209150327 0.390625 0.6021241830065359 0.390625
9 0.5473856209150327 0.3671875 0.6021241830065359 0.3671875 0.5473856209150327 0.3779296875 0.6021241830065359 0.3779296875
9 0.571078431372549 0.3603515625 0.5841503267973857 0.3603515625 0.571078431372549 0.3671875 0.5841503267973857 0.3671875
9 0.7998366013071896 0.4521484375 0.8243464052287581 0.4521484375 0.7998366013071896 0.462890625 0.8243464052287581 0.462890625
9 0.8145424836601307 0.3466796875 0.8243464052287581 0.3466796875 0.8145424836601307 0.3828125 0.8243464052287581 0.3828125
9 0.9256535947712419 0.3125 0.9869281045751634 0.3125 0.9256535947712419 0.38671875 0.9869281045751634 0.38671875
9 0.7687908496732027 0.5283203125 0.8218954248366013 0.5283203125 0.7687908496732027 0.55078125 0.8218954248366013 0.55078125
13 0.6919934640522876 0.4150390625 0.8235294117647058 0.4150390625 0.6919934640522876 0.5166015625 0.8235294117647058 0.5166015625
2 0 0.4384765625 0.26633986928104575 0.4384765625 0 0.697265625 0.26633986928104575 0.697265625
2 0 0.529296875 0.08986928104575163 0.529296875 0 0.7919921875 0.08986928104575163 0.7919921875
2 0.5637254901960784 0.45703125 0.7745098039215687 0.45703125 0.5637254901960784 0.5576171875 0.7745098039215687 0.5576171875
2 0.3684640522875817 0.51171875 0.690359477124183 0.51171875 0.3684640522875817 0.83203125 0.690359477124183 0.83203125
6 0 0.390625 0.059640522875817 0.390625 0 0.4443359375 0.059640522875817 0.4443359375