4 0.13722222222222222 0.15625 0.15666666666666668 0.15625 0.13722222222222222 0.210625 0.15666666666666668 0.210625
4 0.3655555555555556 0.154375 0.3844444444444444 0.154375 0.3655555555555556 0.20875 0.3844444444444444 0.20875
4 0.7588888888888888 0.29125 0.7755555555555556 0.29125 0.7588888888888888 0.34375 0.7755555555555556 0.34375
4 0.7633333333333333 0.368125 0.7827777777777778 0.368125 0.7633333333333333 0.389375 0.7827777777777778 0.389375
4 0.9766666666666667 0.264375 0.9994444444444445 0.264375 0.9766666666666667 0.32125 0.9994444444444445 0.32125
4 0.9866666666666667 0.34875 0.9994444444444445 0.34875 0.9866666666666667 0.37125 0.9994444444444445 0.37125
9 0.16833333333333333 0.159375 0.20666666666666667 0.159375 0.16833333333333333 0.20625 0.20666666666666667 0.20625
9 0.6266666666666667 0.360625 0.6622222222222223 0.360625 0.6266666666666667 0.40875 0.6622222222222223 0.40875
9 0.4122222222222222 0.215 0.5238888888888888 0.215 0.4122222222222222 0.248125 0.5238888888888888 0.248125
9 0.1288888888888889 0.44 0.14055555555555554 0.44 0.1288888888888889 0.45625 0.14055555555555554 0.45625
7 0.8105555555555556 0.420625 0.8227777777777778 0.420625 0.8105555555555556 0.450625 0.8227777777777778 0.450625
7 0.8233333333333334 0.42375 0.8372222222222222 0.42375 0.8233333333333334 0.45 0.8372222222222222 0.45
7 0.9733333333333334 0.409375 0.9916666666666667 0.409375 0.9733333333333334 0.461875 0.9916666666666667 0.461875
7 0.9322222222222222 0.40875 0.9638888888888889 0.40875 0.9322222222222222 0.46625 0.9638888888888889 0.46625
0 0.7661111111111111 0.46 0.8144444444444444 0.46 0.7661111111111111 0.52125 0.8144444444444444 0.52125
0 0.9827777777777778 0.426875 0.9994444444444445 0.426875 0.9827777777777778 0.46125 0.9994444444444445 0.46125
0 0.9361111111111111 0.42625 0.9844444444444445 0.42625 0.9361111111111111 0.464375 0.9844444444444445 0.464375
0 0.9522222222222222 0.425625 0.9766666666666667 0.425625 0.9522222222222222 0.46375 0.9766666666666667 0.46375
0 0.8961111111111111 0.429375 0.935 0.429375 0.8961111111111111 0.46625 0.935 0.46625
0 0.89 0.43125 0.925 0.43125 0.89 0.465625 0.925 0.465625
0 0.8811111111111111 0.42875 0.9122222222222223 0.42875 0.8811111111111111 0.46625 0.9122222222222223 0.46625
0 0.8761111111111111 0.43 0.9066666666666666 0.43 0.8761111111111111 0.465625 0.9066666666666666 0.465625
0 0.8666666666666667 0.42875 0.8994444444444445 0.42875 0.8666666666666667 0.465 0.8994444444444445 0.465
0 0.8627777777777778 0.429375 0.8938888888888888 0.429375 0.8627777777777778 0.465 0.8938888888888888 0.465
0 0.8588888888888889 0.428125 0.8872222222222222 0.428125 0.8588888888888889 0.465 0.8872222222222222 0.465
0 0.855 0.43125 0.8883333333333333 0.43125 0.855 0.465 0.8883333333333333 0.465
0 0.8505555555555555 0.43125 0.8794444444444445 0.43125 0.8505555555555555 0.464375 0.8794444444444445 0.464375
0 0.8433333333333334 0.430625 0.8738888888888889 0.430625 0.8433333333333334 0.465625 0.8738888888888889 0.465625
0 0.8055555555555556 0.43375 0.8461111111111111 0.43375 0.8055555555555556 0.473125 0.8461111111111111 0.473125
0 0.8088888888888889 0.4425 0.8422222222222222 0.4425 0.8088888888888889 0.47125 0.8422222222222222 0.47125
0 0.7361111111111112 0.435 0.7522222222222222 0.435 0.7361111111111112 0.4625 0.7522222222222222 0.4625
0 0.7222222222222222 0.436875 0.7383333333333333 0.436875 0.7222222222222222 0.460625 0.7383333333333333 0.460625
0 0.7133333333333334 0.4375 0.7316666666666667 0.4375 0.7133333333333334 0.461875 0.7316666666666667 0.461875
0 0.7061111111111111 0.439375 0.7233333333333334 0.439375 0.7061111111111111 0.460625 0.7233333333333334 0.460625
0 0.6966666666666667 0.44 0.7133333333333334 0.44 0.6966666666666667 0.45875 0.7133333333333334 0.45875
2 0.45 0.43875 0.5083333333333333 0.43875 0.45 0.49375 0.5083333333333333 0.49375
2 0.3794444444444444 0.454375 0.39055555555555554 0.454375 0.3794444444444444 0.46375 0.39055555555555554 0.46375
2 0.39166666666666666 0.455 0.4 0.455 0.39166666666666666 0.460625 0.4 0.460625
2 0.3622222222222222 0.456875 0.37555555555555553 0.456875 0.3622222222222222 0.466875 0.37555555555555553 0.466875
2 0 0.469375 0.025555555555555557 0.469375 0 0.52 0.025555555555555557 0.52
2 0.06555555555555556 0.460625 0.16777777777777778 0.460625 0.06555555555555556 0.528125 0.16777777777777778 0.528125
2 0.195 0.460625 0.23833333333333334 0.460625 0.195 0.48 0.23833333333333334 0.48
2 0.23777777777777778 0.4625 0.26222222222222225 0.4625 0.23777777777777778 0.475625 0.26222222222222225 0.475625
2 0.2561111111111111 0.460625 0.2722222222222222 0.460625 0.2561111111111111 0.474375 0.2722222222222222 0.474375
2 0.2727777777777778 0.459375 0.2838888888888889 0.459375 0.2727777777777778 0.4725 0.2838888888888889 0.4725
2 0.021111111111111112 0.466875 0.05277777777777778 0.466875 0.021111111111111112 0.488125 0.05277777777777778 0.488125
7 0.7711111111111111 0.418125 0.8072222222222222 0.418125 0.7711111111111111 0.511875 0.8072222222222222 0.511875