4 0.5316666666666666 0.415625 0.5388888888888889 0.415625 0.5316666666666666 0.435625 0.5388888888888889 0.435625
4 0.3388888888888889 0.41875 0.3477777777777778 0.41875 0.3388888888888889 0.4425 0.3477777777777778 0.4425
9 0.5322222222222223 0.440625 0.5388888888888889 0.440625 0.5322222222222223 0.44625 0.5388888888888889 0.44625
9 0.33944444444444444 0.445 0.34555555555555556 0.445 0.33944444444444444 0.45 0.34555555555555556 0.45
9 0.12222222222222222 0.39 0.1361111111111111 0.39 0.12222222222222222 0.4125 0.1361111111111111 0.4125
9 0.6633333333333333 0.380625 0.6755555555555556 0.380625 0.6633333333333333 0.396875 0.6755555555555556 0.396875
2 0.2038888888888889 0.443125 0.30833333333333335 0.443125 0.2038888888888889 0.528125 0.30833333333333335 0.528125
2 0.3055555555555556 0.46125 0.345 0.46125 0.3055555555555556 0.5025 0.345 0.5025
2 0.33944444444444444 0.448125 0.40444444444444444 0.448125 0.33944444444444444 0.51125 0.40444444444444444 0.51125
2 0.4494444444444444 0.46125 0.4816666666666667 0.46125 0.4494444444444444 0.481875 0.4816666666666667 0.481875
2 0.4905555555555556 0.455 0.5183333333333333 0.455 0.4905555555555556 0.481875 0.5183333333333333 0.481875
2 0.48777777777777775 0.446875 0.5144444444444445 0.446875 0.48777777777777775 0.4775 0.5144444444444445 0.4775
2 0.5538888888888889 0.418125 0.725 0.418125 0.5538888888888889 0.5575 0.725 0.5575
2 0.5266666666666666 0.449375 0.5616666666666666 0.449375 0.5266666666666666 0.469375 0.5616666666666666 0.469375