1 0.17483660130718953 0.1396484375 0.42483660130718953 0.1396484375 0.17483660130718953 0.5166015625 0.42483660130718953 0.5166015625
1 0.6830065359477124 0.40234375 0.7181372549019608 0.40234375 0.6830065359477124 0.431640625 0.7181372549019608 0.431640625
4 0.8504901960784313 0.267578125 0.8725490196078431 0.267578125 0.8504901960784313 0.3388671875 0.8725490196078431 0.3388671875
4 0.7214052287581699 0.34765625 0.7336601307189542 0.34765625 0.7214052287581699 0.38671875 0.7336601307189542 0.38671875
4 0.6062091503267973 0.369140625 0.6143790849673203 0.369140625 0.6062091503267973 0.396484375 0.6143790849673203 0.396484375
4 0.9599673202614379 0.4404296875 0.9689542483660131 0.4404296875 0.9599673202614379 0.4521484375 0.9689542483660131 0.4521484375
4 0.08660130718954248 0.27734375 0.09722222222222222 0.27734375 0.08660130718954248 0.326171875 0.09722222222222222 0.326171875
4 0.1119281045751634 0.3017578125 0.12990196078431374 0.3017578125 0.1119281045751634 0.3232421875 0.12990196078431374 0.3232421875
4 0.5563725490196079 0.392578125 0.5604575163398693 0.392578125 0.5563725490196079 0.4072265625 0.5604575163398693 0.4072265625
9 0.8488562091503268 0.3408203125 0.8684640522875817 0.3408203125 0.8488562091503268 0.36328125 0.8684640522875817 0.36328125
9 0.7205882352941176 0.3857421875 0.7320261437908496 0.3857421875 0.7205882352941176 0.396484375 0.7320261437908496 0.396484375
7 0.018790849673202614 0.3544921875 0.06535947712418301 0.3544921875 0.018790849673202614 0.4658203125 0.06535947712418301 0.4658203125
7 0.06862745098039216 0.3623046875 0.10457516339869281 0.3623046875 0.06862745098039216 0.470703125 0.10457516339869281 0.470703125
7 0.05800653594771242 0.36328125 0.08496732026143791 0.36328125 0.05800653594771242 0.4599609375 0.08496732026143791 0.4599609375
2 0.4215686274509804 0.388671875 0.44607843137254904 0.388671875 0.4215686274509804 0.4443359375 0.44607843137254904 0.4443359375
2 0.4411764705882353 0.400390625 0.45751633986928103 0.400390625 0.4411764705882353 0.43359375 0.45751633986928103 0.43359375
2 0.4534313725490196 0.4013671875 0.46405228758169936 0.4013671875 0.4534313725490196 0.427734375 0.46405228758169936 0.427734375
2 0.4624183006535948 0.4033203125 0.4738562091503268 0.4033203125 0.4624183006535948 0.4189453125 0.4738562091503268 0.4189453125
2 0.43709150326797386 0.4052734375 0.5906862745098039 0.4052734375 0.43709150326797386 0.56640625 0.5906862745098039 0.56640625
2 0.5669934640522876 0.419921875 0.6053921568627451 0.419921875 0.5669934640522876 0.4580078125 0.6053921568627451 0.4580078125
2 0.5972222222222222 0.419921875 0.6339869281045751 0.419921875 0.5972222222222222 0.453125 0.6339869281045751 0.453125
2 0.5931372549019608 0.4130859375 0.619281045751634 0.4130859375 0.5931372549019608 0.4267578125 0.619281045751634 0.4267578125
2 0.6143790849673203 0.4248046875 0.7377450980392157 0.4248046875 0.6143790849673203 0.5234375 0.7377450980392157 0.5234375
2 0.8946078431372549 0.455078125 0.9991830065359477 0.455078125 0.8946078431372549 0.6865234375 0.9991830065359477 0.6865234375
2 0.8921568627450981 0.4443359375 0.988562091503268 0.4443359375 0.8921568627450981 0.5107421875 0.988562091503268 0.5107421875
2 0.8169934640522876 0.4423828125 0.9125816993464052 0.4423828125 0.8169934640522876 0.5087890625 0.9125816993464052 0.5087890625
2 0.7892156862745098 0.4365234375 0.8382352941176471 0.4365234375 0.7892156862745098 0.4833984375 0.8382352941176471 0.4833984375
2 0.7475490196078431 0.4326171875 0.795751633986928 0.4326171875 0.7475490196078431 0.4765625 0.795751633986928 0.4765625
2 0.7197712418300654 0.4296875 0.7549019607843137 0.4296875 0.7197712418300654 0.4677734375 0.7549019607843137 0.4677734375
2 0.4714052287581699 0.404296875 0.4852941176470588 0.404296875 0.4714052287581699 0.4150390625 0.4852941176470588 0.4150390625