4 0.40869140625 0.20247395833333334 0.427734375 0.20247395833333334 0.40869140625 0.2584635416666667 0.427734375 0.2584635416666667
4 0.69677734375 0.3411458333333333 0.71875 0.3411458333333333 0.69677734375 0.3990885416666667 0.71875 0.3990885416666667
4 0.8896484375 0.3059895833333333 0.919921875 0.3059895833333333 0.8896484375 0.3990885416666667 0.919921875 0.3990885416666667
4 0.70263671875 0.44921875 0.7158203125 0.44921875 0.70263671875 0.4798177083333333 0.7158203125 0.4798177083333333
4 0.5185546875 0.478515625 0.52490234375 0.478515625 0.5185546875 0.4954427083333333 0.52490234375 0.4954427083333333
4 0.529296875 0.5078125 0.533203125 0.5078125 0.529296875 0.51953125 0.533203125 0.51953125
4 0.56787109375 0.5078125 0.572265625 0.5078125 0.56787109375 0.5188802083333334 0.572265625 0.5188802083333334
4 0.40234375 0.5169270833333334 0.40966796875 0.5169270833333334 0.40234375 0.541015625 0.40966796875 0.541015625
9 0.4580078125 0.21158854166666666 0.494140625 0.21158854166666666 0.4580078125 0.2591145833333333 0.494140625 0.2591145833333333
9 0.6708984375 0.2799479166666667 0.71875 0.2799479166666667 0.6708984375 0.30859375 0.71875 0.30859375
9 0.68212890625 0.4244791666666667 0.720703125 0.4244791666666667 0.68212890625 0.447265625 0.720703125 0.447265625
7 0.86669921875 0.4817708333333333 0.900390625 0.4817708333333333 0.86669921875 0.61328125 0.900390625 0.61328125
7 0.921875 0.470703125 0.96240234375 0.470703125 0.921875 0.6041666666666666 0.96240234375 0.6041666666666666
2 0.03759765625 0.5559895833333334 0.15478515625 0.5559895833333334 0.03759765625 0.6373697916666666 0.15478515625 0.6373697916666666
2 0.22216796875 0.5416666666666666 0.302734375 0.5416666666666666 0.22216796875 0.62109375 0.302734375 0.62109375
2 0.38720703125 0.5279947916666666 0.4423828125 0.5279947916666666 0.38720703125 0.58203125 0.4423828125 0.58203125
2 0.15380859375 0.5611979166666666 0.19970703125 0.5611979166666666 0.15380859375 0.6106770833333334 0.19970703125 0.6106770833333334