4 0.7088888888888889 0.345625 0.7194444444444444 0.345625 0.7088888888888889 0.379375 0.7194444444444444 0.379375
4 0.74 0.344375 0.7511111111111111 0.344375 0.74 0.3775 0.7511111111111111 0.3775
4 0.7172222222222222 0.39875 0.7261111111111112 0.39875 0.7172222222222222 0.413125 0.7261111111111112 0.413125
4 0.6338888888888888 0.35875 0.6433333333333333 0.35875 0.6338888888888888 0.390625 0.6433333333333333 0.390625
4 0.6366666666666667 0.404375 0.6483333333333333 0.404375 0.6366666666666667 0.4175 0.6483333333333333 0.4175
4 0.28055555555555556 0.29125 0.28944444444444445 0.29125 0.28055555555555556 0.323125 0.28944444444444445 0.323125
4 0.4438888888888889 0.29375 0.4538888888888889 0.29375 0.4438888888888889 0.325625 0.4538888888888889 0.325625
4 0.8827777777777778 0.090625 0.9038888888888889 0.090625 0.8827777777777778 0.148125 0.9038888888888889 0.148125
4 0.01611111111111111 0.415625 0.02277777777777778 0.415625 0.01611111111111111 0.4375 0.02277777777777778 0.4375
4 0.014444444444444444 0.45 0.021666666666666667 0.45 0.014444444444444444 0.46 0.021666666666666667 0.46
9 0.5072222222222222 0.335 0.555 0.335 0.5072222222222222 0.35125 0.555 0.35125
9 0.2972222222222222 0.28875 0.31777777777777777 0.28875 0.2972222222222222 0.311875 0.31777777777777777 0.311875
9 0.9238888888888889 0.06875 0.9516666666666667 0.06875 0.9238888888888889 0.130625 0.9516666666666667 0.130625
9 0.5894444444444444 0.399375 0.6077777777777778 0.399375 0.5894444444444444 0.42625 0.6077777777777778 0.42625
9 0.5772222222222222 0.41375 0.585 0.41375 0.5772222222222222 0.431875 0.585 0.431875
7 0.7427777777777778 0.42625 0.7683333333333333 0.42625 0.7427777777777778 0.49375 0.7683333333333333 0.49375
2 0.22 0.4425 0.2861111111111111 0.4425 0.22 0.49375 0.2861111111111111 0.49375
2 0.4388888888888889 0.413125 0.5538888888888889 0.413125 0.4388888888888889 0.520625 0.5538888888888889 0.520625
2 0.4088888888888889 0.445 0.4444444444444444 0.445 0.4088888888888889 0.480625 0.4444444444444444 0.480625
2 0.35055555555555556 0.4575 0.3738888888888889 0.4575 0.35055555555555556 0.475 0.3738888888888889 0.475
2 0 0.453125 0.035 0.453125 0 0.518125 0.035 0.518125
6 0.14777777777777779 0.445 0.19722222222222222 0.445 0.14777777777777779 0.494375 0.19722222222222222 0.494375
2 0.051666666666666666 0.44625 0.15611111111111112 0.44625 0.051666666666666666 0.515625 0.15611111111111112 0.515625