4 0.3562091503267974 0.4580078125 0.36356209150326796 0.4580078125 0.3562091503267974 0.478515625 0.36356209150326796 0.478515625
9 0.07107843137254902 0.4462890625 0.10130718954248366 0.4462890625 0.07107843137254902 0.4619140625 0.10130718954248366 0.4619140625
9 0.07107843137254902 0.4638671875 0.10130718954248366 0.4638671875 0.07107843137254902 0.48046875 0.10130718954248366 0.48046875
9 0.4264705882352941 0.37890625 0.46977124183006536 0.37890625 0.4264705882352941 0.4091796875 0.46977124183006536 0.4091796875
9 0.4395424836601307 0.4443359375 0.4991830065359477 0.4443359375 0.4395424836601307 0.4697265625 0.4991830065359477 0.4697265625
9 0.5147058823529411 0.4169921875 0.5816993464052288 0.4169921875 0.5147058823529411 0.4423828125 0.5816993464052288 0.4423828125
9 0.4632352941176471 0.26953125 0.5718954248366013 0.26953125 0.4632352941176471 0.373046875 0.5718954248366013 0.373046875
9 0.3235294117647059 0.443359375 0.34967320261437906 0.443359375 0.3235294117647059 0.455078125 0.34967320261437906 0.455078125
9 0.32189542483660133 0.4599609375 0.34967320261437906 0.4599609375 0.32189542483660133 0.47265625 0.34967320261437906 0.47265625
9 0.3227124183006536 0.4755859375 0.34967320261437906 0.4755859375 0.3227124183006536 0.48828125 0.34967320261437906 0.48828125
9 0.4820261437908497 0.46875 0.4959150326797386 0.46875 0.4820261437908497 0.4892578125 0.4959150326797386 0.4892578125
9 0.37663398692810457 0.5322265625 0.38480392156862747 0.5322265625 0.37663398692810457 0.54296875 0.38480392156862747 0.54296875
7 0.0784313725490196 0.51171875 0.09722222222222222 0.51171875 0.0784313725490196 0.5625 0.09722222222222222 0.5625
7 0.21895424836601307 0.515625 0.24428104575163398 0.515625 0.21895424836601307 0.5654296875 0.24428104575163398 0.5654296875
7 0.18382352941176472 0.517578125 0.20179738562091504 0.517578125 0.18382352941176472 0.5712890625 0.20179738562091504 0.5712890625
0 0.6568627450980392 0.533203125 0.6674836601307189 0.533203125 0.6568627450980392 0.5576171875 0.6674836601307189 0.5576171875
13 0.119281045751634 0.482421875 0.1511437908496732 0.482421875 0.119281045751634 0.5322265625 0.1511437908496732 0.5322265625
2 0.15359477124183007 0.517578125 0.17892156862745098 0.517578125 0.15359477124183007 0.5400390625 0.17892156862745098 0.5400390625
2 0.1772875816993464 0.5126953125 0.20833333333333334 0.5126953125 0.1772875816993464 0.5458984375 0.20833333333333334 0.5458984375
2 0.22140522875816993 0.4921875 0.2589869281045752 0.4921875 0.22140522875816993 0.5439453125 0.2589869281045752 0.5439453125
2 0.49754901960784315 0.4990234375 0.545751633986928 0.4990234375 0.49754901960784315 0.5302734375 0.545751633986928 0.5302734375
2 0.9861111111111112 0.5283203125 0.9991830065359477 0.5283203125 0.9861111111111112 0.556640625 0.9991830065359477 0.556640625
2 0.8562091503267973 0.517578125 0.9313725490196079 0.517578125 0.8562091503267973 0.59375 0.9313725490196079 0.59375
2 0.7900326797385621 0.5283203125 0.9011437908496732 0.5283203125 0.7900326797385621 0.6357421875 0.9011437908496732 0.6357421875
7 0.6576797385620915 0.5185546875 0.6666666666666666 0.5185546875 0.6576797385620915 0.5478515625 0.6666666666666666 0.5478515625