4 0.81484375 0.326171875 0.82734375 0.326171875 0.81484375 0.357421875 0.82734375 0.357421875
4 0.70234375 0.291015625 0.7125 0.291015625 0.70234375 0.31640625 0.7125 0.31640625
4 0.771875 0.2783203125 0.78125 0.2783203125 0.771875 0.3046875 0.78125 0.3046875
4 0.5609375 0.25 0.57421875 0.25 0.5609375 0.283203125 0.57421875 0.283203125
4 0.64765625 0.240234375 0.6609375 0.240234375 0.64765625 0.271484375 0.6609375 0.271484375
4 0.41796875 0.2724609375 0.42734375 0.2724609375 0.41796875 0.2998046875 0.42734375 0.2998046875
4 0.559375 0.3388671875 0.5671875 0.3388671875 0.559375 0.359375 0.5671875 0.359375
4 0.57265625 0.3388671875 0.58125 0.3388671875 0.57265625 0.359375 0.58125 0.359375
4 0.56953125 0.3662109375 0.575 0.3662109375 0.56953125 0.3740234375 0.575 0.3740234375
4 0.4296875 0.3408203125 0.440625 0.3408203125 0.4296875 0.3671875 0.440625 0.3671875
4 0.48203125 0.34375 0.48984375 0.34375 0.48203125 0.3642578125 0.48984375 0.3642578125
9 0.72109375 0.28515625 0.73359375 0.28515625 0.72109375 0.3017578125 0.73359375 0.3017578125
9 0.61875 0.2392578125 0.63671875 0.2392578125 0.61875 0.2626953125 0.63671875 0.2626953125
9 0.471875 0.306640625 0.50703125 0.306640625 0.471875 0.322265625 0.50703125 0.322265625
9 0.44296875 0.32421875 0.4640625 0.32421875 0.44296875 0.3349609375 0.4640625 0.3349609375
9 0.8 0.384765625 0.815625 0.384765625 0.8 0.3994140625 0.815625 0.3994140625
9 0.79921875 0.3681640625 0.81640625 0.3681640625 0.79921875 0.38671875 0.81640625 0.38671875
9 0.196875 0.4130859375 0.20625 0.4130859375 0.196875 0.435546875 0.20625 0.435546875
9 0.10703125 0.404296875 0.13671875 0.404296875 0.10703125 0.4482421875 0.13671875 0.4482421875
9 0.346875 0.38671875 0.35390625 0.38671875 0.346875 0.400390625 0.35390625 0.400390625
2 0.65546875 0.4130859375 0.70703125 0.4130859375 0.65546875 0.4580078125 0.70703125 0.4580078125
2 0.68203125 0.4033203125 0.72265625 0.4033203125 0.68203125 0.447265625 0.72265625 0.447265625
2 0.75234375 0.380859375 0.80703125 0.380859375 0.75234375 0.4169921875 0.80703125 0.4169921875
2 0.8203125 0.3759765625 0.85859375 0.3759765625 0.8203125 0.404296875 0.85859375 0.404296875
2 0.85546875 0.376953125 0.8703125 0.376953125 0.85546875 0.3994140625 0.8703125 0.3994140625
2 0.703125 0.380859375 0.74453125 0.380859375 0.703125 0.4091796875 0.74453125 0.4091796875
2 0.73515625 0.37109375 0.76640625 0.37109375 0.73515625 0.400390625 0.76640625 0.400390625