9 0.80703125 0.3701171875 0.84140625 0.3701171875 0.80703125 0.3818359375 0.84140625 0.3818359375
9 0.79375 0.294921875 0.85 0.294921875 0.79375 0.3720703125 0.85 0.3720703125
9 0.76015625 0.3896484375 0.77109375 0.3896484375 0.76015625 0.423828125 0.77109375 0.423828125
9 0.2109375 0.4384765625 0.225 0.4384765625 0.2109375 0.4462890625 0.225 0.4462890625
9 0.20625 0.4111328125 0.22890625 0.4111328125 0.20625 0.4384765625 0.22890625 0.4384765625
7 0.1953125 0.466796875 0.2140625 0.466796875 0.1953125 0.5439453125 0.2140625 0.5439453125
7 0.178125 0.4697265625 0.1984375 0.4697265625 0.178125 0.537109375 0.1984375 0.537109375
7 0.15234375 0.4658203125 0.1765625 0.4658203125 0.15234375 0.537109375 0.1765625 0.537109375
0 0.36015625 0.564453125 0.40703125 0.564453125 0.36015625 0.7099609375 0.40703125 0.7099609375
0 0.23984375 0.5166015625 0.25625 0.5166015625 0.23984375 0.5673828125 0.25625 0.5673828125
2 0.86875 0.697265625 0.99921875 0.697265625 0.86875 0.9482421875 0.99921875 0.9482421875
2 0.915625 0.4638671875 0.99921875 0.4638671875 0.915625 0.541015625 0.99921875 0.541015625
2 0.65078125 0.5234375 0.88828125 0.5234375 0.65078125 0.708984375 0.88828125 0.708984375
2 0.48515625 0.4833984375 0.54375 0.4833984375 0.48515625 0.5341796875 0.54375 0.5341796875
2 0.46796875 0.4658203125 0.49453125 0.4658203125 0.46796875 0.5205078125 0.49453125 0.5205078125
2 0.4578125 0.4697265625 0.478125 0.4697265625 0.4578125 0.517578125 0.478125 0.517578125
2 0.43984375 0.474609375 0.45625 0.474609375 0.43984375 0.501953125 0.45625 0.501953125
2 0.43671875 0.46484375 0.459375 0.46484375 0.43671875 0.4931640625 0.459375 0.4931640625
2 0.428125 0.46875 0.440625 0.46875 0.428125 0.4951171875 0.440625 0.4951171875
2 0.4 0.47265625 0.42890625 0.47265625 0.4 0.5048828125 0.42890625 0.5048828125
2 0.3859375 0.4658203125 0.4 0.4658203125 0.3859375 0.482421875 0.4 0.482421875
2 0.35390625 0.46875 0.37109375 0.46875 0.35390625 0.49609375 0.37109375 0.49609375
2 0.309375 0.466796875 0.3453125 0.466796875 0.309375 0.5107421875 0.3453125 0.5107421875
2 0.3140625 0.4794921875 0.33515625 0.4794921875 0.3140625 0.51953125 0.33515625 0.51953125
2 0.26015625 0.4736328125 0.3171875 0.4736328125 0.26015625 0.5322265625 0.3171875 0.5322265625
2 0 0.544921875 0.08125 0.544921875 0 0.7734375 0.08125 0.7734375
2 0.0109375 0.521484375 0.15859375 0.521484375 0.0109375 0.68359375 0.15859375 0.68359375
7 0.53671875 0.474609375 0.6046875 0.474609375 0.53671875 0.6708984375 0.6046875 0.6708984375
7 0.34609375 0.46484375 0.41796875 0.46484375 0.34609375 0.6845703125 0.41796875 0.6845703125
7 0.2328125 0.478515625 0.26328125 0.478515625 0.2328125 0.53515625 0.26328125 0.53515625
10 0.5671875 0.6640625 0.5953125 0.6640625 0.5671875 0.685546875 0.5953125 0.685546875
6 0.4875 0.4453125 0.54140625 0.4453125 0.4875 0.4990234375 0.54140625 0.4990234375