4 0.0400390625 0.4095052083333333 0.0625 0.4095052083333333 0.0400390625 0.4876302083333333 0.0625 0.4876302083333333
4 0.89892578125 0.4134114583333333 0.9248046875 0.4134114583333333 0.89892578125 0.4895833333333333 0.9248046875 0.4895833333333333
4 0.58642578125 0.5188802083333334 0.59375 0.5188802083333334 0.58642578125 0.54296875 0.59375 0.54296875
9 0.0537109375 0.4908854166666667 0.076171875 0.4908854166666667 0.0537109375 0.5390625 0.076171875 0.5390625
9 0.89111328125 0.4921875 0.91552734375 0.4921875 0.89111328125 0.5442708333333334 0.91552734375 0.5442708333333334
7 0.03076171875 0.568359375 0.12158203125 0.568359375 0.03076171875 0.92578125 0.12158203125 0.92578125
2 0.34130859375 0.58203125 0.38232421875 0.58203125 0.34130859375 0.6184895833333334 0.38232421875 0.6184895833333334
2 0.38134765625 0.5 0.4833984375 0.5 0.38134765625 0.6321614583333334 0.4833984375 0.6321614583333334
2 0.55615234375 0.5735677083333334 0.58154296875 0.5735677083333334 0.55615234375 0.6015625 0.58154296875 0.6015625
2 0.6591796875 0.568359375 0.7138671875 0.568359375 0.6591796875 0.6217447916666666 0.7138671875 0.6217447916666666
2 0.646484375 0.5755208333333334 0.6640625 0.5755208333333334 0.646484375 0.615234375 0.6640625 0.615234375
2 0.71533203125 0.568359375 0.7919921875 0.568359375 0.71533203125 0.6432291666666666 0.7919921875 0.6432291666666666
2 0.5791015625 0.5690104166666666 0.59619140625 0.5690104166666666 0.5791015625 0.58984375 0.59619140625 0.58984375
3 0.8720703125 0.607421875 0.884765625 0.607421875 0.8720703125 0.650390625 0.884765625 0.650390625