9 0.6072222222222222 0.393125 0.6294444444444445 0.393125 0.6072222222222222 0.4175 0.6294444444444445 0.4175
9 0.17166666666666666 0.4275 0.1811111111111111 0.4275 0.17166666666666666 0.436875 0.1811111111111111 0.436875
9 0.7583333333333333 0.388125 0.7811111111111111 0.388125 0.7583333333333333 0.40625 0.7811111111111111 0.40625
9 0.7638888888888888 0.41375 0.7755555555555556 0.41375 0.7638888888888888 0.423125 0.7755555555555556 0.423125
9 0.7661111111111111 0.423125 0.7744444444444445 0.423125 0.7661111111111111 0.430625 0.7744444444444445 0.430625
9 0.06333333333333334 0.40375 0.1 0.40375 0.06333333333333334 0.42625 0.1 0.42625
2 0.10888888888888888 0.3325 0.1688888888888889 0.3325 0.10888888888888888 0.3525 0.1688888888888889 0.3525
2 0.4177777777777778 0.4375 0.4483333333333333 0.4375 0.4177777777777778 0.455 0.4483333333333333 0.455
2 0.4438888888888889 0.421875 0.5105555555555555 0.421875 0.4438888888888889 0.485 0.5105555555555555 0.485
2 0.37166666666666665 0.440625 0.38555555555555554 0.440625 0.37166666666666665 0.45125 0.38555555555555554 0.45125
2 0.36 0.440625 0.37166666666666665 0.440625 0.36 0.450625 0.37166666666666665 0.450625
2 0.3472222222222222 0.44 0.35888888888888887 0.44 0.3472222222222222 0.449375 0.35888888888888887 0.449375
2 0.3244444444444444 0.44125 0.3416666666666667 0.44125 0.3244444444444444 0.45625 0.3416666666666667 0.45625
2 0.26055555555555554 0.44125 0.2727777777777778 0.44125 0.26055555555555554 0.4525 0.2727777777777778 0.4525
2 0.25222222222222224 0.444375 0.2611111111111111 0.444375 0.25222222222222224 0.4525 0.2611111111111111 0.4525
2 0.22111111111111112 0.4425 0.2311111111111111 0.4425 0.22111111111111112 0.451875 0.2311111111111111 0.451875
2 0.19777777777777777 0.440625 0.22 0.440625 0.19777777777777777 0.46125 0.22 0.46125
2 0.14 0.436875 0.185 0.436875 0.14 0.4775 0.185 0.4775
2 0.4683333333333333 0.338125 0.5272222222222223 0.338125 0.4683333333333333 0.356875 0.5272222222222223 0.356875