7 0.8955555555555555 0.43125 0.9483333333333334 0.43125 0.8955555555555555 0.55375 0.9483333333333334 0.55375
7 0.8416666666666667 0.439375 0.8861111111111111 0.439375 0.8416666666666667 0.56 0.8861111111111111 0.56
7 0.8577777777777778 0.4375 0.8833333333333333 0.4375 0.8577777777777778 0.49625 0.8833333333333333 0.49625
7 0.8044444444444444 0.440625 0.8255555555555556 0.440625 0.8044444444444444 0.52375 0.8255555555555556 0.52375
7 0.735 0.395625 0.8144444444444444 0.395625 0.735 0.618125 0.8144444444444444 0.618125
7 0.7422222222222222 0.445625 0.7627777777777778 0.445625 0.7422222222222222 0.51625 0.7627777777777778 0.51625
7 0.7211111111111111 0.44375 0.7422222222222222 0.44375 0.7211111111111111 0.513125 0.7422222222222222 0.513125
7 0.6655555555555556 0.424375 0.7066666666666667 0.424375 0.6655555555555556 0.539375 0.7066666666666667 0.539375
7 0.6083333333333333 0.454375 0.6255555555555555 0.454375 0.6083333333333333 0.495 0.6255555555555555 0.495
7 0.59 0.43625 0.6088888888888889 0.43625 0.59 0.49625 0.6088888888888889 0.49625
7 0.5877777777777777 0.4375 0.5966666666666667 0.4375 0.5877777777777777 0.490625 0.5966666666666667 0.490625
7 0.555 0.426875 0.5866666666666667 0.426875 0.555 0.5075 0.5866666666666667 0.5075
2 0.43944444444444447 0.42625 0.5122222222222222 0.42625 0.43944444444444447 0.50375 0.5122222222222222 0.50375
2 0.6177777777777778 0.440625 0.7144444444444444 0.440625 0.6177777777777778 0.486875 0.7144444444444444 0.486875
2 0.41388888888888886 0.445 0.435 0.445 0.41388888888888886 0.46375 0.435 0.46375
2 0 0.4525 0.07 0.4525 0 0.5125 0.07 0.5125
2 0.06444444444444444 0.449375 0.17166666666666666 0.449375 0.06444444444444444 0.514375 0.17166666666666666 0.514375
2 0.15444444444444444 0.44875 0.2061111111111111 0.44875 0.15444444444444444 0.5025 0.2061111111111111 0.5025
2 0.03 0.443125 0.07555555555555556 0.443125 0.03 0.47 0.07555555555555556 0.47
2 0.2338888888888889 0.4425 0.28 0.4425 0.2338888888888889 0.47 0.28 0.47
2 0.20277777777777778 0.44625 0.23166666666666666 0.44625 0.20277777777777778 0.464375 0.23166666666666666 0.464375
2 0.2777777777777778 0.44625 0.2966666666666667 0.44625 0.2777777777777778 0.476875 0.2966666666666667 0.476875