7 0.2275390625 0.4537760416666667 0.25 0.4537760416666667 0.2275390625 0.533203125 0.25 0.533203125
7 0.2470703125 0.44921875 0.265625 0.44921875 0.2470703125 0.53125 0.265625 0.53125
7 0.28759765625 0.44921875 0.3251953125 0.44921875 0.28759765625 0.6341145833333334 0.3251953125 0.6341145833333334
7 0.333984375 0.4772135416666667 0.37255859375 0.4772135416666667 0.333984375 0.662109375 0.37255859375 0.662109375
7 0.34912109375 0.466796875 0.39990234375 0.466796875 0.34912109375 0.6334635416666666 0.39990234375 0.6334635416666666
7 0.39453125 0.4850260416666667 0.45654296875 0.4850260416666667 0.39453125 0.6881510416666666 0.45654296875 0.6881510416666666
7 0.43896484375 0.4700520833333333 0.490234375 0.4700520833333333 0.43896484375 0.68359375 0.490234375 0.68359375
7 0.90234375 0.462890625 0.96435546875 0.462890625 0.90234375 0.732421875 0.96435546875 0.732421875
7 0.6357421875 0.4921875 0.6884765625 0.4921875 0.6357421875 0.7057291666666666 0.6884765625 0.7057291666666666
7 0.59130859375 0.4641927083333333 0.6640625 0.4641927083333333 0.59130859375 0.7037760416666666 0.6640625 0.7037760416666666
7 0.48291015625 0.4947916666666667 0.5859375 0.4947916666666667 0.48291015625 0.703125 0.5859375 0.703125
7 0.54345703125 0.4830729166666667 0.61083984375 0.4830729166666667 0.54345703125 0.6998697916666666 0.61083984375 0.6998697916666666
7 0.4873046875 0.4869791666666667 0.57373046875 0.4869791666666667 0.4873046875 0.669921875 0.57373046875 0.669921875
2 0.13720703125 0.470703125 0.2197265625 0.470703125 0.13720703125 0.5481770833333334 0.2197265625 0.5481770833333334
2 0.2021484375 0.4680989583333333 0.2333984375 0.4680989583333333 0.2021484375 0.5397135416666666 0.2333984375 0.5397135416666666
2 0.0771484375 0.4739583333333333 0.125 0.4739583333333333 0.0771484375 0.517578125 0.125 0.517578125
2 0.263671875 0.4674479166666667 0.29443359375 0.4674479166666667 0.263671875 0.5143229166666666 0.29443359375 0.5143229166666666
2 0.31640625 0.4713541666666667 0.36328125 0.4713541666666667 0.31640625 0.5266927083333334 0.36328125 0.5266927083333334
2 0.46533203125 0.4791666666666667 0.51416015625 0.4791666666666667 0.46533203125 0.5384114583333334 0.51416015625 0.5384114583333334
2 0.67138671875 0.4928385416666667 0.8544921875 0.4928385416666667 0.67138671875 0.5904947916666666 0.8544921875 0.5904947916666666
2 0.865234375 0.47265625 0.92919921875 0.47265625 0.865234375 0.55078125 0.92919921875 0.55078125