7 0.8438888888888889 0.421875 0.9372222222222222 0.421875 0.8438888888888889 0.65125 0.9372222222222222 0.65125
2 0.6022222222222222 0.46 0.6338888888888888 0.46 0.6022222222222222 0.475 0.6338888888888888 0.475
2 0.5172222222222222 0.45375 0.5622222222222222 0.45375 0.5172222222222222 0.490625 0.5622222222222222 0.490625
2 0.4816666666666667 0.4575 0.5077777777777778 0.4575 0.4816666666666667 0.48125 0.5077777777777778 0.48125
2 0.45166666666666666 0.450625 0.4772222222222222 0.450625 0.45166666666666666 0.480625 0.4772222222222222 0.480625
2 0.41833333333333333 0.456875 0.44555555555555554 0.456875 0.41833333333333333 0.479375 0.44555555555555554 0.479375
2 0.37277777777777776 0.444375 0.4077777777777778 0.444375 0.37277777777777776 0.4775 0.4077777777777778 0.4775
2 0.15 0.448125 0.22277777777777777 0.448125 0.15 0.478125 0.22277777777777777 0.478125
2 0.051666666666666666 0.45375 0.18166666666666667 0.45375 0.051666666666666666 0.514375 0.18166666666666667 0.514375
2 0.0005555555555555556 0.4425 0.07166666666666667 0.4425 0.0005555555555555556 0.48875 0.07166666666666667 0.48875
2 0.07555555555555556 0.43625 0.11555555555555555 0.43625 0.07555555555555556 0.454375 0.11555555555555555 0.454375
6 0.9011111111111111 0.49875 0.9994444444444445 0.49875 0.9011111111111111 0.65 0.9994444444444445 0.65