4 0.70263671875 0.462890625 0.7158203125 0.462890625 0.70263671875 0.4895833333333333 0.7158203125 0.4895833333333333
4 0.13818359375 0.4615885416666667 0.15673828125 0.4615885416666667 0.13818359375 0.4915364583333333 0.15673828125 0.4915364583333333
4 0.43994140625 0.5305989583333334 0.44775390625 0.5305989583333334 0.43994140625 0.5462239583333334 0.44775390625 0.5462239583333334
4 0.6015625 0.5377604166666666 0.6083984375 0.5377604166666666 0.6015625 0.5501302083333334 0.6083984375 0.5501302083333334
9 0.6962890625 0.4993489583333333 0.7197265625 0.4993489583333333 0.6962890625 0.5397135416666666 0.7197265625 0.5397135416666666
9 0.1416015625 0.4986979166666667 0.1650390625 0.4986979166666667 0.1416015625 0.5403645833333334 0.1650390625 0.5403645833333334
7 0.0458984375 0.556640625 0.06591796875 0.556640625 0.0458984375 0.638671875 0.06591796875 0.638671875
7 0.03125 0.5442708333333334 0.04443359375 0.5442708333333334 0.03125 0.63671875 0.04443359375 0.63671875
7 0.892578125 0.544921875 0.91796875 0.544921875 0.892578125 0.6647135416666666 0.91796875 0.6647135416666666
7 0.826171875 0.5546875 0.84765625 0.5546875 0.826171875 0.6412760416666666 0.84765625 0.6412760416666666
7 0.791015625 0.5514322916666666 0.81103515625 0.5514322916666666 0.791015625 0.6477864583333334 0.81103515625 0.6477864583333334
7 0.75244140625 0.5455729166666666 0.78076171875 0.5455729166666666 0.75244140625 0.6497395833333334 0.78076171875 0.6497395833333334
0 0.62451171875 0.59765625 0.64892578125 0.59765625 0.62451171875 0.662109375 0.64892578125 0.662109375
2 0.37646484375 0.56640625 0.42138671875 0.56640625 0.37646484375 0.611328125 0.42138671875 0.611328125
2 0.4169921875 0.5657552083333334 0.44384765625 0.5657552083333334 0.4169921875 0.6041666666666666 0.44384765625 0.6041666666666666
2 0.44287109375 0.5631510416666666 0.470703125 0.5631510416666666 0.44287109375 0.6015625 0.470703125 0.6015625
2 0.458984375 0.552734375 0.6015625 0.552734375 0.458984375 0.703125 0.6015625 0.703125
7 0.6240234375 0.564453125 0.6513671875 0.564453125 0.6240234375 0.6549479166666666 0.6513671875 0.6549479166666666