4 0.48125 0.3447265625 0.490625 0.3447265625 0.48125 0.369140625 0.490625 0.369140625
4 0.50625 0.2841796875 0.5296875 0.2841796875 0.50625 0.31640625 0.5296875 0.31640625
4 0.21015625 0.40625 0.21875 0.40625 0.21015625 0.41796875 0.21875 0.41796875
4 0.1421875 0.416015625 0.146875 0.416015625 0.1421875 0.421875 0.146875 0.421875
4 0.09453125 0.4091796875 0.1046875 0.4091796875 0.09453125 0.421875 0.1046875 0.421875
4 0.09375 0.427734375 0.1 0.427734375 0.09375 0.4365234375 0.1 0.4365234375
9 0.478125 0.3857421875 0.55234375 0.3857421875 0.478125 0.4189453125 0.55234375 0.4189453125
9 0.50234375 0.453125 0.5203125 0.453125 0.50234375 0.486328125 0.5203125 0.486328125
9 0.5203125 0.345703125 0.590625 0.345703125 0.5203125 0.37109375 0.590625 0.37109375
9 0.36796875 0.37890625 0.38359375 0.37890625 0.36796875 0.3896484375 0.38359375 0.3896484375
2 0.17578125 0.439453125 0.19453125 0.439453125 0.17578125 0.4609375 0.19453125 0.4609375