4 0.81640625 0.09375 0.8484375 0.09375 0.81640625 0.185546875 0.8484375 0.185546875
9 0.8796875 0.4443359375 0.91015625 0.4443359375 0.8796875 0.48828125 0.91015625 0.48828125
9 0.928125 0.4150390625 0.95 0.4150390625 0.928125 0.447265625 0.95 0.447265625
7 0.09609375 0.4931640625 0.11484375 0.4931640625 0.09609375 0.56640625 0.11484375 0.56640625
7 0.11484375 0.4873046875 0.1328125 0.4873046875 0.11484375 0.5634765625 0.1328125 0.5634765625
7 0.13203125 0.4970703125 0.15390625 0.4970703125 0.13203125 0.5625 0.15390625 0.5625
7 0.1578125 0.494140625 0.17734375 0.494140625 0.1578125 0.560546875 0.17734375 0.560546875
7 0.18203125 0.49609375 0.2140625 0.49609375 0.18203125 0.6435546875 0.2140625 0.6435546875
7 0.2515625 0.484375 0.2625 0.484375 0.2515625 0.51171875 0.2625 0.51171875
7 0.4328125 0.490234375 0.4671875 0.490234375 0.4328125 0.6181640625 0.4671875 0.6181640625
7 0.50390625 0.4755859375 0.55546875 0.4755859375 0.50390625 0.62109375 0.55546875 0.62109375
7 0.55625 0.486328125 0.5859375 0.486328125 0.55625 0.59765625 0.5859375 0.59765625
7 0.5640625 0.4970703125 0.61875 0.4970703125 0.5640625 0.6171875 0.61875 0.6171875