9 0.39869281045751637 0.4033203125 0.40522875816993464 0.4033203125 0.39869281045751637 0.4111328125 0.40522875816993464 0.4111328125
9 0.3888888888888889 0.4072265625 0.39869281045751637 0.4072265625 0.3888888888888889 0.4111328125 0.39869281045751637 0.4111328125
9 0.45016339869281047 0.43359375 0.45751633986928103 0.43359375 0.45016339869281047 0.4453125 0.45751633986928103 0.4453125
9 0.42320261437908496 0.4345703125 0.44281045751633985 0.4345703125 0.42320261437908496 0.4423828125 0.44281045751633985 0.4423828125
9 0.35866013071895425 0.4052734375 0.37745098039215685 0.4052734375 0.35866013071895425 0.427734375 0.37745098039215685 0.427734375
9 0.38235294117647056 0.41015625 0.40604575163398693 0.41015625 0.38235294117647056 0.4267578125 0.40604575163398693 0.4267578125
9 0.5416666666666666 0.4716796875 0.5751633986928104 0.4716796875 0.5416666666666666 0.4892578125 0.5751633986928104 0.4892578125
9 0.22058823529411764 0.451171875 0.23447712418300654 0.451171875 0.22058823529411764 0.46875 0.23447712418300654 0.46875
13 0.380718954248366 0.4462890625 0.3937908496732026 0.4462890625 0.380718954248366 0.4609375 0.3937908496732026 0.4609375
2 0.24754901960784315 0.4619140625 0.2785947712418301 0.4619140625 0.24754901960784315 0.48046875 0.2785947712418301 0.48046875
2 0.2426470588235294 0.458984375 0.2679738562091503 0.458984375 0.2426470588235294 0.4814453125 0.2679738562091503 0.4814453125
2 0.3382352941176471 0.46484375 0.369281045751634 0.46484375 0.3382352941176471 0.49609375 0.369281045751634 0.49609375
2 0.3553921568627451 0.4697265625 0.41421568627450983 0.4697265625 0.3553921568627451 0.5205078125 0.41421568627450983 0.5205078125
2 0.4338235294117647 0.4599609375 0.5032679738562091 0.4599609375 0.4338235294117647 0.537109375 0.5032679738562091 0.537109375
2 0.4411764705882353 0.4541015625 0.45016339869281047 0.4541015625 0.4411764705882353 0.4609375 0.45016339869281047 0.4609375
2 0.4526143790849673 0.4541015625 0.4632352941176471 0.4541015625 0.4526143790849673 0.4619140625 0.4632352941176471 0.4619140625
2 0.3660130718954248 0.4541015625 0.375 0.4541015625 0.3660130718954248 0.4638671875 0.375 0.4638671875