9 0.7511111111111111 0.43375 0.7988888888888889 0.43375 0.7511111111111111 0.52125 0.7988888888888889 0.52125
7 0.8433333333333334 0.425 0.8805555555555555 0.425 0.8433333333333334 0.53875 0.8805555555555555 0.53875
2 0.010555555555555556 0.455625 0.24333333333333335 0.455625 0.010555555555555556 0.62875 0.24333333333333335 0.62875
2 0.22277777777777777 0.46125 0.29888888888888887 0.46125 0.22277777777777777 0.53625 0.29888888888888887 0.53625
2 0.2877777777777778 0.46625 0.3327777777777778 0.46625 0.2877777777777778 0.52 0.3327777777777778 0.52
2 0.3333333333333333 0.480625 0.37 0.480625 0.3333333333333333 0.511875 0.37 0.511875
2 0.36666666666666664 0.46375 0.41833333333333333 0.46375 0.36666666666666664 0.511875 0.41833333333333333 0.511875
2 0.4166666666666667 0.483125 0.43555555555555553 0.483125 0.4166666666666667 0.504375 0.43555555555555553 0.504375
2 0.43555555555555553 0.4925 0.44166666666666665 0.4925 0.43555555555555553 0.50375 0.44166666666666665 0.50375
2 0.44166666666666665 0.494375 0.45555555555555555 0.494375 0.44166666666666665 0.501875 0.45555555555555555 0.501875
2 0.4622222222222222 0.495625 0.47333333333333333 0.495625 0.4622222222222222 0.5025 0.47333333333333333 0.5025
2 0.4711111111111111 0.48875 0.48277777777777775 0.48875 0.4711111111111111 0.500625 0.48277777777777775 0.500625
2 0.5622222222222222 0.431875 0.705 0.431875 0.5622222222222222 0.574375 0.705 0.574375
2 0.5366666666666666 0.43625 0.5977777777777777 0.43625 0.5366666666666666 0.5375 0.5977777777777777 0.5375
2 0.5133333333333333 0.4475 0.5533333333333333 0.4475 0.5133333333333333 0.505625 0.5533333333333333 0.505625
2 0.84 0.404375 0.9133333333333333 0.404375 0.84 0.43 0.9133333333333333 0.43