4 0.6755555555555556 0.291875 0.6983333333333334 0.291875 0.6755555555555556 0.33375 0.6983333333333334 0.33375
4 0.7233333333333334 0.335625 0.7388888888888889 0.335625 0.7233333333333334 0.371875 0.7388888888888889 0.371875
4 0.5705555555555556 0.3925 0.5822222222222222 0.3925 0.5705555555555556 0.4125 0.5822222222222222 0.4125
4 0.5705555555555556 0.34 0.5888888888888889 0.34 0.5705555555555556 0.375625 0.5888888888888889 0.375625
4 0.4488888888888889 0.434375 0.45444444444444443 0.434375 0.4488888888888889 0.44125 0.45444444444444443 0.44125
4 0.15833333333333333 0.36375 0.17666666666666667 0.36375 0.15833333333333333 0.409375 0.17666666666666667 0.409375
4 0.1827777777777778 0.41375 0.195 0.41375 0.1827777777777778 0.42875 0.195 0.42875
9 0.7 0.263125 0.7177777777777777 0.263125 0.7 0.295625 0.7177777777777777 0.295625
9 0.6716666666666666 0.199375 0.7094444444444444 0.199375 0.6716666666666666 0.265 0.7094444444444444 0.265
9 0.7577777777777778 0.37625 0.7816666666666666 0.37625 0.7577777777777778 0.386875 0.7816666666666666 0.386875
9 0.7233333333333334 0.37375 0.7455555555555555 0.37375 0.7233333333333334 0.38125 0.7455555555555555 0.38125
9 0.5383333333333333 0.41625 0.5455555555555556 0.41625 0.5383333333333333 0.426875 0.5455555555555556 0.426875
9 0.5383333333333333 0.408125 0.5444444444444444 0.408125 0.5383333333333333 0.41625 0.5444444444444444 0.41625
9 0.4494444444444444 0.42875 0.4583333333333333 0.42875 0.4494444444444444 0.4325 0.4583333333333333 0.4325
9 0.5461111111111111 0.394375 0.5561111111111111 0.394375 0.5461111111111111 0.41 0.5561111111111111 0.41
7 0.6422222222222222 0.428125 0.6638888888888889 0.428125 0.6422222222222222 0.48 0.6638888888888889 0.48
7 0.5444444444444444 0.431875 0.5638888888888889 0.431875 0.5444444444444444 0.485 0.5638888888888889 0.485
7 0.5116666666666667 0.428125 0.5338888888888889 0.428125 0.5116666666666667 0.488125 0.5338888888888889 0.488125
7 0.4988888888888889 0.429375 0.5205555555555555 0.429375 0.4988888888888889 0.490625 0.5205555555555555 0.490625
2 0.5027777777777778 0.449375 0.5122222222222222 0.449375 0.5027777777777778 0.458125 0.5122222222222222 0.458125
2 0.13944444444444445 0.44125 0.30833333333333335 0.44125 0.13944444444444445 0.515 0.30833333333333335 0.515
2 0.3038888888888889 0.44875 0.32666666666666666 0.44875 0.3038888888888889 0.483125 0.32666666666666666 0.483125