4 0.6953125 0.2509765625 0.71171875 0.2509765625 0.6953125 0.298828125 0.71171875 0.298828125
4 0.7515625 0.3681640625 0.76171875 0.3681640625 0.7515625 0.3994140625 0.76171875 0.3994140625
4 0.5359375 0.380859375 0.5453125 0.380859375 0.5359375 0.4072265625 0.5453125 0.4072265625
4 0.51796875 0.384765625 0.52421875 0.384765625 0.51796875 0.40234375 0.52421875 0.40234375
4 0.42578125 0.2822265625 0.43984375 0.2822265625 0.42578125 0.32421875 0.43984375 0.32421875
4 0.34609375 0.2802734375 0.35546875 0.2802734375 0.34609375 0.3154296875 0.35546875 0.3154296875
9 0.31953125 0.29296875 0.33046875 0.29296875 0.31953125 0.3115234375 0.33046875 0.3115234375
9 0.7375 0.4033203125 0.7484375 0.4033203125 0.7375 0.421875 0.7484375 0.421875
9 0.26328125 0.421875 0.28125 0.421875 0.26328125 0.4423828125 0.28125 0.4423828125
9 0.265625 0.4423828125 0.2796875 0.4423828125 0.265625 0.44921875 0.2796875 0.44921875
9 0.24140625 0.4345703125 0.253125 0.4345703125 0.24140625 0.455078125 0.253125 0.455078125
9 0.0875 0.4375 0.1015625 0.4375 0.0875 0.4541015625 0.1015625 0.4541015625
9 0.02265625 0.44921875 0.03515625 0.44921875 0.02265625 0.46484375 0.03515625 0.46484375
2 0.0703125 0.4833984375 0.1796875 0.4833984375 0.0703125 0.5576171875 0.1796875 0.5576171875
2 0.225 0.4638671875 0.2828125 0.4638671875 0.225 0.4990234375 0.2828125 0.4990234375
2 0.29140625 0.4501953125 0.375 0.4501953125 0.29140625 0.5146484375 0.375 0.5146484375
2 0.375 0.4599609375 0.46484375 0.4599609375 0.375 0.5400390625 0.46484375 0.5400390625
2 0.46953125 0.4609375 0.55234375 0.4609375 0.46953125 0.517578125 0.55234375 0.517578125
2 0.44609375 0.4521484375 0.5078125 0.4521484375 0.44609375 0.4853515625 0.5078125 0.4853515625
2 0.57265625 0.462890625 0.653125 0.462890625 0.57265625 0.5205078125 0.653125 0.5205078125
2 0.66171875 0.466796875 0.74140625 0.466796875 0.66171875 0.53125 0.74140625 0.53125
2 0.73046875 0.439453125 0.809375 0.439453125 0.73046875 0.5107421875 0.809375 0.5107421875
2 0.796875 0.4345703125 0.85859375 0.4345703125 0.796875 0.462890625 0.85859375 0.462890625
2 0.69765625 0.43359375 0.7640625 0.43359375 0.69765625 0.4716796875 0.7640625 0.4716796875
2 0.9234375 0.427734375 0.96875 0.427734375 0.9234375 0.4521484375 0.96875 0.4521484375