1 0.453125 0.474609375 0.484375 0.474609375 0.453125 0.4833984375 0.484375 0.4833984375
9 0 0.3857421875 0.025 0.3857421875 0 0.44921875 0.025 0.44921875
9 0 0.44921875 0.01640625 0.44921875 0 0.462890625 0.01640625 0.462890625
9 0.51875 0.46484375 0.52421875 0.46484375 0.51875 0.47265625 0.52421875 0.47265625
7 0.30546875 0.48046875 0.31328125 0.48046875 0.30546875 0.5244140625 0.31328125 0.5244140625
7 0.31484375 0.4814453125 0.3234375 0.4814453125 0.31484375 0.5234375 0.3234375 0.5234375
7 0.32265625 0.4814453125 0.33125 0.4814453125 0.32265625 0.5244140625 0.33125 0.5244140625
7 0.384375 0.478515625 0.38984375 0.478515625 0.384375 0.505859375 0.38984375 0.505859375
7 0.38984375 0.478515625 0.39609375 0.478515625 0.38984375 0.5068359375 0.39609375 0.5068359375
7 0.4015625 0.4755859375 0.40625 0.4755859375 0.4015625 0.4931640625 0.40625 0.4931640625
7 0.4265625 0.4765625 0.43828125 0.4765625 0.4265625 0.5126953125 0.43828125 0.5126953125
2 0.7515625 0.4765625 0.76953125 0.4765625 0.7515625 0.505859375 0.76953125 0.505859375
2 0.70234375 0.4833984375 0.75390625 0.4833984375 0.70234375 0.5107421875 0.75390625 0.5107421875
2 0.6953125 0.521484375 0.8515625 0.521484375 0.6953125 0.6572265625 0.8515625 0.6572265625
2 0.66171875 0.51171875 0.76015625 0.51171875 0.66171875 0.615234375 0.76015625 0.615234375
2 0.61953125 0.486328125 0.71328125 0.486328125 0.61953125 0.5908203125 0.71328125 0.5908203125
2 0.59140625 0.4931640625 0.63984375 0.4931640625 0.59140625 0.556640625 0.63984375 0.556640625
2 0.58125 0.4931640625 0.60703125 0.4931640625 0.58125 0.5478515625 0.60703125 0.5478515625
2 0.57578125 0.4912109375 0.609375 0.4912109375 0.57578125 0.5361328125 0.609375 0.5361328125
2 0.5578125 0.48046875 0.6109375 0.48046875 0.5578125 0.53125 0.6109375 0.53125
2 0.421875 0.48046875 0.4296875 0.48046875 0.421875 0.4921875 0.4296875 0.4921875
2 0.45078125 0.48046875 0.46640625 0.48046875 0.45078125 0.4892578125 0.46640625 0.4892578125
2 0.46875 0.48046875 0.49453125 0.48046875 0.46875 0.5078125 0.49453125 0.5078125
2 0.53125 0.482421875 0.5609375 0.482421875 0.53125 0.51171875 0.5609375 0.51171875
2 0.52734375 0.4814453125 0.5390625 0.4814453125 0.52734375 0.505859375 0.5390625 0.505859375
2 0.5234375 0.48046875 0.53046875 0.48046875 0.5234375 0.505859375 0.53046875 0.505859375
2 0.5109375 0.48046875 0.5203125 0.48046875 0.5109375 0.494140625 0.5203125 0.494140625
2 0.51796875 0.48046875 0.525 0.48046875 0.51796875 0.4990234375 0.525 0.4990234375
2 0.50078125 0.4794921875 0.50625 0.4794921875 0.50078125 0.4912109375 0.50625 0.4912109375
2 0.5046875 0.48046875 0.5109375 0.48046875 0.5046875 0.4921875 0.5109375 0.4921875
3 0.4140625 0.486328125 0.4171875 0.486328125 0.4140625 0.49609375 0.4171875 0.49609375