9 0.6755555555555556 0.446875 0.6822222222222222 0.446875 0.6755555555555556 0.455 0.6822222222222222 0.455
9 0.6544444444444445 0.45 0.6577777777777778 0.45 0.6544444444444445 0.45625 0.6577777777777778 0.45625
9 0.6366666666666667 0.44625 0.6433333333333333 0.44625 0.6366666666666667 0.454375 0.6433333333333333 0.454375
13 0.7105555555555556 0.433125 0.7494444444444445 0.433125 0.7105555555555556 0.47375 0.7494444444444445 0.47375
2 0.915 0.4575 0.9994444444444445 0.4575 0.915 0.549375 0.9994444444444445 0.549375
2 0.8361111111111111 0.455625 0.9488888888888889 0.455625 0.8361111111111111 0.526875 0.9488888888888889 0.526875
2 0.7416666666666667 0.460625 0.8355555555555556 0.460625 0.7416666666666667 0.505625 0.8355555555555556 0.505625
2 0.7133333333333334 0.451875 0.8111111111111111 0.451875 0.7133333333333334 0.4975 0.8111111111111111 0.4975
2 0.6955555555555556 0.4575 0.7155555555555555 0.4575 0.6955555555555556 0.479375 0.7155555555555555 0.479375
2 0.665 0.454375 0.7022222222222222 0.454375 0.665 0.485 0.7022222222222222 0.485
2 0.6072222222222222 0.46375 0.6188888888888889 0.46375 0.6072222222222222 0.478125 0.6188888888888889 0.478125
2 0.5933333333333334 0.465 0.6094444444444445 0.465 0.5933333333333334 0.47875 0.6094444444444445 0.47875
2 0.4444444444444444 0.445 0.5072222222222222 0.445 0.4444444444444444 0.494375 0.5072222222222222 0.494375
2 0.4122222222222222 0.4525 0.45166666666666666 0.4525 0.4122222222222222 0.48625 0.45166666666666666 0.48625
2 0.3738888888888889 0.45625 0.415 0.45625 0.3738888888888889 0.48875 0.415 0.48875
2 0.3711111111111111 0.460625 0.40055555555555555 0.460625 0.3711111111111111 0.49 0.40055555555555555 0.49
2 0.28833333333333333 0.4475 0.37277777777777776 0.4475 0.28833333333333333 0.491875 0.37277777777777776 0.491875
2 0.5283333333333333 0.466875 0.555 0.466875 0.5283333333333333 0.48125 0.555 0.48125