9 0.735 0.384375 0.7627777777777778 0.384375 0.735 0.435 0.7627777777777778 0.435
9 0.2761111111111111 0.4175 0.28833333333333333 0.4175 0.2761111111111111 0.433125 0.28833333333333333 0.433125
0 0.3972222222222222 0.46125 0.4072222222222222 0.46125 0.3972222222222222 0.4775 0.4072222222222222 0.4775
0 0.3761111111111111 0.46375 0.38555555555555554 0.46375 0.3761111111111111 0.479375 0.38555555555555554 0.479375
0 0.385 0.4625 0.3894444444444444 0.4625 0.385 0.47375 0.3894444444444444 0.47375
0 0.3472222222222222 0.470625 0.3611111111111111 0.470625 0.3472222222222222 0.501875 0.3611111111111111 0.501875
0 0.2577777777777778 0.480625 0.28 0.480625 0.2577777777777778 0.515 0.28 0.515
0 0.20166666666666666 0.478125 0.22722222222222221 0.478125 0.20166666666666666 0.533125 0.22722222222222221 0.533125
0 0.15944444444444444 0.47125 0.20055555555555554 0.47125 0.15944444444444444 0.544375 0.20055555555555554 0.544375
0 0.06833333333333333 0.480625 0.12166666666666667 0.480625 0.06833333333333333 0.57375 0.12166666666666667 0.57375
0 0 0.49625 0.02722222222222222 0.49625 0 0.60375 0.02722222222222222 0.60375
2 0.5833333333333334 0.44625 0.6305555555555555 0.44625 0.5833333333333334 0.47125 0.6305555555555555 0.47125
2 0.5783333333333334 0.440625 0.6227777777777778 0.440625 0.5783333333333334 0.465 0.6227777777777778 0.465
2 0.47055555555555556 0.450625 0.485 0.450625 0.47055555555555556 0.463125 0.485 0.463125
2 0.42055555555555557 0.44875 0.435 0.44875 0.42055555555555557 0.465 0.435 0.465
2 0.32055555555555554 0.445 0.3466666666666667 0.445 0.32055555555555554 0.495625 0.3466666666666667 0.495625
2 0.24666666666666667 0.4325 0.32555555555555554 0.4325 0.24666666666666667 0.505 0.32555555555555554 0.505
2 0.3894444444444444 0.451875 0.39666666666666667 0.451875 0.3894444444444444 0.465 0.39666666666666667 0.465
7 0.39555555555555555 0.446875 0.4083333333333333 0.446875 0.39555555555555555 0.471875 0.4083333333333333 0.471875
7 0.37277777777777776 0.446875 0.3844444444444444 0.446875 0.37277777777777776 0.473125 0.3844444444444444 0.473125
7 0.3838888888888889 0.45375 0.39 0.45375 0.3838888888888889 0.46875 0.39 0.46875
7 0.3461111111111111 0.446875 0.36277777777777775 0.446875 0.3461111111111111 0.494375 0.36277777777777775 0.494375
7 0.26 0.451875 0.2761111111111111 0.451875 0.26 0.504375 0.2761111111111111 0.504375
7 0 0.40875 0.02722222222222222 0.40875 0 0.573125 0.02722222222222222 0.573125
7 0.06666666666666667 0.416875 0.12944444444444445 0.416875 0.06666666666666667 0.543125 0.12944444444444445 0.543125
7 0.15611111111111112 0.426875 0.19666666666666666 0.426875 0.15611111111111112 0.531875 0.19666666666666666 0.531875
7 0.19777777777777777 0.4375 0.23 0.4375 0.19777777777777777 0.521875 0.23 0.521875