4 0.10888888888888888 0.298125 0.125 0.298125 0.10888888888888888 0.348125 0.125 0.348125
4 0.10388888888888889 0.37625 0.12444444444444444 0.37625 0.10388888888888889 0.39625 0.12444444444444444 0.39625
4 0.9361111111111111 0.271875 0.9538888888888889 0.271875 0.9361111111111111 0.325 0.9538888888888889 0.325
4 0.7505555555555555 0.2975 0.765 0.2975 0.7505555555555555 0.3475 0.765 0.3475
4 0.75 0.37375 0.7705555555555555 0.37375 0.75 0.39375 0.7705555555555555 0.39375
9 0.10333333333333333 0.3575 0.13777777777777778 0.3575 0.10333333333333333 0.37375 0.13777777777777778 0.37375
9 0.9794444444444445 0.3425 0.9994444444444445 0.3425 0.9794444444444445 0.355625 0.9994444444444445 0.355625
9 0.9722222222222222 0.415 0.9822222222222222 0.415 0.9722222222222222 0.43125 0.9822222222222222 0.43125
9 0.7344444444444445 0.356875 0.7716666666666666 0.356875 0.7344444444444445 0.37 0.7716666666666666 0.37
9 0.2861111111111111 0.4075 0.2927777777777778 0.4075 0.2861111111111111 0.42 0.2927777777777778 0.42
9 0.6838888888888889 0.383125 0.6938888888888889 0.383125 0.6838888888888889 0.4 0.6938888888888889 0.4
9 0.6133333333333333 0.41 0.6205555555555555 0.41 0.6133333333333333 0.4225 0.6205555555555555 0.4225
9 0.5844444444444444 0.406875 0.5977777777777777 0.406875 0.5844444444444444 0.42 0.5977777777777777 0.42
7 0.3194444444444444 0.433125 0.32944444444444443 0.433125 0.3194444444444444 0.4575 0.32944444444444443 0.4575
7 0.6761111111111111 0.426875 0.695 0.426875 0.6761111111111111 0.48 0.695 0.48
2 0.5972222222222222 0.43 0.6627777777777778 0.43 0.5972222222222222 0.491875 0.6627777777777778 0.491875
2 0.43166666666666664 0.435625 0.5355555555555556 0.435625 0.43166666666666664 0.505625 0.5355555555555556 0.505625
2 0.5716666666666667 0.4275 0.6094444444444445 0.4275 0.5716666666666667 0.479375 0.6094444444444445 0.479375
2 0.565 0.43 0.5816666666666667 0.43 0.565 0.473125 0.5816666666666667 0.473125
2 0.56 0.441875 0.5716666666666667 0.441875 0.56 0.469375 0.5716666666666667 0.469375
2 0.5505555555555556 0.436875 0.5716666666666667 0.436875 0.5505555555555556 0.4675 0.5716666666666667 0.4675
2 0.5416666666666666 0.43875 0.5561111111111111 0.43875 0.5416666666666666 0.4625 0.5561111111111111 0.4625
2 0.5366666666666666 0.440625 0.5444444444444444 0.440625 0.5366666666666666 0.458125 0.5444444444444444 0.458125
2 0.5305555555555556 0.439375 0.5405555555555556 0.439375 0.5305555555555556 0.455 0.5405555555555556 0.455
2 0.31722222222222224 0.439375 0.3938888888888889 0.439375 0.31722222222222224 0.50125 0.3938888888888889 0.50125