9 0.39666666666666667 0.393125 0.4022222222222222 0.393125 0.39666666666666667 0.4025 0.4022222222222222 0.4025
9 0.5422222222222223 0.411875 0.5466666666666666 0.411875 0.5422222222222223 0.420625 0.5466666666666666 0.420625
0 0.41333333333333333 0.426875 0.4255555555555556 0.426875 0.41333333333333333 0.448125 0.4255555555555556 0.448125
0 0.42277777777777775 0.42375 0.43222222222222223 0.42375 0.42277777777777775 0.440625 0.43222222222222223 0.440625
0 0.44055555555555553 0.42125 0.4477777777777778 0.42125 0.44055555555555553 0.435625 0.4477777777777778 0.435625
0 0.45055555555555554 0.418125 0.4583333333333333 0.418125 0.45055555555555554 0.434375 0.4583333333333333 0.434375
0 0.46055555555555555 0.405 0.4672222222222222 0.405 0.46055555555555555 0.418125 0.4672222222222222 0.418125
2 0.3988888888888889 0.404375 0.4261111111111111 0.404375 0.3988888888888889 0.435 0.4261111111111111 0.435
2 0.5016666666666667 0.395 0.5094444444444445 0.395 0.5016666666666667 0.404375 0.5094444444444445 0.404375
2 0.4588888888888889 0.39375 0.4688888888888889 0.39375 0.4588888888888889 0.405 0.4688888888888889 0.405
2 0.5566666666666666 0.398125 0.5794444444444444 0.398125 0.5566666666666666 0.426875 0.5794444444444444 0.426875
7 0.41333333333333333 0.414375 0.425 0.414375 0.41333333333333333 0.440625 0.425 0.440625
7 0.4216666666666667 0.416875 0.42944444444444446 0.416875 0.4216666666666667 0.43375 0.42944444444444446 0.43375
7 0.44055555555555553 0.410625 0.4488888888888889 0.410625 0.44055555555555553 0.42875 0.4488888888888889 0.42875
7 0.45111111111111113 0.408125 0.4583333333333333 0.408125 0.45111111111111113 0.43 0.4583333333333333 0.43
7 0.46055555555555555 0.398125 0.4672222222222222 0.398125 0.46055555555555555 0.4125 0.4672222222222222 0.4125