9 0.8827777777777778 0.309375 0.9061111111111111 0.309375 0.8827777777777778 0.37125 0.9061111111111111 0.37125
9 0.8827777777777778 0.374375 0.9055555555555556 0.374375 0.8827777777777778 0.405 0.9055555555555556 0.405
9 0.5472222222222223 0.431875 0.5572222222222222 0.431875 0.5472222222222223 0.44375 0.5572222222222222 0.44375
9 0.26666666666666666 0.423125 0.2816666666666667 0.423125 0.26666666666666666 0.44 0.2816666666666667 0.44
9 0.27 0.44 0.2783333333333333 0.44 0.27 0.451875 0.2783333333333333 0.451875
9 0.3672222222222222 0.436875 0.3811111111111111 0.436875 0.3672222222222222 0.453125 0.3811111111111111 0.453125
9 0.8605555555555555 0.385625 0.8694444444444445 0.385625 0.8605555555555555 0.416875 0.8694444444444445 0.416875
9 0.8816666666666667 0.28125 0.9116666666666666 0.28125 0.8816666666666667 0.299375 0.9116666666666666 0.299375
9 0.8594444444444445 0.26125 0.9338888888888889 0.26125 0.8594444444444445 0.285 0.9338888888888889 0.285
9 0.5905555555555555 0.405625 0.5977777777777777 0.405625 0.5905555555555555 0.424375 0.5977777777777777 0.424375
7 0.8666666666666667 0.43625 0.9094444444444445 0.43625 0.8666666666666667 0.5475 0.9094444444444445 0.5475
7 0.6088888888888889 0.438125 0.6233333333333333 0.438125 0.6088888888888889 0.478125 0.6233333333333333 0.478125
7 0.0961111111111111 0.46125 0.10777777777777778 0.46125 0.0961111111111111 0.499375 0.10777777777777778 0.499375
0 0.5366666666666666 0.455625 0.5472222222222223 0.455625 0.5366666666666666 0.475 0.5472222222222223 0.475
2 0.7427777777777778 0.433125 0.9255555555555556 0.433125 0.7427777777777778 0.515 0.9255555555555556 0.515
2 0.47444444444444445 0.449375 0.5377777777777778 0.449375 0.47444444444444445 0.50375 0.5377777777777778 0.50375
2 0.4083333333333333 0.45375 0.4272222222222222 0.45375 0.4083333333333333 0.47375 0.4272222222222222 0.47375
2 0.43222222222222223 0.4525 0.4461111111111111 0.4525 0.43222222222222223 0.47125 0.4461111111111111 0.47125
2 0.4477777777777778 0.456875 0.4577777777777778 0.456875 0.4477777777777778 0.466875 0.4577777777777778 0.466875
2 0.4572222222222222 0.4575 0.4677777777777778 0.4575 0.4572222222222222 0.4675 0.4677777777777778 0.4675
7 0.5377777777777778 0.446875 0.5472222222222223 0.446875 0.5377777777777778 0.473125 0.5472222222222223 0.473125
8 0.8644444444444445 0.490625 0.9 0.490625 0.8644444444444445 0.549375 0.9 0.549375