9 0.2872222222222222 0.4125 0.30444444444444446 0.4125 0.2872222222222222 0.430625 0.30444444444444446 0.430625
9 0.2916666666666667 0.430625 0.3005555555555556 0.430625 0.2916666666666667 0.435 0.3005555555555556 0.435
9 0.5661111111111111 0.40875 0.585 0.40875 0.5661111111111111 0.431875 0.585 0.431875
9 0.6733333333333333 0.381875 0.7027777777777777 0.381875 0.6733333333333333 0.414375 0.7027777777777777 0.414375
9 0.68 0.415 0.6977777777777778 0.415 0.68 0.421875 0.6977777777777778 0.421875
9 0.7455555555555555 0.403125 0.7522222222222222 0.403125 0.7455555555555555 0.421875 0.7522222222222222 0.421875
9 0.7477777777777778 0.421875 0.7511111111111111 0.421875 0.7477777777777778 0.42625 0.7511111111111111 0.42625
2 0 0.450625 0.09944444444444445 0.450625 0 0.593125 0.09944444444444445 0.593125
2 0.07444444444444444 0.449375 0.2 0.449375 0.07444444444444444 0.550625 0.2 0.550625
2 0.4216666666666667 0.446875 0.4272222222222222 0.446875 0.4216666666666667 0.4575 0.4272222222222222 0.4575
2 0.41333333333333333 0.445 0.42277777777777775 0.445 0.41333333333333333 0.459375 0.42277777777777775 0.459375
2 0.3972222222222222 0.4425 0.41555555555555557 0.4425 0.3972222222222222 0.461875 0.41555555555555557 0.461875
2 0.39944444444444444 0.4475 0.40944444444444444 0.4475 0.39944444444444444 0.464375 0.40944444444444444 0.464375
2 0.39055555555555554 0.44875 0.4038888888888889 0.44875 0.39055555555555554 0.46625 0.4038888888888889 0.46625
2 0.38222222222222224 0.449375 0.39555555555555555 0.449375 0.38222222222222224 0.470625 0.39555555555555555 0.470625
2 0.37 0.44875 0.38666666666666666 0.44875 0.37 0.4725 0.38666666666666666 0.4725
2 0.36777777777777776 0.449375 0.38 0.449375 0.36777777777777776 0.475 0.38 0.475
2 0.36 0.449375 0.37444444444444447 0.449375 0.36 0.476875 0.37444444444444447 0.476875
2 0.32555555555555554 0.444375 0.3655555555555556 0.444375 0.32555555555555554 0.484375 0.3655555555555556 0.484375
2 0.48388888888888887 0.445 0.49 0.445 0.48388888888888887 0.458125 0.49 0.458125
2 0.48833333333333334 0.441875 0.5038888888888889 0.441875 0.48833333333333334 0.46125 0.5038888888888889 0.46125
2 0.4988888888888889 0.44 0.5166666666666667 0.44 0.4988888888888889 0.46875 0.5166666666666667 0.46875
2 0.51 0.4375 0.5466666666666666 0.4375 0.51 0.47875 0.5466666666666666 0.47875
2 0.5911111111111111 0.43875 0.6922222222222222 0.43875 0.5911111111111111 0.52875 0.6922222222222222 0.52875
2 0.6516666666666666 0.443125 0.81 0.443125 0.6516666666666666 0.55875 0.81 0.55875
2 0.79 0.43875 0.8766666666666667 0.43875 0.79 0.478125 0.8766666666666667 0.478125
2 0.7705555555555555 0.443125 0.9994444444444445 0.443125 0.7705555555555555 0.628125 0.9994444444444445 0.628125
2 0.955 0.53 0.9994444444444445 0.53 0.955 0.68125 0.9994444444444445 0.68125