9 0.24722222222222223 0.429375 0.2538888888888889 0.429375 0.24722222222222223 0.44 0.2538888888888889 0.44
7 0.5572222222222222 0.430625 0.5866666666666667 0.430625 0.5572222222222222 0.51875 0.5866666666666667 0.51875
7 0.44666666666666666 0.44125 0.4661111111111111 0.44125 0.44666666666666666 0.506875 0.4661111111111111 0.506875
7 0.25277777777777777 0.461875 0.26166666666666666 0.461875 0.25277777777777777 0.489375 0.26166666666666666 0.489375
2 0.39055555555555554 0.445 0.4761111111111111 0.445 0.39055555555555554 0.48375 0.4761111111111111 0.48375
2 0.3888888888888889 0.449375 0.42055555555555557 0.449375 0.3888888888888889 0.481875 0.42055555555555557 0.481875
2 0.31777777777777777 0.443125 0.3527777777777778 0.443125 0.31777777777777777 0.47125 0.3527777777777778 0.47125
2 0.22555555555555556 0.455625 0.31166666666666665 0.455625 0.22555555555555556 0.489375 0.31166666666666665 0.489375
2 0.2061111111111111 0.448125 0.2683333333333333 0.448125 0.2061111111111111 0.470625 0.2683333333333333 0.470625
2 0.12777777777777777 0.458125 0.19777777777777777 0.458125 0.12777777777777777 0.483125 0.19777777777777777 0.483125
2 0.10444444444444445 0.4625 0.12555555555555556 0.4625 0.10444444444444445 0.4775 0.12555555555555556 0.4775
2 0.07222222222222222 0.46125 0.095 0.46125 0.07222222222222222 0.480625 0.095 0.480625
2 0.37222222222222223 0.450625 0.3938888888888889 0.450625 0.37222222222222223 0.480625 0.3938888888888889 0.480625
1 0.4861111111111111 0.41125 0.64 0.41125 0.4861111111111111 0.494375 0.64 0.494375