9 0.9484375 0.2294921875 0.99921875 0.2294921875 0.9484375 0.244140625 0.99921875 0.244140625
9 0.96484375 0.2470703125 0.9921875 0.2470703125 0.96484375 0.2626953125 0.9921875 0.2626953125
7 0.80390625 0.298828125 0.825 0.298828125 0.80390625 0.337890625 0.825 0.337890625
7 0.6765625 0.443359375 0.7265625 0.443359375 0.6765625 0.60546875 0.7265625 0.60546875
7 0.20390625 0.4189453125 0.2125 0.4189453125 0.20390625 0.451171875 0.2125 0.451171875
7 0.253125 0.412109375 0.26328125 0.412109375 0.253125 0.4384765625 0.26328125 0.4384765625
7 0.2703125 0.4130859375 0.278125 0.4130859375 0.2703125 0.4365234375 0.278125 0.4365234375
7 0.78984375 0.2919921875 0.80390625 0.2919921875 0.78984375 0.3388671875 0.80390625 0.3388671875
0 0.021875 0.4853515625 0.0640625 0.4853515625 0.021875 0.578125 0.0640625 0.578125
0 0.071875 0.4873046875 0.10625 0.4873046875 0.071875 0.556640625 0.10625 0.556640625
0 0.12734375 0.4873046875 0.1609375 0.4873046875 0.12734375 0.5654296875 0.1609375 0.5654296875
0 0.26796875 0.4814453125 0.3078125 0.4814453125 0.26796875 0.5703125 0.3078125 0.5703125
2 0.3703125 0.4453125 0.48125 0.4453125 0.3703125 0.5537109375 0.48125 0.5537109375
2 0.35078125 0.4228515625 0.44609375 0.4228515625 0.35078125 0.5263671875 0.44609375 0.5263671875
2 0.33671875 0.43359375 0.36875 0.43359375 0.33671875 0.5078125 0.36875 0.5078125
2 0.328125 0.4326171875 0.35625 0.4326171875 0.328125 0.486328125 0.35625 0.486328125
2 0.30859375 0.4267578125 0.3484375 0.4267578125 0.30859375 0.4716796875 0.3484375 0.4716796875
2 0.296875 0.4189453125 0.32734375 0.4189453125 0.296875 0.44921875 0.32734375 0.44921875
2 0.30390625 0.42578125 0.31796875 0.42578125 0.30390625 0.4501953125 0.31796875 0.4501953125
2 0.2921875 0.416015625 0.31328125 0.416015625 0.2921875 0.4345703125 0.31328125 0.4345703125
2 0.28515625 0.412109375 0.30078125 0.412109375 0.28515625 0.4326171875 0.30078125 0.4326171875
2 0.28046875 0.412109375 0.290625 0.412109375 0.28046875 0.4306640625 0.290625 0.4306640625
2 0.221875 0.4140625 0.23359375 0.4140625 0.221875 0.42578125 0.23359375 0.42578125
2 0.22734375 0.4111328125 0.23671875 0.4111328125 0.22734375 0.421875 0.23671875 0.421875
2 0.2109375 0.4130859375 0.221875 0.4130859375 0.2109375 0.431640625 0.221875 0.431640625
2 0.1953125 0.412109375 0.215625 0.412109375 0.1953125 0.4375 0.215625 0.4375
2 0.19609375 0.4169921875 0.2109375 0.4169921875 0.19609375 0.4404296875 0.2109375 0.4404296875
2 0.17890625 0.416015625 0.20234375 0.416015625 0.17890625 0.4462890625 0.20234375 0.4462890625
2 0.18203125 0.4228515625 0.19609375 0.4228515625 0.18203125 0.4521484375 0.19609375 0.4521484375
2 0.1515625 0.4169921875 0.1890625 0.4169921875 0.1515625 0.455078125 0.1890625 0.455078125
2 0.15390625 0.4267578125 0.18125 0.4267578125 0.15390625 0.4609375 0.18125 0.4609375
2 0.1515625 0.4296875 0.16796875 0.4296875 0.1515625 0.4677734375 0.16796875 0.4677734375
2 0.10546875 0.4150390625 0.15625 0.4150390625 0.10546875 0.482421875 0.15625 0.482421875
2 0.05703125 0.4296875 0.1265625 0.4296875 0.05703125 0.5029296875 0.1265625 0.5029296875
2 0.03046875 0.443359375 0.1046875 0.443359375 0.03046875 0.517578125 0.1046875 0.517578125
2 0 0.4609375 0.04296875 0.4609375 0 0.5625 0.04296875 0.5625
2 0.0390625 0.4169921875 0.07265625 0.4169921875 0.0390625 0.4345703125 0.07265625 0.4345703125
2 0.07109375 0.4169921875 0.0921875 0.4169921875 0.07109375 0.431640625 0.0921875 0.431640625
2 0.021875 0.41796875 0.03984375 0.41796875 0.021875 0.4296875 0.03984375 0.4296875
2 0.1375 0.4111328125 0.159375 0.4111328125 0.1375 0.4189453125 0.159375 0.4189453125
2 0.4765625 0.439453125 0.49375 0.439453125 0.4765625 0.4716796875 0.49375 0.4716796875
7 0.02109375 0.4453125 0.065625 0.4453125 0.02109375 0.5673828125 0.065625 0.5673828125
7 0.26796875 0.4326171875 0.30859375 0.4326171875 0.26796875 0.5615234375 0.30859375 0.5615234375
7 0.128125 0.435546875 0.16328125 0.435546875 0.128125 0.5517578125 0.16328125 0.5517578125
7 0.07265625 0.439453125 0.10703125 0.439453125 0.07265625 0.541015625 0.10703125 0.541015625
7 0.24296875 0.41015625 0.246875 0.41015625 0.24296875 0.4228515625 0.246875 0.4228515625
9 0.9671875 0.263671875 0.99765625 0.263671875 0.9671875 0.333984375 0.99765625 0.333984375
9 0.97734375 0.3359375 0.99609375 0.3359375 0.97734375 0.3515625 0.99609375 0.3515625