9 0.9483333333333334 0.321875 0.9733333333333334 0.321875 0.9483333333333334 0.35875 0.9733333333333334 0.35875
9 0.7111111111111111 0.3425 0.7427777777777778 0.3425 0.7111111111111111 0.36 0.7427777777777778 0.36
9 0.7144444444444444 0.3125 0.7394444444444445 0.3125 0.7144444444444444 0.34125 0.7394444444444445 0.34125
9 0.11833333333333333 0.375625 0.1322222222222222 0.375625 0.11833333333333333 0.399375 0.1322222222222222 0.399375
9 0.175 0.390625 0.1811111111111111 0.390625 0.175 0.41625 0.1811111111111111 0.41625
9 0.24444444444444444 0.37625 0.2722222222222222 0.37625 0.24444444444444444 0.3925 0.2722222222222222 0.3925
9 0.24055555555555555 0.335625 0.2761111111111111 0.335625 0.24055555555555555 0.375625 0.2761111111111111 0.375625
9 0.39 0.41625 0.3977777777777778 0.41625 0.39 0.429375 0.3977777777777778 0.429375
2 0.04888888888888889 0.4225 0.17666666666666667 0.4225 0.04888888888888889 0.5025 0.17666666666666667 0.5025
2 0.2777777777777778 0.431875 0.3844444444444444 0.431875 0.2777777777777778 0.4925 0.3844444444444444 0.4925
2 0.9177777777777778 0.44375 0.9994444444444445 0.44375 0.9177777777777778 0.500625 0.9994444444444445 0.500625
2 0.9066666666666666 0.444375 0.9766666666666667 0.444375 0.9066666666666666 0.4925 0.9766666666666667 0.4925
2 0.8688888888888889 0.43625 0.9877777777777778 0.43625 0.8688888888888889 0.479375 0.9877777777777778 0.479375
2 0.8038888888888889 0.441875 0.8955555555555555 0.441875 0.8038888888888889 0.475 0.8955555555555555 0.475