9 0.69453125 0.3916015625 0.725 0.3916015625 0.69453125 0.3984375 0.725 0.3984375
0 0.1609375 0.5859375 0.221875 0.5859375 0.1609375 0.705078125 0.221875 0.705078125
0 0.309375 0.642578125 0.41953125 0.642578125 0.309375 0.876953125 0.41953125 0.876953125
2 0.5296875 0.4443359375 0.5578125 0.4443359375 0.5296875 0.4619140625 0.5578125 0.4619140625
2 0.515625 0.4462890625 0.53359375 0.4462890625 0.515625 0.46484375 0.53359375 0.46484375
2 0.5 0.44921875 0.52421875 0.44921875 0.5 0.46875 0.52421875 0.46875
2 0.484375 0.451171875 0.50625 0.451171875 0.484375 0.474609375 0.50625 0.474609375
2 0.47421875 0.4521484375 0.4921875 0.4521484375 0.47421875 0.4765625 0.4921875 0.4765625
2 0.45703125 0.453125 0.48203125 0.453125 0.45703125 0.4794921875 0.48203125 0.4794921875
2 0.4484375 0.455078125 0.46328125 0.455078125 0.4484375 0.4853515625 0.46328125 0.4853515625
2 0.41953125 0.4501953125 0.453125 0.4501953125 0.41953125 0.48828125 0.453125 0.48828125
2 0.4078125 0.4580078125 0.44140625 0.4580078125 0.4078125 0.4931640625 0.44140625 0.4931640625
2 0.3703125 0.4609375 0.41484375 0.4609375 0.3703125 0.50390625 0.41484375 0.50390625
2 0.31640625 0.478515625 0.3578125 0.478515625 0.31640625 0.5478515625 0.3578125 0.5478515625
2 0.2421875 0.4677734375 0.3265625 0.4677734375 0.2421875 0.564453125 0.3265625 0.564453125
2 0.225 0.4814453125 0.29140625 0.4814453125 0.225 0.59375 0.29140625 0.59375
2 0.13125 0.484375 0.25078125 0.484375 0.13125 0.630859375 0.25078125 0.630859375
2 0.009375 0.4990234375 0.1765625 0.4990234375 0.009375 0.69921875 0.1765625 0.69921875
2 0.58359375 0.431640625 0.60078125 0.431640625 0.58359375 0.4638671875 0.60078125 0.4638671875
2 0.55625 0.447265625 0.59140625 0.447265625 0.55625 0.4951171875 0.59140625 0.4951171875
2 0.5390625 0.4609375 0.58203125 0.4609375 0.5390625 0.5048828125 0.58203125 0.5048828125
2 0.6671875 0.439453125 0.7078125 0.439453125 0.6671875 0.4833984375 0.7078125 0.4833984375
2 0.68125 0.4462890625 0.7078125 0.4462890625 0.68125 0.4853515625 0.7078125 0.4853515625
2 0.8453125 0.4609375 0.90859375 0.4609375 0.8453125 0.515625 0.90859375 0.515625
2 0.5796875 0.49609375 0.65390625 0.49609375 0.5796875 0.587890625 0.65390625 0.587890625
2 0.625 0.4833984375 0.7609375 0.4833984375 0.625 0.6083984375 0.7609375 0.6083984375
2 0.65234375 0.5107421875 0.82890625 0.5107421875 0.65234375 0.6748046875 0.82890625 0.6748046875
2 0.753125 0.544921875 0.99921875 0.544921875 0.753125 0.7734375 0.99921875 0.7734375
7 0.16328125 0.5107421875 0.2203125 0.5107421875 0.16328125 0.6845703125 0.2203125 0.6845703125
7 0.30859375 0.5283203125 0.4203125 0.5283203125 0.30859375 0.83984375 0.4203125 0.83984375
2 0.70390625 0.4306640625 0.81953125 0.4306640625 0.70390625 0.482421875 0.81953125 0.482421875