4 0.30666666666666664 0.356875 0.315 0.356875 0.30666666666666664 0.378125 0.315 0.378125
4 0.39111111111111113 0.375 0.3972222222222222 0.375 0.39111111111111113 0.39125 0.3972222222222222 0.39125
4 0.4438888888888889 0.37625 0.45 0.37625 0.4438888888888889 0.391875 0.45 0.391875
4 0.5422222222222223 0.41875 0.5477777777777778 0.41875 0.5422222222222223 0.43625 0.5477777777777778 0.43625
9 0.7722222222222223 0.340625 0.8 0.340625 0.7722222222222223 0.361875 0.8 0.361875
9 0.3244444444444444 0.4525 0.3333333333333333 0.4525 0.3244444444444444 0.46375 0.3333333333333333 0.46375
9 0.3788888888888889 0.45125 0.385 0.45125 0.3788888888888889 0.46 0.385 0.46
0 0.9222222222222223 0.450625 0.9627777777777777 0.450625 0.9222222222222223 0.511875 0.9627777777777777 0.511875
0 0.6794444444444444 0.45 0.6883333333333334 0.45 0.6794444444444444 0.464375 0.6883333333333334 0.464375
2 0.02722222222222222 0.464375 0.06111111111111111 0.464375 0.02722222222222222 0.485625 0.06111111111111111 0.485625
2 0.06055555555555556 0.46625 0.09277777777777778 0.46625 0.06055555555555556 0.48375 0.09277777777777778 0.48375
2 0.057777777777777775 0.4575 0.10166666666666667 0.4575 0.057777777777777775 0.48125 0.10166666666666667 0.48125
2 0.10944444444444444 0.466875 0.16 0.466875 0.10944444444444444 0.500625 0.16 0.500625
2 0.20833333333333334 0.461875 0.24333333333333335 0.461875 0.20833333333333334 0.48875 0.24333333333333335 0.48875
2 0.4622222222222222 0.445 0.46944444444444444 0.445 0.4622222222222222 0.455 0.46944444444444444 0.455
2 0.4661111111111111 0.446875 0.47888888888888886 0.446875 0.4661111111111111 0.459375 0.47888888888888886 0.459375
2 0.445 0.44625 0.45444444444444443 0.44625 0.445 0.45625 0.45444444444444443 0.45625
2 0.3938888888888889 0.448125 0.4 0.448125 0.3938888888888889 0.455625 0.4 0.455625
7 0.9294444444444444 0.415 0.9622222222222222 0.415 0.9294444444444444 0.49875 0.9622222222222222 0.49875
7 0.6794444444444444 0.4375 0.6883333333333334 0.4375 0.6794444444444444 0.461875 0.6883333333333334 0.461875