4 0.36356209150326796 0.4052734375 0.375 0.4052734375 0.36356209150326796 0.4365234375 0.375 0.4365234375
4 0.43300653594771243 0.4267578125 0.4411764705882353 0.4267578125 0.43300653594771243 0.451171875 0.4411764705882353 0.451171875
4 0.43790849673202614 0.486328125 0.44362745098039214 0.486328125 0.43790849673202614 0.494140625 0.44362745098039214 0.494140625
4 0.8112745098039216 0.4658203125 0.8202614379084967 0.4658203125 0.8112745098039216 0.478515625 0.8202614379084967 0.478515625
9 0.29901960784313725 0.482421875 0.3088235294117647 0.482421875 0.29901960784313725 0.4921875 0.3088235294117647 0.4921875
9 0.36764705882352944 0.4521484375 0.37254901960784315 0.4521484375 0.36764705882352944 0.46484375 0.37254901960784315 0.46484375
9 0.3619281045751634 0.4521484375 0.3668300653594771 0.4521484375 0.3619281045751634 0.46484375 0.3668300653594771 0.46484375
9 0.7075163398692811 0.45703125 0.7238562091503268 0.45703125 0.7075163398692811 0.4638671875 0.7238562091503268 0.4638671875
9 0.704248366013072 0.4306640625 0.7254901960784313 0.4306640625 0.704248366013072 0.4560546875 0.7254901960784313 0.4560546875
7 0.41748366013071897 0.490234375 0.45016339869281047 0.490234375 0.41748366013071897 0.560546875 0.45016339869281047 0.560546875
7 0.49264705882352944 0.5078125 0.5008169934640523 0.5078125 0.49264705882352944 0.5234375 0.5008169934640523 0.5234375
13 0.6797385620915033 0.4833984375 0.7009803921568627 0.4833984375 0.6797385620915033 0.517578125 0.7009803921568627 0.517578125
5 0.352124183006536 0.5078125 0.380718954248366 0.5078125 0.352124183006536 0.544921875 0.380718954248366 0.544921875
5 0.32679738562091504 0.5078125 0.33578431372549017 0.5078125 0.32679738562091504 0.5263671875 0.33578431372549017 0.5263671875
5 0.6053921568627451 0.5107421875 0.630718954248366 0.5107421875 0.6053921568627451 0.533203125 0.630718954248366 0.533203125
5 0.6691176470588235 0.5107421875 0.6928104575163399 0.5107421875 0.6691176470588235 0.533203125 0.6928104575163399 0.533203125
2 0.2916666666666667 0.5126953125 0.309640522875817 0.5126953125 0.2916666666666667 0.53125 0.309640522875817 0.53125
2 0.30637254901960786 0.5087890625 0.3202614379084967 0.5087890625 0.30637254901960786 0.5205078125 0.3202614379084967 0.5205078125
2 0.31781045751633985 0.5048828125 0.3227124183006536 0.5048828125 0.31781045751633985 0.515625 0.3227124183006536 0.515625
2 0.2777777777777778 0.513671875 0.2916666666666667 0.513671875 0.2777777777777778 0.525390625 0.2916666666666667 0.525390625
2 0 0.4521484375 0.2973856209150327 0.4521484375 0 0.7646484375 0.2973856209150327 0.7646484375
2 0.5727124183006536 0.48828125 0.6029411764705882 0.48828125 0.5727124183006536 0.5224609375 0.6029411764705882 0.5224609375
2 0.6584967320261438 0.501953125 0.670751633986928 0.501953125 0.6584967320261438 0.5126953125 0.670751633986928 0.5126953125
2 0.7851307189542484 0.501953125 0.8169934640522876 0.501953125 0.7851307189542484 0.5244140625 0.8169934640522876 0.5244140625
2 0.41421568627450983 0.50390625 0.6584967320261438 0.50390625 0.41421568627450983 0.75390625 0.6584967320261438 0.75390625
2 0.7009803921568627 0.4921875 0.7091503267973857 0.4921875 0.7009803921568627 0.509765625 0.7091503267973857 0.509765625
7 0.6127450980392157 0.4990234375 0.6266339869281046 0.4990234375 0.6127450980392157 0.52734375 0.6266339869281046 0.52734375
7 0.6781045751633987 0.5009765625 0.6887254901960784 0.5009765625 0.6781045751633987 0.5244140625 0.6887254901960784 0.5244140625