9 0.455 0.448125 0.4627777777777778 0.448125 0.455 0.459375 0.4627777777777778 0.459375
2 0.7288888888888889 0.3475 0.9994444444444445 0.3475 0.7288888888888889 0.675 0.9994444444444445 0.675
2 0.7272222222222222 0.414375 0.9711111111111111 0.414375 0.7272222222222222 0.56 0.9711111111111111 0.56
2 0.6044444444444445 0.418125 0.7844444444444445 0.418125 0.6044444444444445 0.555 0.7844444444444445 0.555
2 0.5438888888888889 0.4525 0.62 0.4525 0.5438888888888889 0.523125 0.62 0.523125
2 0.5144444444444445 0.458125 0.5655555555555556 0.458125 0.5144444444444445 0.513125 0.5655555555555556 0.513125
2 0.4888888888888889 0.460625 0.5327777777777778 0.460625 0.4888888888888889 0.50875 0.5327777777777778 0.50875
2 0.46166666666666667 0.454375 0.515 0.454375 0.46166666666666667 0.5025 0.515 0.5025
2 0.25166666666666665 0.47375 0.26555555555555554 0.47375 0.25166666666666665 0.486875 0.26555555555555554 0.486875
2 0.2461111111111111 0.474375 0.25277777777777777 0.474375 0.2461111111111111 0.486875 0.25277777777777777 0.486875
2 0.24 0.474375 0.24833333333333332 0.474375 0.24 0.4875 0.24833333333333332 0.4875
2 0.19833333333333333 0.46125 0.2477777777777778 0.46125 0.19833333333333333 0.51875 0.2477777777777778 0.51875
2 0.19611111111111112 0.465 0.24222222222222223 0.465 0.19611111111111112 0.5275 0.24222222222222223 0.5275
2 0.10388888888888889 0.4625 0.21388888888888888 0.4625 0.10388888888888889 0.545625 0.21388888888888888 0.545625
2 0 0.4575 0.08444444444444445 0.4575 0 0.6125 0.08444444444444445 0.6125
2 0.38722222222222225 0.465625 0.3977777777777778 0.465625 0.38722222222222225 0.475625 0.3977777777777778 0.475625