1 0.44607843137254904 0.3369140625 0.49673202614379086 0.3369140625 0.44607843137254904 0.4384765625 0.49673202614379086 0.4384765625
1 0 0 0.29248366013071897 0 0 0.7421875 0.29248366013071897 0.7421875
4 0.6094771241830066 0.33984375 0.6217320261437909 0.33984375 0.6094771241830066 0.3779296875 0.6217320261437909 0.3779296875
4 0.3839869281045752 0.3251953125 0.3946078431372549 0.3251953125 0.3839869281045752 0.361328125 0.3946078431372549 0.361328125
4 0.40522875816993464 0.3349609375 0.4133986928104575 0.3349609375 0.40522875816993464 0.3623046875 0.4133986928104575 0.3623046875
7 0.7998366013071896 0.41015625 0.8169934640522876 0.41015625 0.7998366013071896 0.4697265625 0.8169934640522876 0.4697265625
7 0.31290849673202614 0.388671875 0.3227124183006536 0.388671875 0.31290849673202614 0.419921875 0.3227124183006536 0.419921875
7 0.28431372549019607 0.3828125 0.2965686274509804 0.3828125 0.28431372549019607 0.4140625 0.2965686274509804 0.4140625
7 0.33088235294117646 0.388671875 0.3423202614379085 0.388671875 0.33088235294117646 0.4228515625 0.3423202614379085 0.4228515625
7 0.34477124183006536 0.3876953125 0.35375816993464054 0.3876953125 0.34477124183006536 0.4169921875 0.35375816993464054 0.4169921875
7 0.3553921568627451 0.388671875 0.36437908496732024 0.388671875 0.3553921568627451 0.4169921875 0.36437908496732024 0.4169921875
7 0.36437908496732024 0.390625 0.37254901960784315 0.390625 0.36437908496732024 0.4169921875 0.37254901960784315 0.4169921875
7 0.3709150326797386 0.3828125 0.3831699346405229 0.3828125 0.3709150326797386 0.4404296875 0.3831699346405229 0.4404296875
7 0.3937908496732026 0.392578125 0.4027777777777778 0.392578125 0.3937908496732026 0.421875 0.4027777777777778 0.421875
7 0.8202614379084967 0.4140625 0.8284313725490197 0.4140625 0.8202614379084967 0.4384765625 0.8284313725490197 0.4384765625
0 0.5923202614379085 0.4150390625 0.6119281045751634 0.4150390625 0.5923202614379085 0.443359375 0.6119281045751634 0.443359375
13 0.6617647058823529 0.3046875 0.7933006535947712 0.3046875 0.6617647058823529 0.490234375 0.7933006535947712 0.490234375
2 0.5236928104575164 0.3994140625 0.571078431372549 0.3994140625 0.5236928104575164 0.451171875 0.571078431372549 0.451171875
2 0.4959150326797386 0.390625 0.5228758169934641 0.390625 0.4959150326797386 0.416015625 0.5228758169934641 0.416015625
2 0.4125816993464052 0.3837890625 0.4852941176470588 0.3837890625 0.4125816993464052 0.470703125 0.4852941176470588 0.470703125
7 0.5964052287581699 0.4052734375 0.6062091503267973 0.4052734375 0.5964052287581699 0.4453125 0.6062091503267973 0.4453125