4 0.4627777777777778 0.216875 0.4772222222222222 0.216875 0.4627777777777778 0.2625 0.4772222222222222 0.2625
4 0.6377777777777778 0.323125 0.6522222222222223 0.323125 0.6377777777777778 0.368125 0.6522222222222223 0.368125
4 0.9761111111111112 0.300625 0.9972222222222222 0.300625 0.9761111111111112 0.3525 0.9972222222222222 0.3525
4 0.9833333333333333 0.378125 0.9994444444444445 0.378125 0.9833333333333333 0.399375 0.9994444444444445 0.399375
4 0.6388888888888888 0.3875 0.6522222222222223 0.3875 0.6388888888888888 0.405 0.6522222222222223 0.405
4 0.2833333333333333 0.3325 0.2966666666666667 0.3325 0.2833333333333333 0.376875 0.2966666666666667 0.376875
4 0.2822222222222222 0.395 0.295 0.395 0.2822222222222222 0.415 0.295 0.415
7 0.9261111111111111 0.429375 0.9472222222222222 0.429375 0.9261111111111111 0.511875 0.9472222222222222 0.511875
7 0.8994444444444445 0.425625 0.9261111111111111 0.425625 0.8994444444444445 0.515625 0.9261111111111111 0.515625
7 0.9894444444444445 0.441875 0.9994444444444445 0.441875 0.9894444444444445 0.5625 0.9994444444444445 0.5625
7 0.6588888888888889 0.431875 0.6761111111111111 0.431875 0.6588888888888889 0.456875 0.6761111111111111 0.456875
7 0 0.439375 0.013333333333333334 0.439375 0 0.46375 0.013333333333333334 0.46375
7 0.013333333333333334 0.445 0.029444444444444443 0.445 0.013333333333333334 0.46875 0.029444444444444443 0.46875
7 0.03277777777777778 0.44375 0.043333333333333335 0.44375 0.03277777777777778 0.47 0.043333333333333335 0.47
7 0.042222222222222223 0.44375 0.05555555555555555 0.44375 0.042222222222222223 0.469375 0.05555555555555555 0.469375
7 0.075 0.44125 0.09 0.44125 0.075 0.4675 0.09 0.4675
7 0.08833333333333333 0.444375 0.10944444444444444 0.444375 0.08833333333333333 0.5125 0.10944444444444444 0.5125
7 0.10333333333333333 0.440625 0.11166666666666666 0.440625 0.10333333333333333 0.468125 0.11166666666666666 0.468125
7 0.12833333333333333 0.435 0.14055555555555554 0.435 0.12833333333333333 0.459375 0.14055555555555554 0.459375
7 0.06333333333333334 0.441875 0.07555555555555556 0.441875 0.06333333333333334 0.461875 0.07555555555555556 0.461875
7 0.13833333333333334 0.44125 0.16944444444444445 0.44125 0.13833333333333334 0.510625 0.16944444444444445 0.510625
7 0.1388888888888889 0.43625 0.15055555555555555 0.43625 0.1388888888888889 0.466875 0.15055555555555555 0.466875
7 0.11166666666666666 0.436875 0.13444444444444445 0.436875 0.11166666666666666 0.509375 0.13444444444444445 0.509375
7 0.17833333333333334 0.4425 0.19666666666666666 0.4425 0.17833333333333334 0.5025 0.19666666666666666 0.5025
7 0.2 0.441875 0.21666666666666667 0.441875 0.2 0.485625 0.21666666666666667 0.485625
7 0.25222222222222224 0.44625 0.26722222222222225 0.44625 0.25222222222222224 0.4675 0.26722222222222225 0.4675
0 0.2038888888888889 0.48875 0.2411111111111111 0.48875 0.2038888888888889 0.57125 0.2411111111111111 0.57125
0 0.2683333333333333 0.4575 0.32 0.4575 0.2683333333333333 0.5025 0.32 0.5025
0 0.4111111111111111 0.4525 0.42333333333333334 0.4525 0.4111111111111111 0.47625 0.42333333333333334 0.47625
0 0.13666666666666666 0.4675 0.16 0.4675 0.13666666666666666 0.510625 0.16 0.510625
0 0.16111111111111112 0.466875 0.19333333333333333 0.466875 0.16111111111111112 0.5 0.19333333333333333 0.5
2 0.4127777777777778 0.455625 0.4311111111111111 0.455625 0.4127777777777778 0.475 0.4311111111111111 0.475
2 0.42444444444444446 0.453125 0.4411111111111111 0.453125 0.42444444444444446 0.471875 0.4411111111111111 0.471875
2 0.4361111111111111 0.455 0.4477777777777778 0.455 0.4361111111111111 0.47 0.4477777777777778 0.47
2 0.44333333333333336 0.45375 0.45444444444444443 0.45375 0.44333333333333336 0.468125 0.45444444444444443 0.468125
2 0.4438888888888889 0.455 0.45055555555555554 0.455 0.4438888888888889 0.469375 0.45055555555555554 0.469375
2 0.42388888888888887 0.446875 0.6827777777777778 0.446875 0.42388888888888887 0.636875 0.6827777777777778 0.636875
7 0.20222222222222222 0.44 0.24666666666666667 0.44 0.20222222222222222 0.5475 0.24666666666666667 0.5475