4 0.82080078125 0.4375 0.83447265625 0.4375 0.82080078125 0.4895833333333333 0.83447265625 0.4895833333333333
4 0.6982421875 0.5130208333333334 0.7080078125 0.5130208333333334 0.6982421875 0.5305989583333334 0.7080078125 0.5305989583333334
4 0.69921875 0.4479166666666667 0.71630859375 0.4479166666666667 0.69921875 0.4798177083333333 0.71630859375 0.4798177083333333
4 0.5146484375 0.3333333333333333 0.5341796875 0.3333333333333333 0.5146484375 0.3671875 0.5341796875 0.3671875
4 0.13427734375 0.1875 0.15380859375 0.1875 0.13427734375 0.23372395833333334 0.15380859375 0.23372395833333334
4 0.1181640625 0.4153645833333333 0.13916015625 0.4153645833333333 0.1181640625 0.4485677083333333 0.13916015625 0.4485677083333333
4 0.115234375 0.5143229166666666 0.12451171875 0.5143229166666666 0.115234375 0.53125 0.12451171875 0.53125
4 0.349609375 0.3606770833333333 0.3583984375 0.3606770833333333 0.349609375 0.3860677083333333 0.3583984375 0.3860677083333333
4 0.4013671875 0.4322916666666667 0.41455078125 0.4322916666666667 0.4013671875 0.4505208333333333 0.41455078125 0.4505208333333333
9 0.87939453125 0.4583333333333333 0.9091796875 0.4583333333333333 0.87939453125 0.5110677083333334 0.9091796875 0.5110677083333334
9 0.66943359375 0.4303385416666667 0.6953125 0.4303385416666667 0.66943359375 0.4680989583333333 0.6953125 0.4680989583333333
9 0.6728515625 0.4674479166666667 0.69384765625 0.4674479166666667 0.6728515625 0.474609375 0.69384765625 0.474609375
9 0.0869140625 0.189453125 0.11865234375 0.189453125 0.0869140625 0.22526041666666666 0.11865234375 0.22526041666666666
9 0.24365234375 0.3665364583333333 0.25634765625 0.3665364583333333 0.24365234375 0.3919270833333333 0.25634765625 0.3919270833333333
9 0.39013671875 0.5475260416666666 0.41015625 0.5475260416666666 0.39013671875 0.5774739583333334 0.41015625 0.5774739583333334
9 0.578125 0.5234375 0.5849609375 0.5234375 0.578125 0.5345052083333334 0.5849609375 0.5345052083333334
7 0.1103515625 0.5540364583333334 0.12646484375 0.5540364583333334 0.1103515625 0.623046875 0.12646484375 0.623046875
7 0.123046875 0.5501302083333334 0.1416015625 0.5501302083333334 0.123046875 0.6236979166666666 0.1416015625 0.6236979166666666
7 0.25146484375 0.5358072916666666 0.29248046875 0.5358072916666666 0.25146484375 0.65625 0.29248046875 0.65625
2 0.4287109375 0.5651041666666666 0.65380859375 0.5651041666666666 0.4287109375 0.8079427083333334 0.65380859375 0.8079427083333334