4 0.4038888888888889 0.3225 0.4127777777777778 0.3225 0.4038888888888889 0.349375 0.4127777777777778 0.349375
4 0.6116666666666667 0.328125 0.6266666666666667 0.328125 0.6116666666666667 0.3725 0.6266666666666667 0.3725
4 0.5261111111111111 0.3925 0.5327777777777778 0.3925 0.5261111111111111 0.4125 0.5327777777777778 0.4125
4 0.28888888888888886 0.413125 0.2961111111111111 0.413125 0.28888888888888886 0.43625 0.2961111111111111 0.43625
4 0.04388888888888889 0.43 0.065 0.43 0.04388888888888889 0.475 0.065 0.475
9 0.49277777777777776 0.339375 0.5294444444444445 0.339375 0.49277777777777776 0.355625 0.5294444444444445 0.355625
9 0.4938888888888889 0.4275 0.505 0.4275 0.4938888888888889 0.445625 0.505 0.445625
9 0.5055555555555555 0.430625 0.5105555555555555 0.430625 0.5055555555555555 0.439375 0.5105555555555555 0.439375
9 0.5094444444444445 0.41875 0.515 0.41875 0.5094444444444445 0.4325 0.515 0.4325
9 0.69 0.423125 0.695 0.423125 0.69 0.439375 0.695 0.439375
9 0.6872222222222222 0.446875 0.6983333333333334 0.446875 0.6872222222222222 0.4525 0.6983333333333334 0.4525
9 0.4311111111111111 0.449375 0.435 0.449375 0.4311111111111111 0.455 0.435 0.455
9 0.02277777777777778 0.42125 0.03333333333333333 0.42125 0.02277777777777778 0.445625 0.03333333333333333 0.445625
9 0.023333333333333334 0.44875 0.034444444444444444 0.44875 0.023333333333333334 0.460625 0.034444444444444444 0.460625
9 0.04833333333333333 0.37875 0.06833333333333333 0.37875 0.04833333333333333 0.43 0.06833333333333333 0.43
0 0.47055555555555556 0.458125 0.47555555555555556 0.458125 0.47055555555555556 0.468125 0.47555555555555556 0.468125
5 0.4127777777777778 0.454375 0.4261111111111111 0.454375 0.4127777777777778 0.481875 0.4261111111111111 0.481875
2 0.29444444444444445 0.44875 0.31222222222222223 0.44875 0.29444444444444445 0.4925 0.31222222222222223 0.4925
2 0.31055555555555553 0.423125 0.4166666666666667 0.423125 0.31055555555555553 0.52 0.4166666666666667 0.52
2 0.4488888888888889 0.455625 0.4577777777777778 0.455625 0.4488888888888889 0.464375 0.4577777777777778 0.464375
2 0.11222222222222222 0.463125 0.15888888888888889 0.463125 0.11222222222222222 0.49875 0.15888888888888889 0.49875
2 0.15722222222222224 0.454375 0.2111111111111111 0.454375 0.15722222222222224 0.496875 0.2111111111111111 0.496875
7 0.4127777777777778 0.44625 0.42388888888888887 0.44625 0.4127777777777778 0.474375 0.42388888888888887 0.474375
7 0.47055555555555556 0.4525 0.47555555555555556 0.4525 0.47055555555555556 0.465 0.47555555555555556 0.465