7 0.0693359375 0.505859375 0.13427734375 0.505859375 0.0693359375 0.7708333333333334 0.13427734375 0.7708333333333334
7 0.115234375 0.4680989583333333 0.17431640625 0.4680989583333333 0.115234375 0.7447916666666666 0.17431640625 0.7447916666666666
7 0.154296875 0.4928385416666667 0.21533203125 0.4928385416666667 0.154296875 0.7721354166666666 0.21533203125 0.7721354166666666
7 0.76416015625 0.4635416666666667 0.845703125 0.4635416666666667 0.76416015625 0.80078125 0.845703125 0.80078125
2 0.58837890625 0.5123697916666666 0.59765625 0.5123697916666666 0.58837890625 0.5260416666666666 0.59765625 0.5260416666666666
2 0.56884765625 0.5123697916666666 0.58544921875 0.5123697916666666 0.56884765625 0.5319010416666666 0.58544921875 0.5319010416666666
2 0.53564453125 0.51171875 0.5595703125 0.51171875 0.53564453125 0.537109375 0.5595703125 0.537109375
2 0.47900390625 0.5110677083333334 0.51416015625 0.5110677083333334 0.47900390625 0.5390625 0.51416015625 0.5390625
2 0.41845703125 0.5026041666666666 0.4609375 0.5026041666666666 0.41845703125 0.5436197916666666 0.4609375 0.5436197916666666
2 0.38330078125 0.5065104166666666 0.4560546875 0.5065104166666666 0.38330078125 0.552734375 0.4560546875 0.552734375
2 0.31982421875 0.4993489583333333 0.3828125 0.4993489583333333 0.31982421875 0.5514322916666666 0.3828125 0.5514322916666666
2 0.2880859375 0.5240885416666666 0.37646484375 0.5240885416666666 0.2880859375 0.6555989583333334 0.37646484375 0.6555989583333334
2 0.1728515625 0.5208333333333334 0.31787109375 0.5208333333333334 0.1728515625 0.701171875 0.31787109375 0.701171875
2 0.61572265625 0.5091145833333334 0.64111328125 0.5091145833333334 0.61572265625 0.5403645833333334 0.64111328125 0.5403645833333334
2 0.6640625 0.517578125 0.6943359375 0.517578125 0.6640625 0.556640625 0.6943359375 0.556640625
2 0.65283203125 0.5104166666666666 0.68017578125 0.5104166666666666 0.65283203125 0.544921875 0.68017578125 0.544921875
2 0.64111328125 0.509765625 0.658203125 0.509765625 0.64111328125 0.5364583333333334 0.658203125 0.5364583333333334
2 0.68017578125 0.51953125 0.7041015625 0.51953125 0.68017578125 0.5651041666666666 0.7041015625 0.5651041666666666
2 0.69140625 0.5201822916666666 0.71484375 0.5201822916666666 0.69140625 0.576171875 0.71484375 0.576171875
2 0.70361328125 0.5026041666666666 0.77880859375 0.5026041666666666 0.70361328125 0.5970052083333334 0.77880859375 0.5970052083333334
2 0.7314453125 0.52734375 0.7763671875 0.52734375 0.7314453125 0.6380208333333334 0.7763671875 0.6380208333333334
2 0.81982421875 0.53125 0.8876953125 0.53125 0.81982421875 0.7044270833333334 0.8876953125 0.7044270833333334
2 0.83544921875 0.48046875 0.96875 0.48046875 0.83544921875 0.7936197916666666 0.96875 0.7936197916666666