9 0.30800653594771243 0.333984375 0.3300653594771242 0.333984375 0.30800653594771243 0.3603515625 0.3300653594771242 0.3603515625
9 0.28513071895424835 0.361328125 0.36356209150326796 0.361328125 0.28513071895424835 0.3876953125 0.36356209150326796 0.3876953125
9 0.3055555555555556 0.423828125 0.3161764705882353 0.423828125 0.3055555555555556 0.4365234375 0.3161764705882353 0.4365234375
9 0.30637254901960786 0.4365234375 0.315359477124183 0.4365234375 0.30637254901960786 0.4462890625 0.315359477124183 0.4462890625
9 0.4493464052287582 0.3857421875 0.48856209150326796 0.3857421875 0.4493464052287582 0.40625 0.48856209150326796 0.40625
9 0.45016339869281047 0.40625 0.48856209150326796 0.40625 0.45016339869281047 0.4150390625 0.48856209150326796 0.4150390625
9 0.6143790849673203 0.431640625 0.6225490196078431 0.431640625 0.6143790849673203 0.44140625 0.6225490196078431 0.44140625
9 0.6764705882352942 0.375 0.7230392156862745 0.375 0.6764705882352942 0.3837890625 0.7230392156862745 0.3837890625
9 0.6756535947712419 0.3876953125 0.7246732026143791 0.3876953125 0.6756535947712419 0.3974609375 0.7246732026143791 0.3974609375
9 0.6772875816993464 0.3994140625 0.7050653594771242 0.3994140625 0.6772875816993464 0.4091796875 0.7050653594771242 0.4091796875
9 0.3619281045751634 0.41796875 0.3790849673202614 0.41796875 0.3619281045751634 0.443359375 0.3790849673202614 0.443359375
2 0.5155228758169934 0.4462890625 0.5253267973856209 0.4462890625 0.5155228758169934 0.4560546875 0.5253267973856209 0.4560546875
2 0.5261437908496732 0.4482421875 0.5334967320261438 0.4482421875 0.5261437908496732 0.45703125 0.5334967320261438 0.45703125
2 0.5326797385620915 0.447265625 0.5424836601307189 0.447265625 0.5326797385620915 0.4580078125 0.5424836601307189 0.4580078125
2 0.6004901960784313 0.451171875 0.6119281045751634 0.451171875 0.6004901960784313 0.4609375 0.6119281045751634 0.4609375
2 0.6127450980392157 0.44921875 0.6421568627450981 0.44921875 0.6127450980392157 0.4609375 0.6421568627450981 0.4609375
2 0.5678104575163399 0.4599609375 0.6862745098039216 0.4599609375 0.5678104575163399 0.57421875 0.6862745098039216 0.57421875
2 0.6625816993464052 0.44921875 0.696078431372549 0.44921875 0.6625816993464052 0.482421875 0.696078431372549 0.482421875
2 0.6805555555555556 0.45703125 0.7148692810457516 0.45703125 0.6805555555555556 0.4912109375 0.7148692810457516 0.4912109375
2 0.5808823529411765 0.4521484375 0.5955882352941176 0.4521484375 0.5808823529411765 0.4677734375 0.5955882352941176 0.4677734375
2 0.5727124183006536 0.4462890625 0.5866013071895425 0.4462890625 0.5727124183006536 0.4599609375 0.5866013071895425 0.4599609375