4 0.6966666666666667 0.28875 0.7372222222222222 0.28875 0.6966666666666667 0.334375 0.7372222222222222 0.334375
4 0.7127777777777777 0.361875 0.7277777777777777 0.361875 0.7127777777777777 0.385625 0.7277777777777777 0.385625
4 0.6777777777777778 0.303125 0.6911111111111111 0.303125 0.6777777777777778 0.339375 0.6911111111111111 0.339375
4 0.3522222222222222 0.11375 0.39111111111111113 0.11375 0.3522222222222222 0.163125 0.39111111111111113 0.163125
4 0.16111111111111112 0.1225 0.2011111111111111 0.1225 0.16111111111111112 0.17 0.2011111111111111 0.17
4 0.018333333333333333 0.064375 0.07388888888888889 0.064375 0.018333333333333333 0.13125 0.07388888888888889 0.13125
4 0.37166666666666665 0.410625 0.37666666666666665 0.410625 0.37166666666666665 0.42375 0.37666666666666665 0.42375
4 0.3244444444444444 0.445625 0.3288888888888889 0.445625 0.3244444444444444 0.456875 0.3288888888888889 0.456875
9 0.42333333333333334 0.120625 0.4538888888888889 0.120625 0.42333333333333334 0.17 0.4538888888888889 0.17
9 0.22444444444444445 0.12875 0.25277777777777777 0.12875 0.22444444444444445 0.176875 0.25277777777777777 0.176875
13 0.9344444444444444 0.4225 0.9677777777777777 0.4225 0.9344444444444444 0.446875 0.9677777777777777 0.446875
2 0.9633333333333334 0.425625 0.9772222222222222 0.425625 0.9633333333333334 0.445625 0.9772222222222222 0.445625
2 0.9116666666666666 0.43 0.9227777777777778 0.43 0.9116666666666666 0.448125 0.9227777777777778 0.448125
2 0.8155555555555556 0.439375 0.8366666666666667 0.439375 0.8155555555555556 0.455625 0.8366666666666667 0.455625
2 0.7522222222222222 0.44 0.7877777777777778 0.44 0.7522222222222222 0.459375 0.7877777777777778 0.459375
2 0.35555555555555557 0.37125 0.6972222222222222 0.37125 0.35555555555555557 0.693125 0.6972222222222222 0.693125
2 0.3416666666666667 0.470625 0.35055555555555556 0.470625 0.3416666666666667 0.47875 0.35055555555555556 0.47875
2 0.21777777777777776 0.463125 0.25055555555555553 0.463125 0.21777777777777776 0.5025 0.25055555555555553 0.5025
2 0.18 0.465625 0.22666666666666666 0.465625 0.18 0.509375 0.22666666666666666 0.509375
2 0.10722222222222222 0.46375 0.18944444444444444 0.46375 0.10722222222222222 0.519375 0.18944444444444444 0.519375
2 0.051111111111111114 0.461875 0.12555555555555556 0.461875 0.051111111111111114 0.521875 0.12555555555555556 0.521875
2 0 0.48 0.05555555555555555 0.48 0 0.5275 0.05555555555555555 0.5275
6 0.24833333333333332 0.42625 0.33 0.42625 0.24833333333333332 0.5025 0.33 0.5025
2 0.2477777777777778 0.443125 0.31666666666666665 0.443125 0.2477777777777778 0.508125 0.31666666666666665 0.508125