7 0.5094444444444445 0.473125 0.5161111111111111 0.473125 0.5094444444444445 0.49375 0.5161111111111111 0.49375
7 0.44555555555555554 0.465625 0.45444444444444443 0.465625 0.44555555555555554 0.495625 0.45444444444444443 0.495625
7 0.41 0.466875 0.41888888888888887 0.466875 0.41 0.495 0.41888888888888887 0.495
0 0.43222222222222223 0.473125 0.44666666666666666 0.473125 0.43222222222222223 0.498125 0.44666666666666666 0.498125
2 0.9172222222222223 0.401875 0.9994444444444445 0.401875 0.9172222222222223 0.575 0.9994444444444445 0.575
2 0.8033333333333333 0.43375 0.9355555555555556 0.43375 0.8033333333333333 0.561875 0.9355555555555556 0.561875
2 0.7438888888888889 0.419375 0.9122222222222223 0.419375 0.7438888888888889 0.540625 0.9122222222222223 0.540625
2 0.7005555555555556 0.425 0.7744444444444445 0.425 0.7005555555555556 0.526875 0.7744444444444445 0.526875
2 0.6455555555555555 0.433125 0.7238888888888889 0.433125 0.6455555555555555 0.515 0.7238888888888889 0.515
2 0.6172222222222222 0.435 0.6616666666666666 0.435 0.6172222222222222 0.510625 0.6616666666666666 0.510625
2 0.5844444444444444 0.461875 0.6161111111111112 0.461875 0.5844444444444444 0.50375 0.6161111111111112 0.50375
2 0.5394444444444444 0.46875 0.5683333333333334 0.46875 0.5394444444444444 0.489375 0.5683333333333334 0.489375
2 0.5672222222222222 0.46875 0.5805555555555556 0.46875 0.5672222222222222 0.49 0.5805555555555556 0.49
2 0.5738888888888889 0.4675 0.5866666666666667 0.4675 0.5738888888888889 0.4825 0.5866666666666667 0.4825
7 0.4311111111111111 0.46 0.44555555555555554 0.46 0.4311111111111111 0.49125 0.44555555555555554 0.49125
6 0 0.354375 0.08888888888888889 0.354375 0 0.531875 0.08888888888888889 0.531875