1 0.4852941176470588 0.380859375 0.5032679738562091 0.380859375 0.4852941176470588 0.4013671875 0.5032679738562091 0.4013671875
1 0.47058823529411764 0.3818359375 0.4877450980392157 0.3818359375 0.47058823529411764 0.4013671875 0.4877450980392157 0.4013671875
9 0.4166666666666667 0.3759765625 0.4272875816993464 0.3759765625 0.4166666666666667 0.39453125 0.4272875816993464 0.39453125
13 0.565359477124183 0.388671875 0.5825163398692811 0.388671875 0.565359477124183 0.4072265625 0.5825163398692811 0.4072265625
13 0.5220588235294118 0.3828125 0.5326797385620915 0.3828125 0.5220588235294118 0.3955078125 0.5326797385620915 0.3955078125
2 0.45179738562091504 0.4052734375 0.5334967320261438 0.4052734375 0.45179738562091504 0.4814453125 0.5334967320261438 0.4814453125
2 0.5433006535947712 0.40234375 0.5694444444444444 0.40234375 0.5433006535947712 0.42578125 0.5694444444444444 0.42578125
2 0.5343137254901961 0.400390625 0.5498366013071896 0.400390625 0.5343137254901961 0.4169921875 0.5498366013071896 0.4169921875
2 0.494281045751634 0.3994140625 0.5106209150326797 0.3994140625 0.494281045751634 0.40625 0.5106209150326797 0.40625
2 0.47630718954248363 0.39453125 0.4869281045751634 0.39453125 0.47630718954248363 0.404296875 0.4869281045751634 0.404296875
2 0.4591503267973856 0.3916015625 0.4673202614379085 0.3916015625 0.4591503267973856 0.3994140625 0.4673202614379085 0.3994140625
2 0.4477124183006536 0.38671875 0.4550653594771242 0.38671875 0.4477124183006536 0.392578125 0.4550653594771242 0.392578125
2 0.4542483660130719 0.3876953125 0.4599673202614379 0.3876953125 0.4542483660130719 0.3935546875 0.4599673202614379 0.3935546875
2 0.4599673202614379 0.38671875 0.46895424836601307 0.38671875 0.4599673202614379 0.3935546875 0.46895424836601307 0.3935546875
2 0.9321895424836601 0.4267578125 0.9779411764705882 0.4267578125 0.9321895424836601 0.4716796875 0.9779411764705882 0.4716796875
2 0.8349673202614379 0.38671875 0.9321895424836601 0.38671875 0.8349673202614379 0.466796875 0.9321895424836601 0.466796875
2 0.8104575163398693 0.41796875 0.8366013071895425 0.41796875 0.8104575163398693 0.4404296875 0.8366013071895425 0.4404296875
2 0.7687908496732027 0.41015625 0.8178104575163399 0.41015625 0.7687908496732027 0.44921875 0.8178104575163399 0.44921875
2 0.7892156862745098 0.3984375 0.8333333333333334 0.3984375 0.7892156862745098 0.42578125 0.8333333333333334 0.42578125
2 0.7524509803921569 0.4130859375 0.7736928104575164 0.4130859375 0.7524509803921569 0.4326171875 0.7736928104575164 0.4326171875
2 0.7230392156862745 0.4111328125 0.7598039215686274 0.4111328125 0.7230392156862745 0.4326171875 0.7598039215686274 0.4326171875
2 0.7205882352941176 0.4033203125 0.7459150326797386 0.4033203125 0.7205882352941176 0.4228515625 0.7459150326797386 0.4228515625
2 0.6993464052287581 0.40234375 0.7222222222222222 0.40234375 0.6993464052287581 0.421875 0.7222222222222222 0.421875
2 0.6928104575163399 0.408203125 0.7197712418300654 0.408203125 0.6928104575163399 0.4287109375 0.7197712418300654 0.4287109375
2 0.678921568627451 0.404296875 0.6911764705882353 0.404296875 0.678921568627451 0.4140625 0.6911764705882353 0.4140625
2 0.6821895424836601 0.4072265625 0.6985294117647058 0.4072265625 0.6821895424836601 0.421875 0.6985294117647058 0.421875
2 0.6633986928104575 0.4052734375 0.6830065359477124 0.4052734375 0.6633986928104575 0.4208984375 0.6830065359477124 0.4208984375
2 0.6470588235294118 0.404296875 0.6658496732026143 0.404296875 0.6470588235294118 0.41796875 0.6658496732026143 0.41796875
2 0.6576797385620915 0.3984375 0.6772875816993464 0.3984375 0.6576797385620915 0.408203125 0.6772875816993464 0.408203125
2 0.6397058823529411 0.4013671875 0.6552287581699346 0.4013671875 0.6397058823529411 0.416015625 0.6552287581699346 0.416015625
2 0.6200980392156863 0.4013671875 0.6348039215686274 0.4013671875 0.6200980392156863 0.4140625 0.6348039215686274 0.4140625
2 0.6127450980392157 0.4013671875 0.6217320261437909 0.4013671875 0.6127450980392157 0.4111328125 0.6217320261437909 0.4111328125
2 0.5988562091503268 0.4013671875 0.613562091503268 0.4013671875 0.5988562091503268 0.41015625 0.613562091503268 0.41015625
2 0.5980392156862745 0.396484375 0.6102941176470589 0.396484375 0.5980392156862745 0.404296875 0.6102941176470589 0.404296875
2 0.6111111111111112 0.3916015625 0.6282679738562091 0.3916015625 0.6111111111111112 0.4052734375 0.6282679738562091 0.4052734375
2 0.5841503267973857 0.3955078125 0.5980392156862745 0.3955078125 0.5841503267973857 0.4091796875 0.5980392156862745 0.4091796875
2 0.5563725490196079 0.3935546875 0.5686274509803921 0.3935546875 0.5563725490196079 0.404296875 0.5686274509803921 0.404296875
2 0.5441176470588235 0.392578125 0.5563725490196079 0.392578125 0.5441176470588235 0.40234375 0.5563725490196079 0.40234375
2 0.5130718954248366 0.390625 0.5220588235294118 0.390625 0.5130718954248366 0.3984375 0.5220588235294118 0.3984375
2 0.5351307189542484 0.3955078125 0.545751633986928 0.3955078125 0.5351307189542484 0.4033203125 0.545751633986928 0.4033203125