1 0.8022875816993464 0.48046875 0.9991830065359477 0.48046875 0.8022875816993464 0.60546875 0.9991830065359477 0.60546875
4 0.6176470588235294 0.4921875 0.6241830065359477 0.4921875 0.6176470588235294 0.509765625 0.6241830065359477 0.509765625
4 0.625 0.4677734375 0.630718954248366 0.4677734375 0.625 0.478515625 0.630718954248366 0.478515625
4 0.6405228758169934 0.4736328125 0.6437908496732027 0.4736328125 0.6405228758169934 0.4853515625 0.6437908496732027 0.4853515625
4 0.6209150326797386 0.4208984375 0.6282679738562091 0.4208984375 0.6209150326797386 0.4501953125 0.6282679738562091 0.4501953125
4 0.5776143790849673 0.474609375 0.5808823529411765 0.474609375 0.5776143790849673 0.484375 0.5808823529411765 0.484375
4 0.5547385620915033 0.4765625 0.5580065359477124 0.4765625 0.5547385620915033 0.486328125 0.5580065359477124 0.486328125
4 0.36764705882352944 0.4375 0.3799019607843137 0.4375 0.36764705882352944 0.470703125 0.3799019607843137 0.470703125
4 0.3700980392156863 0.5166015625 0.37745098039215685 0.5166015625 0.3700980392156863 0.537109375 0.37745098039215685 0.537109375
9 0.9297385620915033 0.4736328125 0.994281045751634 0.4736328125 0.9297385620915033 0.49609375 0.994281045751634 0.49609375
9 0.9305555555555556 0.451171875 0.9959150326797386 0.451171875 0.9305555555555556 0.4716796875 0.9959150326797386 0.4716796875
9 0.9305555555555556 0.431640625 0.9967320261437909 0.431640625 0.9305555555555556 0.44921875 0.9967320261437909 0.44921875
9 0.9305555555555556 0.41015625 0.9975490196078431 0.41015625 0.9305555555555556 0.4306640625 0.9975490196078431 0.4306640625
9 0.5531045751633987 0.48828125 0.5588235294117647 0.48828125 0.5531045751633987 0.494140625 0.5588235294117647 0.494140625
9 0.3946078431372549 0.5 0.4027777777777778 0.5 0.3946078431372549 0.5107421875 0.4027777777777778 0.5107421875
9 0.36519607843137253 0.5048828125 0.380718954248366 0.5048828125 0.36519607843137253 0.513671875 0.380718954248366 0.513671875
9 0.3627450980392157 0.470703125 0.3839869281045752 0.470703125 0.3627450980392157 0.49609375 0.3839869281045752 0.49609375
7 0.1527777777777778 0.51171875 0.17238562091503268 0.51171875 0.1527777777777778 0.5458984375 0.17238562091503268 0.5458984375
7 0.18055555555555555 0.5068359375 0.20915032679738563 0.5068359375 0.18055555555555555 0.5439453125 0.20915032679738563 0.5439453125
5 0.26715686274509803 0.5234375 0.3382352941176471 0.5234375 0.26715686274509803 0.5947265625 0.3382352941176471 0.5947265625
2 0.43709150326797386 0.5068359375 0.4665032679738562 0.5068359375 0.43709150326797386 0.5263671875 0.4665032679738562 0.5263671875
2 0.46568627450980393 0.5126953125 0.4877450980392157 0.5126953125 0.46568627450980393 0.537109375 0.4877450980392157 0.537109375
2 0.42483660130718953 0.5234375 0.4877450980392157 0.5234375 0.42483660130718953 0.58203125 0.4877450980392157 0.58203125
2 0.4861111111111111 0.509765625 0.5098039215686274 0.509765625 0.4861111111111111 0.54296875 0.5098039215686274 0.54296875
2 0.4934640522875817 0.5126953125 0.5245098039215687 0.5126953125 0.4934640522875817 0.5517578125 0.5245098039215687 0.5517578125
2 0.5049019607843137 0.5205078125 0.5285947712418301 0.5205078125 0.5049019607843137 0.5595703125 0.5285947712418301 0.5595703125
2 0.5179738562091504 0.517578125 0.5751633986928104 0.517578125 0.5179738562091504 0.58203125 0.5751633986928104 0.58203125
2 0.3888888888888889 0.533203125 0.4665032679738562 0.533203125 0.3888888888888889 0.546875 0.4665032679738562 0.546875
2 0.5408496732026143 0.52734375 0.6078431372549019 0.52734375 0.5408496732026143 0.5595703125 0.6078431372549019 0.5595703125
2 0.5359477124183006 0.5361328125 0.6478758169934641 0.5361328125 0.5359477124183006 0.6435546875 0.6478758169934641 0.6435546875
2 0.6209150326797386 0.501953125 0.8872549019607843 0.501953125 0.6209150326797386 0.744140625 0.8872549019607843 0.744140625
2 0.7663398692810458 0.5576171875 0.9991830065359477 0.5576171875 0.7663398692810458 0.9990234375 0.9991830065359477 0.9990234375
2 0.04003267973856209 0.529296875 0.29901960784313725 0.529296875 0.04003267973856209 0.72265625 0.29901960784313725 0.72265625
2 0.2883986928104575 0.5439453125 0.511437908496732 0.5439453125 0.2883986928104575 0.7685546875 0.511437908496732 0.7685546875