4 0.39892578125 0.5078125 0.40966796875 0.5078125 0.39892578125 0.5390625 0.40966796875 0.5390625
4 0.63232421875 0.5084635416666666 0.64453125 0.5084635416666666 0.63232421875 0.5390625 0.64453125 0.5390625
4 0.7587890625 0.3626302083333333 0.78759765625 0.3626302083333333 0.7587890625 0.4518229166666667 0.78759765625 0.4518229166666667
4 0.75390625 0.4798177083333333 0.7724609375 0.4798177083333333 0.75390625 0.5149739583333334 0.7724609375 0.5149739583333334
9 0.7529296875 0.4544270833333333 0.80517578125 0.4544270833333333 0.7529296875 0.4778645833333333 0.80517578125 0.4778645833333333
9 0.76123046875 0.546875 0.7763671875 0.546875 0.76123046875 0.5729166666666666 0.7763671875 0.5729166666666666
9 0.19970703125 0.4973958333333333 0.21923828125 0.4973958333333333 0.19970703125 0.5279947916666666 0.21923828125 0.5279947916666666
7 0.0986328125 0.548828125 0.13671875 0.548828125 0.0986328125 0.693359375 0.13671875 0.693359375
7 0.06494140625 0.5520833333333334 0.119140625 0.5520833333333334 0.06494140625 0.6985677083333334 0.119140625 0.6985677083333334
2 0.5419921875 0.5625 0.56787109375 0.5625 0.5419921875 0.5924479166666666 0.56787109375 0.5924479166666666
2 0.5908203125 0.5611979166666666 0.62255859375 0.5611979166666666 0.5908203125 0.5904947916666666 0.62255859375 0.5904947916666666