9 0.8529411764705882 0.375 0.8962418300653595 0.375 0.8529411764705882 0.43359375 0.8962418300653595 0.43359375
9 0.8570261437908496 0.43359375 0.8929738562091504 0.43359375 0.8570261437908496 0.4560546875 0.8929738562091504 0.4560546875
9 0.8562091503267973 0.45703125 0.8913398692810458 0.45703125 0.8562091503267973 0.4853515625 0.8913398692810458 0.4853515625
7 0.061274509803921566 0.5146484375 0.09477124183006536 0.5146484375 0.061274509803921566 0.5830078125 0.09477124183006536 0.5830078125
7 0.09477124183006536 0.51171875 0.11764705882352941 0.51171875 0.09477124183006536 0.6025390625 0.11764705882352941 0.6025390625
7 0.1650326797385621 0.51953125 0.17973856209150327 0.51953125 0.1650326797385621 0.5380859375 0.17973856209150327 0.5380859375
7 0.5555555555555556 0.5283203125 0.5629084967320261 0.5283203125 0.5555555555555556 0.5546875 0.5629084967320261 0.5546875
7 0.5490196078431373 0.5263671875 0.5563725490196079 0.5263671875 0.5490196078431373 0.5517578125 0.5563725490196079 0.5517578125
13 0.5694444444444444 0.3935546875 0.8504901960784313 0.3935546875 0.5694444444444444 0.6953125 0.8504901960784313 0.6953125
2 0 0.5537109375 0.11519607843137254 0.5537109375 0 0.7177734375 0.11519607843137254 0.7177734375
2 0.12581699346405228 0.53515625 0.2434640522875817 0.53515625 0.12581699346405228 0.6357421875 0.2434640522875817 0.6357421875
2 0.22140522875816993 0.5390625 0.29983660130718953 0.5390625 0.22140522875816993 0.615234375 0.29983660130718953 0.615234375
2 0.25163398692810457 0.529296875 0.3047385620915033 0.529296875 0.25163398692810457 0.55859375 0.3047385620915033 0.55859375
2 0.28431372549019607 0.537109375 0.3946078431372549 0.537109375 0.28431372549019607 0.6298828125 0.3946078431372549 0.6298828125
2 0.28104575163398693 0.525390625 0.33251633986928103 0.525390625 0.28104575163398693 0.5458984375 0.33251633986928103 0.5458984375
2 0.31209150326797386 0.5185546875 0.3553921568627451 0.5185546875 0.31209150326797386 0.5380859375 0.3553921568627451 0.5380859375
2 0.35294117647058826 0.525390625 0.3815359477124183 0.525390625 0.35294117647058826 0.55078125 0.3815359477124183 0.55078125
2 0.375 0.5263671875 0.3937908496732026 0.5263671875 0.375 0.5625 0.3937908496732026 0.5625
2 0.3815359477124183 0.5234375 0.4027777777777778 0.5234375 0.3815359477124183 0.552734375 0.4027777777777778 0.552734375
2 0.4673202614379085 0.5224609375 0.505718954248366 0.5224609375 0.4673202614379085 0.5634765625 0.505718954248366 0.5634765625
2 0.43300653594771243 0.5244140625 0.4444444444444444 0.5244140625 0.43300653594771243 0.5361328125 0.4444444444444444 0.5361328125
2 0.4395424836601307 0.5224609375 0.45016339869281047 0.5224609375 0.4395424836601307 0.5341796875 0.45016339869281047 0.5341796875