4 0.1527777777777778 0.151875 0.18611111111111112 0.151875 0.1527777777777778 0.225 0.18611111111111112 0.225
4 0.5261111111111111 0.1875 0.5427777777777778 0.1875 0.5261111111111111 0.24125 0.5427777777777778 0.24125
4 0.7711111111111111 0.29375 0.7872222222222223 0.29375 0.7711111111111111 0.348125 0.7872222222222223 0.348125
4 0.7677777777777778 0.38625 0.7794444444444445 0.38625 0.7677777777777778 0.405625 0.7794444444444445 0.405625
4 0.38722222222222225 0.430625 0.39111111111111113 0.430625 0.38722222222222225 0.441875 0.39111111111111113 0.441875
4 0.5205555555555555 0.428125 0.5266666666666666 0.428125 0.5205555555555555 0.441875 0.5266666666666666 0.441875
7 0.0038888888888888888 0.431875 0.023333333333333334 0.431875 0.0038888888888888888 0.491875 0.023333333333333334 0.491875
7 0.22166666666666668 0.444375 0.23333333333333334 0.444375 0.22166666666666668 0.473125 0.23333333333333334 0.473125
7 0.6605555555555556 0.441875 0.6711111111111111 0.441875 0.6605555555555556 0.48375 0.6711111111111111 0.48375
7 0.6422222222222222 0.44375 0.6572222222222223 0.44375 0.6422222222222222 0.45875 0.6572222222222223 0.45875
7 0.8066666666666666 0.428125 0.8322222222222222 0.428125 0.8066666666666666 0.500625 0.8322222222222222 0.500625
7 0.7933333333333333 0.44125 0.81 0.44125 0.7933333333333333 0.501875 0.81 0.501875
0 0.07166666666666667 0.460625 0.10611111111111111 0.460625 0.07166666666666667 0.509375 0.10611111111111111 0.509375
2 0.4577777777777778 0.4575 0.4683333333333333 0.4575 0.4577777777777778 0.468125 0.4683333333333333 0.468125
2 0.4288888888888889 0.455625 0.44277777777777777 0.455625 0.4288888888888889 0.473125 0.44277777777777777 0.473125
2 0.3983333333333333 0.45125 0.43277777777777776 0.45125 0.3983333333333333 0.48625 0.43277777777777776 0.48625
2 0.47 0.44625 0.5027777777777778 0.44625 0.47 0.479375 0.5027777777777778 0.479375
2 0.5883333333333334 0.4525 0.6022222222222222 0.4525 0.5883333333333334 0.47125 0.6022222222222222 0.47125
3 0.7394444444444445 0.460625 0.7533333333333333 0.460625 0.7394444444444445 0.480625 0.7533333333333333 0.480625