1 0.3705555555555556 0.441875 0.39944444444444444 0.441875 0.3705555555555556 0.475625 0.39944444444444444 0.475625
9 0.6516666666666666 0.33 0.6911111111111111 0.33 0.6516666666666666 0.385 0.6911111111111111 0.385
9 0.19944444444444445 0.421875 0.20777777777777778 0.421875 0.19944444444444445 0.43625 0.20777777777777778 0.43625
9 0.2011111111111111 0.438125 0.20944444444444443 0.438125 0.2011111111111111 0.450625 0.20944444444444443 0.450625
9 0.10277777777777777 0.395625 0.13444444444444445 0.395625 0.10277777777777777 0.435 0.13444444444444445 0.435
7 0.24833333333333332 0.46375 0.26055555555555554 0.46375 0.24833333333333332 0.5 0.26055555555555554 0.5
2 0.39666666666666667 0.40125 0.5466666666666666 0.40125 0.39666666666666667 0.571875 0.5466666666666666 0.571875
2 0.38722222222222225 0.45 0.405 0.45 0.38722222222222225 0.483125 0.405 0.483125
2 0.3561111111111111 0.45625 0.375 0.45625 0.3561111111111111 0.4825 0.375 0.4825
2 0.29944444444444446 0.455625 0.3688888888888889 0.455625 0.29944444444444446 0.50875 0.3688888888888889 0.50875
2 0.26944444444444443 0.45875 0.31055555555555553 0.45875 0.26944444444444443 0.50625 0.31055555555555553 0.50625
2 0.07555555555555556 0.480625 0.08888888888888889 0.480625 0.07555555555555556 0.49 0.08888888888888889 0.49