4 0.6461111111111111 0.381875 0.6694444444444444 0.381875 0.6461111111111111 0.403125 0.6694444444444444 0.403125
4 0.9111111111111111 0.361875 0.9355555555555556 0.361875 0.9111111111111111 0.383125 0.9355555555555556 0.383125
4 0.46444444444444444 0.395 0.475 0.395 0.46444444444444444 0.40875 0.475 0.40875
4 0.5216666666666666 0.416875 0.5305555555555556 0.416875 0.5216666666666666 0.42875 0.5305555555555556 0.42875
4 0.6483333333333333 0.31 0.6711111111111111 0.31 0.6483333333333333 0.33875 0.6711111111111111 0.33875
4 0.4083333333333333 0.3875 0.41888888888888887 0.3875 0.4083333333333333 0.399375 0.41888888888888887 0.399375
4 0.3238888888888889 0.419375 0.33444444444444443 0.419375 0.3238888888888889 0.43 0.33444444444444443 0.43
9 0.65 0.428125 0.6605555555555556 0.428125 0.65 0.44625 0.6605555555555556 0.44625
9 0.6416666666666667 0.36375 0.6805555555555556 0.36375 0.6416666666666667 0.378125 0.6805555555555556 0.378125
9 0.9277777777777778 0.309375 0.96 0.309375 0.9277777777777778 0.345 0.96 0.345
9 0.9527777777777777 0.35375 0.9866666666666667 0.35375 0.9527777777777777 0.368125 0.9866666666666667 0.368125
7 0.8666666666666667 0.4025 0.8972222222222223 0.4025 0.8666666666666667 0.519375 0.8972222222222223 0.519375
7 0.845 0.415 0.87 0.415 0.845 0.52 0.87 0.52
7 0.7905555555555556 0.41375 0.8172222222222222 0.41375 0.7905555555555556 0.51125 0.8172222222222222 0.51125
7 0.7716666666666666 0.419375 0.7916666666666666 0.419375 0.7716666666666666 0.513125 0.7916666666666666 0.513125
7 0.76 0.420625 0.7855555555555556 0.420625 0.76 0.53 0.7855555555555556 0.53
7 0.7466666666666667 0.423125 0.7677777777777778 0.423125 0.7466666666666667 0.518125 0.7677777777777778 0.518125
7 0.6772222222222222 0.420625 0.7133333333333334 0.420625 0.6772222222222222 0.51 0.7133333333333334 0.51
7 0.25833333333333336 0.435 0.2811111111111111 0.435 0.25833333333333336 0.521875 0.2811111111111111 0.521875
7 0.2727777777777778 0.43375 0.2911111111111111 0.43375 0.2727777777777778 0.51875 0.2911111111111111 0.51875
7 0.1388888888888889 0.44375 0.15666666666666668 0.44375 0.1388888888888889 0.5275 0.15666666666666668 0.5275
7 0.10611111111111111 0.438125 0.12777777777777777 0.438125 0.10611111111111111 0.52625 0.12777777777777777 0.52625
7 0.03388888888888889 0.44125 0.050555555555555555 0.44125 0.03388888888888889 0.475 0.050555555555555555 0.475
7 0.052222222222222225 0.450625 0.06388888888888888 0.450625 0.052222222222222225 0.476875 0.06388888888888888 0.476875
0 0.07333333333333333 0.466875 0.11055555555555556 0.466875 0.07333333333333333 0.50375 0.11055555555555556 0.50375
2 0.21055555555555555 0.448125 0.3 0.448125 0.21055555555555555 0.51125 0.3 0.51125
2 0.28444444444444444 0.448125 0.3427777777777778 0.448125 0.28444444444444444 0.50125 0.3427777777777778 0.50125
2 0.34055555555555556 0.458125 0.35777777777777775 0.458125 0.34055555555555556 0.49125 0.35777777777777775 0.49125