4 0.37666666666666665 0.36375 0.38722222222222225 0.36375 0.37666666666666665 0.39375 0.38722222222222225 0.39375
4 0.3705555555555556 0.408125 0.38166666666666665 0.408125 0.3705555555555556 0.42125 0.38166666666666665 0.42125
4 0.2111111111111111 0.390625 0.22611111111111112 0.390625 0.2111111111111111 0.409375 0.22611111111111112 0.409375
4 0.21888888888888888 0.3175 0.23333333333333334 0.3175 0.21888888888888888 0.361875 0.23333333333333334 0.361875
4 0.31222222222222223 0.355625 0.32222222222222224 0.355625 0.31222222222222223 0.383125 0.32222222222222224 0.383125
4 0.30944444444444447 0.405 0.31722222222222224 0.405 0.30944444444444447 0.416875 0.31722222222222224 0.416875
4 0.6955555555555556 0.376875 0.7061111111111111 0.376875 0.6955555555555556 0.4075 0.7061111111111111 0.4075
4 0.8755555555555555 0.4 0.8888888888888888 0.4 0.8755555555555555 0.42 0.8888888888888888 0.42
4 0.7927777777777778 0.373125 0.805 0.373125 0.7927777777777778 0.4025 0.805 0.4025
4 0.935 0.341875 0.9483333333333334 0.341875 0.935 0.384375 0.9483333333333334 0.384375
4 0.9416666666666667 0.41125 0.9472222222222222 0.41125 0.9416666666666667 0.429375 0.9472222222222222 0.429375
4 0.7955555555555556 0.420625 0.8055555555555556 0.420625 0.7955555555555556 0.434375 0.8055555555555556 0.434375
4 0.51 0.42375 0.5127777777777778 0.42375 0.51 0.43125 0.5127777777777778 0.43125
9 0.2 0.370625 0.2111111111111111 0.370625 0.2 0.385625 0.2111111111111111 0.385625
9 0.8911111111111111 0.396875 0.91 0.396875 0.8911111111111111 0.41125 0.91 0.41125
9 0.805 0.406875 0.8144444444444444 0.406875 0.805 0.42 0.8144444444444444 0.42
9 0.8844444444444445 0.441875 0.8977777777777778 0.441875 0.8844444444444445 0.469375 0.8977777777777778 0.469375
9 0.25833333333333336 0.366875 0.2838888888888889 0.366875 0.25833333333333336 0.38 0.2838888888888889 0.38
7 0.39222222222222225 0.44125 0.4266666666666667 0.44125 0.39222222222222225 0.52 0.4266666666666667 0.52
7 0.4022222222222222 0.44375 0.4222222222222222 0.44375 0.4022222222222222 0.5175 0.4222222222222222 0.5175
2 0.5633333333333334 0.438125 0.6216666666666667 0.438125 0.5633333333333334 0.48625 0.6216666666666667 0.48625
2 0.5277777777777778 0.4475 0.5844444444444444 0.4475 0.5277777777777778 0.499375 0.5844444444444444 0.499375
2 0.5988888888888889 0.411875 0.7605555555555555 0.411875 0.5988888888888889 0.548125 0.7605555555555555 0.548125
2 0.43333333333333335 0.43875 0.5466666666666666 0.43875 0.43333333333333335 0.54125 0.5466666666666666 0.54125
2 0.022222222222222223 0.4225 0.06388888888888888 0.4225 0.022222222222222223 0.481875 0.06388888888888888 0.481875