9 0.2107843137254902 0.42578125 0.24019607843137256 0.42578125 0.2107843137254902 0.43359375 0.24019607843137256 0.43359375
9 0.21160130718954248 0.43359375 0.24019607843137256 0.43359375 0.21160130718954248 0.4404296875 0.24019607843137256 0.4404296875
9 0.21241830065359477 0.44140625 0.24101307189542484 0.44140625 0.21241830065359477 0.453125 0.24101307189542484 0.453125
9 0.21323529411764705 0.4521484375 0.24101307189542484 0.4521484375 0.21323529411764705 0.46484375 0.24101307189542484 0.46484375
9 0.21405228758169934 0.4638671875 0.2426470588235294 0.4638671875 0.21405228758169934 0.4775390625 0.2426470588235294 0.4775390625
9 0.4223856209150327 0.4482421875 0.434640522875817 0.4482421875 0.4223856209150327 0.4521484375 0.434640522875817 0.4521484375
9 0.4223856209150327 0.453125 0.434640522875817 0.453125 0.4223856209150327 0.45703125 0.434640522875817 0.45703125
9 0.4223856209150327 0.45703125 0.434640522875817 0.45703125 0.4223856209150327 0.4638671875 0.434640522875817 0.4638671875
9 0.9109477124183006 0.3896484375 0.951797385620915 0.3896484375 0.9109477124183006 0.4140625 0.951797385620915 0.4140625
9 0.920751633986928 0.4130859375 0.9436274509803921 0.4130859375 0.920751633986928 0.4287109375 0.9436274509803921 0.4287109375
9 0.6552287581699346 0.388671875 0.6862745098039216 0.388671875 0.6552287581699346 0.419921875 0.6862745098039216 0.419921875
9 0.6544117647058824 0.419921875 0.6870915032679739 0.419921875 0.6544117647058824 0.4326171875 0.6870915032679739 0.4326171875
9 0.613562091503268 0.4296875 0.6266339869281046 0.4296875 0.613562091503268 0.443359375 0.6266339869281046 0.443359375
9 0.6176470588235294 0.443359375 0.625 0.443359375 0.6176470588235294 0.4482421875 0.625 0.4482421875
9 0.6299019607843137 0.427734375 0.6405228758169934 0.427734375 0.6299019607843137 0.4384765625 0.6405228758169934 0.4384765625
9 0.45751633986928103 0.45703125 0.46486928104575165 0.45703125 0.45751633986928103 0.46484375 0.46486928104575165 0.46484375
9 0.2875816993464052 0.45703125 0.2957516339869281 0.45703125 0.2875816993464052 0.466796875 0.2957516339869281 0.466796875
9 0.3700980392156863 0.4560546875 0.37663398692810457 0.4560546875 0.3700980392156863 0.4609375 0.37663398692810457 0.4609375
9 0.5441176470588235 0.453125 0.5490196078431373 0.453125 0.5441176470588235 0.4599609375 0.5490196078431373 0.4599609375
7 0.4485294117647059 0.4697265625 0.4624183006535948 0.4697265625 0.4485294117647059 0.5107421875 0.4624183006535948 0.5107421875