9 0.64 0.383125 0.6616666666666666 0.383125 0.64 0.406875 0.6616666666666666 0.406875
9 0.27111111111111114 0.341875 0.3016666666666667 0.341875 0.27111111111111114 0.373125 0.3016666666666667 0.373125
7 0.9594444444444444 0.415 0.9994444444444445 0.415 0.9594444444444444 0.623125 0.9994444444444445 0.623125
7 0.9116666666666666 0.4275 0.9688888888888889 0.4275 0.9116666666666666 0.615625 0.9688888888888889 0.615625
7 0.8583333333333333 0.43375 0.9383333333333334 0.43375 0.8583333333333333 0.621875 0.9383333333333334 0.621875
7 0.8022222222222222 0.36125 0.8827777777777778 0.36125 0.8022222222222222 0.63875 0.8827777777777778 0.63875
7 0.7572222222222222 0.413125 0.7977777777777778 0.413125 0.7572222222222222 0.494375 0.7977777777777778 0.494375
7 0.7194444444444444 0.435625 0.7566666666666667 0.435625 0.7194444444444444 0.5275 0.7566666666666667 0.5275
7 0.59 0.431875 0.6127777777777778 0.431875 0.59 0.496875 0.6127777777777778 0.496875
7 0.6216666666666667 0.433125 0.6366666666666667 0.433125 0.6216666666666667 0.456875 0.6366666666666667 0.456875
7 0.6088888888888889 0.4425 0.64 0.4425 0.6088888888888889 0.52375 0.64 0.52375
7 0.6438888888888888 0.440625 0.6755555555555556 0.440625 0.6438888888888888 0.515 0.6755555555555556 0.515
0 0.6216666666666667 0.449375 0.7705555555555555 0.449375 0.6216666666666667 0.55125 0.7705555555555555 0.55125
2 0.3933333333333333 0.4175 0.5111111111111111 0.4175 0.3933333333333333 0.54125 0.5111111111111111 0.54125
7 0.6694444444444444 0.390625 0.7316666666666667 0.390625 0.6694444444444444 0.534375 0.7316666666666667 0.534375
7 0.785 0.43875 0.8205555555555556 0.43875 0.785 0.55375 0.8205555555555556 0.55375
5 0.29555555555555557 0.45 0.3688888888888889 0.45 0.29555555555555557 0.515625 0.3688888888888889 0.515625