4 0.29901960784313725 0.423828125 0.30800653594771243 0.423828125 0.29901960784313725 0.4375 0.30800653594771243 0.4375
4 0.48447712418300654 0.412109375 0.49019607843137253 0.412109375 0.48447712418300654 0.4267578125 0.49019607843137253 0.4267578125
4 0.6029411764705882 0.4033203125 0.6086601307189542 0.4033203125 0.6029411764705882 0.4189453125 0.6086601307189542 0.4189453125
4 0.6838235294117647 0.3974609375 0.6944444444444444 0.3974609375 0.6838235294117647 0.4140625 0.6944444444444444 0.4140625
4 0.696078431372549 0.4267578125 0.7034313725490197 0.4267578125 0.696078431372549 0.4482421875 0.7034313725490197 0.4482421875
4 0.673202614379085 0.3154296875 0.6919934640522876 0.3154296875 0.673202614379085 0.3642578125 0.6919934640522876 0.3642578125
4 0.7361111111111112 0.3623046875 0.7483660130718954 0.3623046875 0.7361111111111112 0.390625 0.7483660130718954 0.390625
4 0.744281045751634 0.431640625 0.75 0.431640625 0.744281045751634 0.447265625 0.75 0.447265625
9 0.17565359477124182 0.505859375 0.19607843137254902 0.505859375 0.17565359477124182 0.5322265625 0.19607843137254902 0.5322265625
9 0.36437908496732024 0.427734375 0.3790849673202614 0.427734375 0.36437908496732024 0.4443359375 0.3790849673202614 0.4443359375
9 0.6013071895424836 0.419921875 0.6119281045751634 0.419921875 0.6013071895424836 0.4326171875 0.6119281045751634 0.4326171875
9 0.6421568627450981 0.3984375 0.6568627450980392 0.3984375 0.6421568627450981 0.4169921875 0.6568627450980392 0.4169921875
9 0.6437908496732027 0.4169921875 0.6568627450980392 0.4169921875 0.6437908496732027 0.423828125 0.6568627450980392 0.423828125
9 0.9191176470588235 0.365234375 0.9395424836601307 0.365234375 0.9191176470588235 0.3876953125 0.9395424836601307 0.3876953125
9 0.9223856209150327 0.3876953125 0.9387254901960784 0.3876953125 0.9223856209150327 0.396484375 0.9387254901960784 0.396484375
7 0.5065359477124183 0.44140625 0.5122549019607843 0.44140625 0.5065359477124183 0.4619140625 0.5122549019607843 0.4619140625
7 0.5277777777777778 0.4443359375 0.5310457516339869 0.4443359375 0.5277777777777778 0.455078125 0.5310457516339869 0.455078125
7 0.6029411764705882 0.4423828125 0.6127450980392157 0.4423828125 0.6029411764705882 0.4560546875 0.6127450980392157 0.4560546875
7 0.6127450980392157 0.4384765625 0.630718954248366 0.4384765625 0.6127450980392157 0.458984375 0.630718954248366 0.458984375
7 0.6233660130718954 0.4375 0.6348039215686274 0.4375 0.6233660130718954 0.4580078125 0.6348039215686274 0.4580078125
7 0.6405228758169934 0.4326171875 0.6486928104575164 0.4326171875 0.6405228758169934 0.4599609375 0.6486928104575164 0.4599609375
7 0.6560457516339869 0.44140625 0.6797385620915033 0.44140625 0.6560457516339869 0.5048828125 0.6797385620915033 0.5048828125
7 0.9656862745098039 0.4072265625 0.9901960784313726 0.4072265625 0.9656862745098039 0.4580078125 0.9901960784313726 0.4580078125
7 0.9901960784313726 0.4091796875 0.9991830065359477 0.4091796875 0.9901960784313726 0.4697265625 0.9991830065359477 0.4697265625
0 0.28431372549019607 0.490234375 0.3006535947712418 0.490234375 0.28431372549019607 0.5322265625 0.3006535947712418 0.5322265625
13 0.5857843137254902 0.4248046875 0.5972222222222222 0.4248046875 0.5857843137254902 0.4375 0.5972222222222222 0.4375
13 0.6683006535947712 0.40625 0.7859477124183006 0.40625 0.6683006535947712 0.482421875 0.7859477124183006 0.482421875
2 0.47794117647058826 0.45703125 0.5081699346405228 0.45703125 0.47794117647058826 0.482421875 0.5081699346405228 0.482421875
2 0.46078431372549017 0.4560546875 0.48447712418300654 0.4560546875 0.46078431372549017 0.490234375 0.48447712418300654 0.490234375
2 0.42401960784313725 0.4560546875 0.46977124183006536 0.4560546875 0.42401960784313725 0.5009765625 0.46977124183006536 0.5009765625
2 0.5702614379084967 0.4228515625 0.5784313725490197 0.4228515625 0.5702614379084967 0.4306640625 0.5784313725490197 0.4306640625
2 0.5849673202614379 0.431640625 0.5955882352941176 0.431640625 0.5849673202614379 0.443359375 0.5955882352941176 0.443359375
2 0.5808823529411765 0.443359375 0.6168300653594772 0.443359375 0.5808823529411765 0.45703125 0.6168300653594772 0.45703125
2 0.6021241830065359 0.4326171875 0.6176470588235294 0.4326171875 0.6021241830065359 0.4462890625 0.6176470588235294 0.4462890625
2 0.7843137254901961 0.4267578125 0.8071895424836601 0.4267578125 0.7843137254901961 0.4677734375 0.8071895424836601 0.4677734375
2 0.7998366013071896 0.4267578125 0.8521241830065359 0.4267578125 0.7998366013071896 0.4677734375 0.8521241830065359 0.4677734375
2 0.5261437908496732 0.4501953125 0.5759803921568627 0.4501953125 0.5261437908496732 0.4912109375 0.5759803921568627 0.4912109375
2 0.5089869281045751 0.45703125 0.6895424836601307 0.45703125 0.5089869281045751 0.6474609375 0.6895424836601307 0.6474609375
2 0.545751633986928 0.419921875 0.553921568627451 0.419921875 0.545751633986928 0.427734375 0.553921568627451 0.427734375
7 0.28513071895424835 0.4716796875 0.3006535947712418 0.4716796875 0.28513071895424835 0.5244140625 0.3006535947712418 0.5244140625