7 0.2294921875 0.4544270833333333 0.24755859375 0.4544270833333333 0.2294921875 0.5299479166666666 0.24755859375 0.5299479166666666
7 0.2470703125 0.4524739583333333 0.263671875 0.4524739583333333 0.2470703125 0.53125 0.263671875 0.53125
7 0.26611328125 0.44140625 0.3046875 0.44140625 0.26611328125 0.6119791666666666 0.3046875 0.6119791666666666
7 0.2763671875 0.46484375 0.314453125 0.46484375 0.2763671875 0.6360677083333334 0.314453125 0.6360677083333334
7 0.3037109375 0.466796875 0.3671875 0.466796875 0.3037109375 0.6451822916666666 0.3671875 0.6451822916666666
7 0.38330078125 0.5006510416666666 0.46923828125 0.5006510416666666 0.38330078125 0.6848958333333334 0.46923828125 0.6848958333333334
7 0.35498046875 0.458984375 0.41259765625 0.458984375 0.35498046875 0.6516927083333334 0.41259765625 0.6516927083333334
7 0.3095703125 0.4583333333333333 0.33642578125 0.4583333333333333 0.3095703125 0.599609375 0.33642578125 0.599609375
7 0.4033203125 0.447265625 0.43115234375 0.447265625 0.4033203125 0.53515625 0.43115234375 0.53515625
7 0.4130859375 0.4778645833333333 0.46923828125 0.4778645833333333 0.4130859375 0.6751302083333334 0.46923828125 0.6751302083333334
7 0.462890625 0.466796875 0.50439453125 0.466796875 0.462890625 0.642578125 0.50439453125 0.642578125
7 0.49609375 0.466796875 0.56103515625 0.466796875 0.49609375 0.6848958333333334 0.56103515625 0.6848958333333334
7 0.5595703125 0.4856770833333333 0.63232421875 0.4856770833333333 0.5595703125 0.6927083333333334 0.63232421875 0.6927083333333334
7 0.72705078125 0.4694010416666667 0.791015625 0.4694010416666667 0.72705078125 0.71875 0.791015625 0.71875
7 0.744140625 0.4739583333333333 0.80322265625 0.4739583333333333 0.744140625 0.7154947916666666 0.80322265625 0.7154947916666666
2 0.0771484375 0.4674479166666667 0.1259765625 0.4674479166666667 0.0771484375 0.5143229166666666 0.1259765625 0.5143229166666666
2 0.13623046875 0.4700520833333333 0.23095703125 0.4700520833333333 0.13623046875 0.546875 0.23095703125 0.546875
2 0.63037109375 0.4908854166666667 0.8193359375 0.4908854166666667 0.63037109375 0.5865885416666666 0.8193359375 0.5865885416666666
2 0.86962890625 0.4720052083333333 0.9697265625 0.4720052083333333 0.86962890625 0.5618489583333334 0.9697265625 0.5618489583333334