4 0.565625 0.4296875 0.57890625 0.4296875 0.565625 0.4482421875 0.57890625 0.4482421875
4 0.48828125 0.3896484375 0.50078125 0.3896484375 0.48828125 0.408203125 0.50078125 0.408203125
9 0.7203125 0.41796875 0.7390625 0.41796875 0.7203125 0.4423828125 0.7390625 0.4423828125
9 0.06640625 0.435546875 0.08046875 0.435546875 0.06640625 0.4599609375 0.08046875 0.4599609375
9 0.29140625 0.4482421875 0.29921875 0.4482421875 0.29140625 0.4619140625 0.29921875 0.4619140625
9 0.95 0.37890625 0.96171875 0.37890625 0.95 0.4052734375 0.96171875 0.4052734375
2 0.52421875 0.47265625 0.55078125 0.47265625 0.52421875 0.4931640625 0.55078125 0.4931640625
2 0.46015625 0.4697265625 0.4875 0.4697265625 0.46015625 0.486328125 0.4875 0.486328125
2 0.57421875 0.462890625 0.6125 0.462890625 0.57421875 0.50390625 0.6125 0.50390625
2 0.35390625 0.4736328125 0.3703125 0.4736328125 0.35390625 0.494140625 0.3703125 0.494140625
2 0.1859375 0.5068359375 0.26640625 0.5068359375 0.1859375 0.576171875 0.26640625 0.576171875