4 0.06833333333333333 0.396875 0.07611111111111112 0.396875 0.06833333333333333 0.42 0.07611111111111112 0.42
4 0.2866666666666667 0.29125 0.2961111111111111 0.29125 0.2866666666666667 0.32125 0.2961111111111111 0.32125
4 0.3883333333333333 0.296875 0.3983333333333333 0.296875 0.3883333333333333 0.326875 0.3983333333333333 0.326875
4 0.5366666666666666 0.371875 0.5472222222222223 0.371875 0.5366666666666666 0.401875 0.5472222222222223 0.401875
4 0.7088888888888889 0.3625 0.7194444444444444 0.3625 0.7088888888888889 0.389375 0.7194444444444444 0.389375
4 0.9394444444444444 0.135 0.9638888888888889 0.135 0.9394444444444444 0.204375 0.9638888888888889 0.204375
4 0.74 0.086875 0.8016666666666666 0.086875 0.74 0.2275 0.8016666666666666 0.2275
9 0.7877777777777778 0.35875 0.8111111111111111 0.35875 0.7877777777777778 0.396875 0.8111111111111111 0.396875
9 0.5272222222222223 0.335625 0.5466666666666666 0.335625 0.5272222222222223 0.348125 0.5466666666666666 0.348125
9 0.30722222222222223 0.295625 0.3211111111111111 0.295625 0.30722222222222223 0.31125 0.3211111111111111 0.31125
7 0.044444444444444446 0.406875 0.11555555555555555 0.406875 0.044444444444444446 0.564375 0.11555555555555555 0.564375
7 0.050555555555555555 0.416875 0.11833333333333333 0.416875 0.050555555555555555 0.5575 0.11833333333333333 0.5575
7 0.15055555555555555 0.455 0.16055555555555556 0.455 0.15055555555555555 0.488125 0.16055555555555556 0.488125
7 0.19277777777777777 0.459375 0.19944444444444445 0.459375 0.19277777777777777 0.483125 0.19944444444444445 0.483125
7 0.2 0.454375 0.20833333333333334 0.454375 0.2 0.48375 0.20833333333333334 0.48375
7 0.7111111111111111 0.41375 0.7666666666666667 0.41375 0.7111111111111111 0.545 0.7666666666666667 0.545
7 0.6338888888888888 0.416875 0.7 0.416875 0.6338888888888888 0.56625 0.7 0.56625
7 0.6711111111111111 0.4125 0.745 0.4125 0.6711111111111111 0.55 0.745 0.55
7 0.6983333333333334 0.4025 0.7455555555555555 0.4025 0.6983333333333334 0.525 0.7455555555555555 0.525
7 0.755 0.384375 0.8266666666666667 0.384375 0.755 0.54 0.8266666666666667 0.54
7 0.5655555555555556 0.43625 0.5783333333333334 0.43625 0.5655555555555556 0.465625 0.5783333333333334 0.465625
0 0.08888888888888889 0.473125 0.11055555555555556 0.473125 0.08888888888888889 0.500625 0.11055555555555556 0.500625
2 0.19333333333333333 0.400625 0.6372222222222222 0.400625 0.19333333333333333 0.7725 0.6372222222222222 0.7725
2 0.2111111111111111 0.45625 0.24222222222222223 0.45625 0.2111111111111111 0.49 0.24222222222222223 0.49
2 0.23 0.45 0.26722222222222225 0.45 0.23 0.491875 0.26722222222222225 0.491875
2 0.3433333333333333 0.43875 0.42277777777777775 0.43875 0.3433333333333333 0.47875 0.42277777777777775 0.47875
2 0.75 0.425 0.8805555555555555 0.425 0.75 0.483125 0.8805555555555555 0.483125
2 0 0.474375 0.03277777777777778 0.474375 0 0.66875 0.03277777777777778 0.66875
7 0.09222222222222222 0.451875 0.1111111111111111 0.451875 0.09222222222222222 0.50125 0.1111111111111111 0.50125