7 0.11474609375 0.427734375 0.15478515625 0.427734375 0.11474609375 0.529296875 0.15478515625 0.529296875
7 0.06494140625 0.4388020833333333 0.09912109375 0.4388020833333333 0.06494140625 0.4837239583333333 0.09912109375 0.4837239583333333
7 0.41748046875 0.4934895833333333 0.42919921875 0.4934895833333333 0.41748046875 0.5358072916666666 0.42919921875 0.5358072916666666
2 0.83251953125 0.5234375 0.98291015625 0.5234375 0.83251953125 0.7037760416666666 0.98291015625 0.7037760416666666
2 0.52490234375 0.5006510416666666 0.64404296875 0.5006510416666666 0.52490234375 0.6217447916666666 0.64404296875 0.6217447916666666
2 0.4990234375 0.486328125 0.58740234375 0.486328125 0.4990234375 0.5768229166666666 0.58740234375 0.5768229166666666
2 0.4921875 0.4817708333333333 0.53466796875 0.4817708333333333 0.4921875 0.5501302083333334 0.53466796875 0.5501302083333334
2 0.474609375 0.5013020833333334 0.49267578125 0.5013020833333334 0.474609375 0.5377604166666666 0.49267578125 0.5377604166666666
2 0.43701171875 0.5045572916666666 0.4619140625 0.5045572916666666 0.43701171875 0.529296875 0.4619140625 0.529296875
2 0.37353515625 0.5006510416666666 0.39453125 0.5006510416666666 0.37353515625 0.5305989583333334 0.39453125 0.5305989583333334
2 0.3486328125 0.4908854166666667 0.37548828125 0.4908854166666667 0.3486328125 0.5299479166666666 0.37548828125 0.5299479166666666
2 0.33349609375 0.4856770833333333 0.3544921875 0.4856770833333333 0.33349609375 0.5345052083333334 0.3544921875 0.5345052083333334
2 0.2978515625 0.48828125 0.345703125 0.48828125 0.2978515625 0.537109375 0.345703125 0.537109375
2 0.25927734375 0.484375 0.29931640625 0.484375 0.25927734375 0.5475260416666666 0.29931640625 0.5475260416666666
2 0.20361328125 0.4837239583333333 0.27783203125 0.4837239583333333 0.20361328125 0.5553385416666666 0.27783203125 0.5553385416666666
2 0.14990234375 0.4811197916666667 0.2138671875 0.4811197916666667 0.14990234375 0.5755208333333334 0.2138671875 0.5755208333333334
2 0.14501953125 0.5078125 0.17919921875 0.5078125 0.14501953125 0.5807291666666666 0.17919921875 0.5807291666666666
2 0.0185546875 0.4791666666666667 0.16552734375 0.4791666666666667 0.0185546875 0.7721354166666666 0.16552734375 0.7721354166666666