1 0.22705078125 0.5 0.31689453125 0.5 0.22705078125 0.5358072916666666 0.31689453125 0.5358072916666666
1 0.34423828125 0.4830729166666667 0.3994140625 0.4830729166666667 0.34423828125 0.552734375 0.3994140625 0.552734375
7 0.4794921875 0.51171875 0.5009765625 0.51171875 0.4794921875 0.595703125 0.5009765625 0.595703125
7 0.50830078125 0.5065104166666666 0.529296875 0.5065104166666666 0.50830078125 0.5891927083333334 0.529296875 0.5891927083333334
7 0.4873046875 0.5625 0.564453125 0.5625 0.4873046875 0.74609375 0.564453125 0.74609375
7 0.60498046875 0.517578125 0.62939453125 0.517578125 0.60498046875 0.6243489583333334 0.62939453125 0.6243489583333334
7 0.6611328125 0.4954427083333333 0.7373046875 0.4954427083333333 0.6611328125 0.7805989583333334 0.7373046875 0.7805989583333334
7 0.75927734375 0.50390625 0.802734375 0.50390625 0.75927734375 0.6588541666666666 0.802734375 0.6588541666666666
7 0.80810546875 0.4986979166666667 0.84716796875 0.4986979166666667 0.80810546875 0.7252604166666666 0.84716796875 0.7252604166666666
7 0.81689453125 0.4850260416666667 0.90966796875 0.4850260416666667 0.81689453125 0.7877604166666666 0.90966796875 0.7877604166666666
7 0.876953125 0.4837239583333333 0.91650390625 0.4837239583333333 0.876953125 0.615234375 0.91650390625 0.615234375
7 0.91845703125 0.4778645833333333 0.9697265625 0.4778645833333333 0.91845703125 0.7180989583333334 0.9697265625 0.7180989583333334
0 0.83251953125 0.6080729166666666 0.90966796875 0.6080729166666666 0.83251953125 0.8053385416666666 0.90966796875 0.8053385416666666
2 0.26416015625 0.5234375 0.287109375 0.5234375 0.26416015625 0.541015625 0.287109375 0.541015625
2 0.373046875 0.52734375 0.43994140625 0.52734375 0.373046875 0.595703125 0.43994140625 0.595703125
10 0.6435546875 0.65625 0.6689453125 0.65625 0.6435546875 0.7037760416666666 0.6689453125 0.7037760416666666
10 0.51416015625 0.6555989583333334 0.54296875 0.6555989583333334 0.51416015625 0.7356770833333334 0.54296875 0.7356770833333334