9 0.6083333333333333 0.395625 0.6261111111111111 0.395625 0.6083333333333333 0.41625 0.6261111111111111 0.41625
9 0.3022222222222222 0.37 0.32555555555555554 0.37 0.3022222222222222 0.39375 0.32555555555555554 0.39375
7 0.7777777777777778 0.434375 0.8461111111111111 0.434375 0.7777777777777778 0.564375 0.8461111111111111 0.564375
7 0.7622222222222222 0.44 0.805 0.44 0.7622222222222222 0.566875 0.805 0.566875
7 0.7233333333333334 0.45 0.7727777777777778 0.45 0.7233333333333334 0.5725 0.7727777777777778 0.5725
7 0.6772222222222222 0.398125 0.73 0.398125 0.6772222222222222 0.581875 0.73 0.581875
7 0.5716666666666667 0.44875 0.5994444444444444 0.44875 0.5716666666666667 0.519375 0.5994444444444444 0.519375
7 0.555 0.4375 0.5766666666666667 0.4375 0.555 0.496875 0.5766666666666667 0.496875
7 0.5905555555555555 0.44875 0.6066666666666667 0.44875 0.5905555555555555 0.494375 0.6066666666666667 0.494375
0 0.5833333333333334 0.45625 0.675 0.45625 0.5833333333333334 0.53375 0.675 0.53375
2 0.5283333333333333 0.445 0.5616666666666666 0.445 0.5283333333333333 0.488125 0.5616666666666666 0.488125
2 0.5038888888888889 0.44875 0.5333333333333333 0.44875 0.5038888888888889 0.4775 0.5333333333333333 0.4775
2 0.4766666666666667 0.431875 0.5183333333333333 0.431875 0.4766666666666667 0.505 0.5183333333333333 0.505
2 0.3761111111111111 0.42125 0.4955555555555556 0.42125 0.3761111111111111 0.54375 0.4955555555555556 0.54375
7 0.6261111111111111 0.405625 0.6683333333333333 0.405625 0.6261111111111111 0.513125 0.6683333333333333 0.513125
5 0.2872222222222222 0.45625 0.3705555555555556 0.45625 0.2872222222222222 0.51625 0.3705555555555556 0.51625