1 0.60302734375 0.4921875 0.63916015625 0.4921875 0.60302734375 0.5455729166666666 0.63916015625 0.5455729166666666
1 0.48583984375 0.501953125 0.56591796875 0.501953125 0.48583984375 0.53125 0.56591796875 0.53125
9 0.810546875 0.4244791666666667 0.8408203125 0.4244791666666667 0.810546875 0.4759114583333333 0.8408203125 0.4759114583333333
9 0.8046875 0.4348958333333333 0.81005859375 0.4348958333333333 0.8046875 0.4641927083333333 0.81005859375 0.4641927083333333
7 0.89794921875 0.5162760416666666 0.9169921875 0.5162760416666666 0.89794921875 0.5690104166666666 0.9169921875 0.5690104166666666
7 0.88232421875 0.5188802083333334 0.89599609375 0.5188802083333334 0.88232421875 0.5729166666666666 0.89599609375 0.5729166666666666
7 0.8642578125 0.5201822916666666 0.8837890625 0.5201822916666666 0.8642578125 0.5631510416666666 0.8837890625 0.5631510416666666
7 0.84716796875 0.51953125 0.8642578125 0.51953125 0.84716796875 0.6028645833333334 0.8642578125 0.6028645833333334
7 0.8291015625 0.5130208333333334 0.8525390625 0.5130208333333334 0.8291015625 0.6158854166666666 0.8525390625 0.6158854166666666
7 0.2958984375 0.5201822916666666 0.318359375 0.5201822916666666 0.2958984375 0.5768229166666666 0.318359375 0.5768229166666666
7 0.2822265625 0.513671875 0.2939453125 0.513671875 0.2822265625 0.5774739583333334 0.2939453125 0.5774739583333334
7 0.2685546875 0.5149739583333334 0.28173828125 0.5149739583333334 0.2685546875 0.5774739583333334 0.28173828125 0.5774739583333334
0 0.9013671875 0.5533854166666666 0.96826171875 0.5533854166666666 0.9013671875 0.61328125 0.96826171875 0.61328125
0 0.88916015625 0.5572916666666666 0.94873046875 0.5572916666666666 0.88916015625 0.6119791666666666 0.94873046875 0.6119791666666666
0 0.865234375 0.5533854166666666 0.89013671875 0.5533854166666666 0.865234375 0.609375 0.89013671875 0.609375
2 0.62939453125 0.52734375 0.669921875 0.52734375 0.62939453125 0.5709635416666666 0.669921875 0.5709635416666666
2 0.58251953125 0.50390625 0.6044921875 0.50390625 0.58251953125 0.54296875 0.6044921875 0.54296875
2 0.55712890625 0.51953125 0.58251953125 0.51953125 0.55712890625 0.544921875 0.58251953125 0.544921875
2 0.5400390625 0.5266927083333334 0.55224609375 0.5266927083333334 0.5400390625 0.5390625 0.55224609375 0.5390625
7 0.72509765625 0.5149739583333334 0.75146484375 0.5149739583333334 0.72509765625 0.6282552083333334 0.75146484375 0.6282552083333334
7 0.6884765625 0.5052083333333334 0.7255859375 0.5052083333333334 0.6884765625 0.6334635416666666 0.7255859375 0.6334635416666666
3 0.212890625 0.5546875 0.2333984375 0.5546875 0.212890625 0.5983072916666666 0.2333984375 0.5983072916666666
10 0.69287109375 0.6321614583333334 0.71728515625 0.6321614583333334 0.69287109375 0.640625 0.71728515625 0.640625
10 0.72998046875 0.626953125 0.748046875 0.626953125 0.72998046875 0.6354166666666666 0.748046875 0.6354166666666666