9 0.6305555555555555 0.406875 0.6416666666666667 0.406875 0.6305555555555555 0.42625 0.6416666666666667 0.42625
9 0.7266666666666667 0.343125 0.7566666666666667 0.343125 0.7266666666666667 0.38 0.7566666666666667 0.38
9 0.7372222222222222 0.47 0.7694444444444445 0.47 0.7372222222222222 0.53625 0.7694444444444445 0.53625
7 0.23944444444444443 0.46 0.25166666666666665 0.46 0.23944444444444443 0.50875 0.25166666666666665 0.50875
7 0.27444444444444444 0.469375 0.2838888888888889 0.469375 0.27444444444444444 0.5 0.2838888888888889 0.5
0 0.7461111111111111 0.4475 0.8111111111111111 0.4475 0.7461111111111111 0.565625 0.8111111111111111 0.565625
0 0.7766666666666666 0.46375 0.8366666666666667 0.46375 0.7766666666666666 0.563125 0.8366666666666667 0.563125
0 0.8155555555555556 0.4525 0.8705555555555555 0.4525 0.8155555555555556 0.558125 0.8705555555555555 0.558125
0 0.8533333333333334 0.469375 0.9294444444444444 0.469375 0.8533333333333334 0.61625 0.9294444444444444 0.61625
0 0.8855555555555555 0.4525 0.9877777777777778 0.4525 0.8855555555555555 0.603125 0.9877777777777778 0.603125
0 0.9688888888888889 0.44375 0.9994444444444445 0.44375 0.9688888888888889 0.52375 0.9994444444444445 0.52375
0 0.6544444444444445 0.47 0.6822222222222222 0.47 0.6544444444444445 0.513125 0.6822222222222222 0.513125
0 0.6316666666666667 0.47125 0.65 0.47125 0.6316666666666667 0.515625 0.65 0.515625
0 0.6094444444444445 0.474375 0.6316666666666667 0.474375 0.6094444444444445 0.5125 0.6316666666666667 0.5125
0 0.5905555555555555 0.4725 0.6033333333333334 0.4725 0.5905555555555555 0.504375 0.6033333333333334 0.504375
0 0.5744444444444444 0.470625 0.5866666666666667 0.470625 0.5744444444444444 0.49625 0.5866666666666667 0.49625
0 0.37222222222222223 0.471875 0.39055555555555554 0.471875 0.37222222222222223 0.50375 0.39055555555555554 0.50375
0 0.3288888888888889 0.475625 0.3488888888888889 0.475625 0.3288888888888889 0.50875 0.3488888888888889 0.50875
0 0.4622222222222222 0.473125 0.4677777777777778 0.473125 0.4622222222222222 0.488125 0.4677777777777778 0.488125
0 0.20944444444444443 0.4675 0.23333333333333334 0.4675 0.20944444444444443 0.5425 0.23333333333333334 0.5425
0 0.175 0.46875 0.21 0.46875 0.175 0.540625 0.21 0.540625
2 0.4488888888888889 0.4675 0.46055555555555555 0.4675 0.4488888888888889 0.485 0.46055555555555555 0.485
2 0.44555555555555554 0.47 0.4527777777777778 0.47 0.44555555555555554 0.486875 0.4527777777777778 0.486875
2 0.43444444444444447 0.468125 0.4494444444444444 0.468125 0.43444444444444447 0.489375 0.4494444444444444 0.489375
2 0.41055555555555556 0.469375 0.43444444444444447 0.469375 0.41055555555555556 0.491875 0.43444444444444447 0.491875
2 0.4288888888888889 0.47 0.44277777777777777 0.47 0.4288888888888889 0.490625 0.44277777777777777 0.490625
2 0.3827777777777778 0.469375 0.41444444444444445 0.469375 0.3827777777777778 0.49625 0.41444444444444445 0.49625
2 0.30666666666666664 0.466875 0.34055555555555556 0.466875 0.30666666666666664 0.48 0.34055555555555556 0.48
2 0.9183333333333333 0.45375 0.9938888888888889 0.45375 0.9183333333333333 0.51375 0.9938888888888889 0.51375
7 0.4627777777777778 0.468125 0.4672222222222222 0.468125 0.4627777777777778 0.481875 0.4672222222222222 0.481875
3 0.9611111111111111 0.51625 0.9994444444444445 0.51625 0.9611111111111111 0.658125 0.9994444444444445 0.658125