4 0.2246732026143791 0.3955078125 0.2361111111111111 0.3955078125 0.2246732026143791 0.439453125 0.2361111111111111 0.439453125
4 0.1380718954248366 0.298828125 0.15196078431372548 0.298828125 0.1380718954248366 0.3134765625 0.15196078431372548 0.3134765625
4 0.2238562091503268 0.0478515625 0.27450980392156865 0.0478515625 0.2238562091503268 0.2138671875 0.27450980392156865 0.2138671875
4 0.2704248366013072 0.173828125 0.2957516339869281 0.173828125 0.2704248366013072 0.2314453125 0.2957516339869281 0.2314453125
4 0.8848039215686274 0.220703125 0.9199346405228758 0.220703125 0.8848039215686274 0.3251953125 0.9199346405228758 0.3251953125
4 0.8872549019607843 0.3857421875 0.8929738562091504 0.3857421875 0.8872549019607843 0.3955078125 0.8929738562091504 0.3955078125
9 0.2647058823529412 0.3876953125 0.2900326797385621 0.3876953125 0.2647058823529412 0.4013671875 0.2900326797385621 0.4013671875
9 0.2647058823529412 0.4013671875 0.28921568627450983 0.4013671875 0.2647058823529412 0.41015625 0.28921568627450983 0.41015625
9 0.2622549019607843 0.4091796875 0.2883986928104575 0.4091796875 0.2622549019607843 0.4287109375 0.2883986928104575 0.4287109375
9 0.6454248366013072 0.44140625 0.6593137254901961 0.44140625 0.6454248366013072 0.45703125 0.6593137254901961 0.45703125
9 0.18218954248366012 0.1083984375 0.19934640522875818 0.1083984375 0.18218954248366012 0.2109375 0.19934640522875818 0.2109375
9 0.16339869281045752 0.03515625 0.22794117647058823 0.03515625 0.16339869281045752 0.107421875 0.22794117647058823 0.107421875
9 0.8529411764705882 0.4658203125 0.8684640522875817 0.4658203125 0.8529411764705882 0.5 0.8684640522875817 0.5
9 0.6503267973856209 0.3701171875 0.6797385620915033 0.3701171875 0.6503267973856209 0.4033203125 0.6797385620915033 0.4033203125
7 0.1772875816993464 0.361328125 0.2246732026143791 0.361328125 0.1772875816993464 0.4970703125 0.2246732026143791 0.4970703125
7 0.44362745098039214 0.3935546875 0.45179738562091504 0.3935546875 0.44362745098039214 0.4248046875 0.45179738562091504 0.4248046875
2 0.4934640522875817 0.4033203125 0.5040849673202614 0.4033203125 0.4934640522875817 0.416015625 0.5040849673202614 0.416015625
2 0.5040849673202614 0.404296875 0.5245098039215687 0.404296875 0.5040849673202614 0.4189453125 0.5245098039215687 0.4189453125
2 0.5261437908496732 0.4052734375 0.5416666666666666 0.4052734375 0.5261437908496732 0.419921875 0.5416666666666666 0.419921875
2 0.670751633986928 0.4248046875 0.7475490196078431 0.4248046875 0.670751633986928 0.478515625 0.7475490196078431 0.478515625