1 0.5375816993464052 0.4423828125 0.7826797385620915 0.4423828125 0.5375816993464052 0.5439453125 0.7826797385620915 0.5439453125
4 0.8022875816993464 0.39453125 0.8186274509803921 0.39453125 0.8022875816993464 0.4501953125 0.8186274509803921 0.4501953125
4 0.798202614379085 0.513671875 0.8055555555555556 0.513671875 0.798202614379085 0.5400390625 0.8055555555555556 0.5400390625
4 0.7883986928104575 0.44140625 0.8022875816993464 0.44140625 0.7883986928104575 0.462890625 0.8022875816993464 0.462890625
4 0.923202614379085 0.3603515625 0.9452614379084967 0.3603515625 0.923202614379085 0.416015625 0.9452614379084967 0.416015625
4 0.34395424836601307 0.4765625 0.352124183006536 0.4765625 0.34395424836601307 0.5078125 0.352124183006536 0.5078125
4 0.33578431372549017 0.3115234375 0.3562091503267974 0.3115234375 0.33578431372549017 0.373046875 0.3562091503267974 0.373046875
4 0.016339869281045753 0.4853515625 0.022058823529411766 0.4853515625 0.016339869281045753 0.494140625 0.022058823529411766 0.494140625
4 0.1053921568627451 0.47265625 0.119281045751634 0.47265625 0.1053921568627451 0.494140625 0.119281045751634 0.494140625
4 0.3235294117647059 0.431640625 0.3366013071895425 0.431640625 0.3235294117647059 0.4443359375 0.3366013071895425 0.4443359375
4 0.3464052287581699 0.4365234375 0.35947712418300654 0.4365234375 0.3464052287581699 0.4501953125 0.35947712418300654 0.4501953125
9 0.9215686274509803 0.4169921875 0.9428104575163399 0.4169921875 0.9215686274509803 0.4638671875 0.9428104575163399 0.4638671875
9 0.7001633986928104 0.5 0.7116013071895425 0.5 0.7001633986928104 0.5244140625 0.7116013071895425 0.5244140625
9 0.6650326797385621 0.5009765625 0.6911764705882353 0.5009765625 0.6650326797385621 0.5244140625 0.6911764705882353 0.5244140625
9 0.32189542483660133 0.384765625 0.35049019607843135 0.384765625 0.32189542483660133 0.4287109375 0.35049019607843135 0.4287109375
7 0.755718954248366 0.5 0.7769607843137255 0.5 0.755718954248366 0.5576171875 0.7769607843137255 0.5576171875
7 0.8848039215686274 0.5029296875 0.9060457516339869 0.5029296875 0.8848039215686274 0.5537109375 0.9060457516339869 0.5537109375
7 0.8504901960784313 0.509765625 0.8700980392156863 0.509765625 0.8504901960784313 0.5595703125 0.8700980392156863 0.5595703125
7 0.34558823529411764 0.490234375 0.37254901960784315 0.490234375 0.34558823529411764 0.5947265625 0.37254901960784315 0.5947265625
7 0.3741830065359477 0.498046875 0.380718954248366 0.498046875 0.3741830065359477 0.5234375 0.380718954248366 0.5234375
7 0.3790849673202614 0.4970703125 0.3872549019607843 0.4970703125 0.3790849673202614 0.5224609375 0.3872549019607843 0.5224609375
7 0.38643790849673204 0.4970703125 0.3937908496732026 0.4970703125 0.38643790849673204 0.5244140625 0.3937908496732026 0.5244140625
7 0.397875816993464 0.4970703125 0.40441176470588236 0.4970703125 0.397875816993464 0.5244140625 0.40441176470588236 0.5244140625
7 0.30310457516339867 0.49609375 0.3137254901960784 0.49609375 0.30310457516339867 0.53125 0.3137254901960784 0.53125
7 0.30718954248366015 0.4775390625 0.3145424836601307 0.4775390625 0.30718954248366015 0.4931640625 0.3145424836601307 0.4931640625
7 0.2785947712418301 0.4794921875 0.28594771241830064 0.4794921875 0.2785947712418301 0.5029296875 0.28594771241830064 0.5029296875
7 0.2426470588235294 0.5 0.25326797385620914 0.5 0.2426470588235294 0.53515625 0.25326797385620914 0.53515625
7 0.2107843137254902 0.498046875 0.22794117647058823 0.498046875 0.2107843137254902 0.5419921875 0.22794117647058823 0.5419921875
7 0.22712418300653595 0.4951171875 0.23937908496732027 0.4951171875 0.22712418300653595 0.5322265625 0.23937908496732027 0.5322265625
7 0.1977124183006536 0.501953125 0.20915032679738563 0.501953125 0.1977124183006536 0.5380859375 0.20915032679738563 0.5380859375
7 0.18137254901960784 0.5 0.19362745098039216 0.5 0.18137254901960784 0.53515625 0.19362745098039216 0.53515625
7 0.13480392156862744 0.533203125 0.1568627450980392 0.533203125 0.13480392156862744 0.607421875 0.1568627450980392 0.607421875
7 0.10866013071895425 0.5107421875 0.12826797385620914 0.5107421875 0.10866013071895425 0.609375 0.12826797385620914 0.609375
7 0.12990196078431374 0.4990234375 0.15849673202614378 0.4990234375 0.12990196078431374 0.60546875 0.15849673202614378 0.60546875
7 0.14950980392156862 0.505859375 0.16584967320261437 0.505859375 0.14950980392156862 0.6005859375 0.16584967320261437 0.6005859375
7 0.07679738562091504 0.50390625 0.0988562091503268 0.50390625 0.07679738562091504 0.5703125 0.0988562091503268 0.5703125
7 0 0.494140625 0.028594771241830064 0.494140625 0 0.5986328125 0.028594771241830064 0.5986328125
7 0.02287581699346405 0.5029296875 0.05065359477124183 0.5029296875 0.02287581699346405 0.6064453125 0.05065359477124183 0.6064453125
0 0.16993464052287582 0.529296875 0.19117647058823528 0.529296875 0.16993464052287582 0.583984375 0.19117647058823528 0.583984375
0 0.049019607843137254 0.5322265625 0.10702614379084967 0.5322265625 0.049019607843137254 0.6279296875 0.10702614379084967 0.6279296875
5 0.4730392156862745 0.55078125 0.5253267973856209 0.55078125 0.4730392156862745 0.646484375 0.5253267973856209 0.646484375
2 0.5563725490196079 0.5126953125 0.6805555555555556 0.5126953125 0.5563725490196079 0.626953125 0.6805555555555556 0.626953125
2 0.4215686274509804 0.501953125 0.5179738562091504 0.501953125 0.4215686274509804 0.6025390625 0.5179738562091504 0.6025390625
2 0.5081699346405228 0.501953125 0.5383986928104575 0.501953125 0.5081699346405228 0.541015625 0.5383986928104575 0.541015625
2 0.4803921568627451 0.4921875 0.5016339869281046 0.4921875 0.4803921568627451 0.501953125 0.5016339869281046 0.501953125
2 0.5040849673202614 0.4931640625 0.5220588235294118 0.4931640625 0.5040849673202614 0.5029296875 0.5220588235294118 0.5029296875
7 0.46977124183006536 0.498046875 0.5277777777777778 0.498046875 0.46977124183006536 0.591796875 0.5277777777777778 0.591796875