13 0.6168300653594772 0.458984375 0.6266339869281046 0.458984375 0.6168300653594772 0.4736328125 0.6266339869281046 0.4736328125
2 0.3570261437908497 0.484375 0.4256535947712418 0.484375 0.3570261437908497 0.54296875 0.4256535947712418 0.54296875
2 0.48284313725490197 0.478515625 0.5555555555555556 0.478515625 0.48284313725490197 0.5517578125 0.5555555555555556 0.5517578125
2 0.5204248366013072 0.474609375 0.5334967320261438 0.474609375 0.5204248366013072 0.478515625 0.5334967320261438 0.478515625
2 0.5416666666666666 0.4697265625 0.5531045751633987 0.4697265625 0.5416666666666666 0.4833984375 0.5531045751633987 0.4833984375
2 0.5514705882352942 0.4697265625 0.5669934640522876 0.4697265625 0.5514705882352942 0.4853515625 0.5669934640522876 0.4853515625
2 0.5637254901960784 0.46875 0.5686274509803921 0.46875 0.5637254901960784 0.4755859375 0.5686274509803921 0.4755859375
2 0.5694444444444444 0.46875 0.5784313725490197 0.46875 0.5694444444444444 0.4765625 0.5784313725490197 0.4765625
2 0.5800653594771242 0.4697265625 0.5882352941176471 0.4697265625 0.5800653594771242 0.4755859375 0.5882352941176471 0.4755859375
2 0.5980392156862745 0.4677734375 0.6070261437908496 0.4677734375 0.5980392156862745 0.4755859375 0.6070261437908496 0.4755859375
2 0.6070261437908496 0.4658203125 0.613562091503268 0.4658203125 0.6070261437908496 0.4716796875 0.613562091503268 0.4716796875
2 0.6151960784313726 0.4638671875 0.6176470588235294 0.4638671875 0.6151960784313726 0.4716796875 0.6176470588235294 0.4716796875
2 0.6282679738562091 0.4638671875 0.6348039215686274 0.4638671875 0.6282679738562091 0.4697265625 0.6348039215686274 0.4697265625