4 0.075 0.42125 0.08333333333333333 0.42125 0.075 0.4375 0.08333333333333333 0.4375
4 0.25555555555555554 0.39 0.26555555555555554 0.39 0.25555555555555554 0.425 0.26555555555555554 0.425
4 0.55 0.381875 0.5594444444444444 0.381875 0.55 0.410625 0.5594444444444444 0.410625
4 0.4955555555555556 0.418125 0.5033333333333333 0.418125 0.4955555555555556 0.428125 0.5033333333333333 0.428125
4 0.7455555555555555 0.369375 0.7627777777777778 0.369375 0.7455555555555555 0.401875 0.7627777777777778 0.401875
4 0.3894444444444444 0.4225 0.39444444444444443 0.4225 0.3894444444444444 0.430625 0.39444444444444443 0.430625
9 0.74 0.36375 0.7688888888888888 0.36375 0.74 0.41625 0.7688888888888888 0.41625
9 0.5488888888888889 0.410625 0.5611111111111111 0.410625 0.5488888888888889 0.430625 0.5611111111111111 0.430625
7 0.6411111111111111 0.4325 0.6522222222222223 0.4325 0.6411111111111111 0.469375 0.6522222222222223 0.469375
7 0.6266666666666667 0.43375 0.6377777777777778 0.43375 0.6266666666666667 0.473125 0.6377777777777778 0.473125
7 0.59 0.4325 0.6005555555555555 0.4325 0.59 0.469375 0.6005555555555555 0.469375
7 0.605 0.430625 0.6183333333333333 0.430625 0.605 0.470625 0.6183333333333333 0.470625
7 0.07888888888888888 0.443125 0.0961111111111111 0.443125 0.07888888888888888 0.503125 0.0961111111111111 0.503125
7 0.10555555555555556 0.44125 0.1238888888888889 0.44125 0.10555555555555556 0.503125 0.1238888888888889 0.503125
2 0.2627777777777778 0.43625 0.3661111111111111 0.43625 0.2627777777777778 0.515 0.3661111111111111 0.515
2 0.36833333333333335 0.441875 0.41888888888888887 0.441875 0.36833333333333335 0.4825 0.41888888888888887 0.4825
2 0.41555555555555557 0.43875 0.5027777777777778 0.43875 0.41555555555555557 0.5225 0.5027777777777778 0.5225