4 0.45944444444444443 0.1925 0.47555555555555556 0.1925 0.45944444444444443 0.21625 0.47555555555555556 0.21625
4 0.74 0.335 0.7583333333333333 0.335 0.74 0.358125 0.7583333333333333 0.358125
4 0.7427777777777778 0.38 0.7516666666666667 0.38 0.7427777777777778 0.3975 0.7516666666666667 0.3975
9 0.7183333333333334 0.35875 0.7561111111111111 0.35875 0.7183333333333334 0.374375 0.7561111111111111 0.374375
9 0.7183333333333334 0.3125 0.7372222222222222 0.3125 0.7183333333333334 0.35375 0.7372222222222222 0.35375
9 0.6027777777777777 0.403125 0.6188888888888889 0.403125 0.6027777777777777 0.425 0.6188888888888889 0.425
9 0.5294444444444445 0.405625 0.5388888888888889 0.405625 0.5294444444444445 0.4175 0.5388888888888889 0.4175
9 0.7377777777777778 0.435 0.7433333333333333 0.435 0.7377777777777778 0.445625 0.7433333333333333 0.445625
7 0.6855555555555556 0.43375 0.7016666666666667 0.43375 0.6855555555555556 0.5 0.7016666666666667 0.5
7 0.7016666666666667 0.43375 0.7161111111111111 0.43375 0.7016666666666667 0.4975 0.7161111111111111 0.4975
7 0.8805555555555555 0.075625 0.9994444444444445 0.075625 0.8805555555555555 0.999375 0.9994444444444445 0.999375
2 0.385 0.475 0.39611111111111114 0.475 0.385 0.485 0.39611111111111114 0.485