4 0.058333333333333334 0.34125 0.07777777777777778 0.34125 0.058333333333333334 0.395 0.07777777777777778 0.395
4 0.08611111111111111 0.40125 0.09944444444444445 0.40125 0.08611111111111111 0.421875 0.09944444444444445 0.421875
4 0.43277777777777776 0.436875 0.43944444444444447 0.436875 0.43277777777777776 0.445 0.43944444444444447 0.445
4 0.5905555555555555 0.3175 0.6177777777777778 0.3175 0.5905555555555555 0.38125 0.6177777777777778 0.38125
4 0.5916666666666667 0.385625 0.6061111111111112 0.385625 0.5916666666666667 0.405 0.6061111111111112 0.405
4 0.8044444444444444 0.305625 0.8244444444444444 0.305625 0.8044444444444444 0.35625 0.8244444444444444 0.35625
9 0.43222222222222223 0.431875 0.4438888888888889 0.431875 0.43222222222222223 0.43625 0.4438888888888889 0.43625
9 0.5344444444444445 0.409375 0.5411111111111111 0.409375 0.5344444444444445 0.4175 0.5411111111111111 0.4175
9 0.5338888888888889 0.41875 0.5422222222222223 0.41875 0.5338888888888889 0.430625 0.5422222222222223 0.430625
9 0.5444444444444444 0.39125 0.5583333333333333 0.39125 0.5444444444444444 0.410625 0.5583333333333333 0.410625
9 0.8094444444444444 0.354375 0.83 0.354375 0.8094444444444444 0.370625 0.83 0.370625
9 0.8494444444444444 0.36375 0.8711111111111111 0.36375 0.8494444444444444 0.375 0.8711111111111111 0.375
7 0.44722222222222224 0.379375 0.555 0.379375 0.44722222222222224 0.71875 0.555 0.71875
7 0.5388888888888889 0.358125 0.625 0.358125 0.5388888888888889 0.73875 0.625 0.73875
7 0.8344444444444444 0.325 0.9616666666666667 0.325 0.8344444444444444 0.724375 0.9616666666666667 0.724375
2 0 0.465625 0.06777777777777778 0.465625 0 0.54625 0.06777777777777778 0.54625
2 0.22 0.45 0.275 0.45 0.22 0.4975 0.275 0.4975
2 0.26611111111111113 0.444375 0.33555555555555555 0.444375 0.26611111111111113 0.495 0.33555555555555555 0.495
2 0.42944444444444446 0.455 0.44666666666666666 0.455 0.42944444444444446 0.4675 0.44666666666666666 0.4675