9 0.64921875 0.404296875 0.6640625 0.404296875 0.64921875 0.4140625 0.6640625 0.4140625
9 0.6359375 0.357421875 0.67421875 0.357421875 0.6359375 0.4033203125 0.67421875 0.4033203125
9 0.6359375 0.4150390625 0.64296875 0.4150390625 0.6359375 0.44140625 0.64296875 0.44140625
9 0.16875 0.447265625 0.17734375 0.447265625 0.16875 0.453125 0.17734375 0.453125
9 0.16328125 0.4248046875 0.18203125 0.4248046875 0.16328125 0.4482421875 0.18203125 0.4482421875
7 0.61328125 0.453125 0.63203125 0.453125 0.61328125 0.5126953125 0.63203125 0.5126953125
7 0.59453125 0.4501953125 0.61171875 0.4501953125 0.59453125 0.509765625 0.61171875 0.509765625
7 0.5796875 0.4599609375 0.59140625 0.4599609375 0.5796875 0.5 0.59140625 0.5
7 0.53515625 0.4541015625 0.54375 0.4541015625 0.53515625 0.4755859375 0.54375 0.4755859375
7 0.49375 0.453125 0.5046875 0.453125 0.49375 0.478515625 0.5046875 0.478515625
7 0.15546875 0.4833984375 0.16953125 0.4833984375 0.15546875 0.5380859375 0.16953125 0.5380859375
7 0.13828125 0.486328125 0.1546875 0.486328125 0.13828125 0.5390625 0.1546875 0.5390625
0 0.73984375 0.4970703125 0.7703125 0.4970703125 0.73984375 0.5322265625 0.7703125 0.5322265625
0 0.2734375 0.53125 0.29609375 0.53125 0.2734375 0.599609375 0.29609375 0.599609375
2 0.80703125 0.685546875 0.99921875 0.685546875 0.80703125 0.9990234375 0.99921875 0.9990234375
2 0.66875 0.5634765625 0.99921875 0.5634765625 0.66875 0.8330078125 0.99921875 0.8330078125
2 0.60390625 0.521484375 0.8015625 0.521484375 0.60390625 0.7119140625 0.8015625 0.7119140625
2 0.76640625 0.4443359375 0.984375 0.4443359375 0.76640625 0.5751953125 0.984375 0.5751953125
2 0.4640625 0.47265625 0.57109375 0.47265625 0.4640625 0.5224609375 0.57109375 0.5224609375
2 0.36015625 0.48046875 0.40546875 0.48046875 0.36015625 0.5166015625 0.40546875 0.5166015625
2 0.35234375 0.4794921875 0.375 0.4794921875 0.35234375 0.5126953125 0.375 0.5126953125
2 0.34296875 0.47265625 0.37734375 0.47265625 0.34296875 0.509765625 0.37734375 0.509765625
2 0.334375 0.484375 0.34609375 0.484375 0.334375 0.509765625 0.34609375 0.509765625
2 0.32265625 0.4775390625 0.34765625 0.4775390625 0.32265625 0.505859375 0.34765625 0.505859375
2 0.30859375 0.478515625 0.32734375 0.478515625 0.30859375 0.5048828125 0.32734375 0.5048828125
2 0.303125 0.4794921875 0.31484375 0.4794921875 0.303125 0.50390625 0.31484375 0.50390625
2 0.29453125 0.4775390625 0.30859375 0.4775390625 0.29453125 0.5 0.30859375 0.5
2 0.25 0.4873046875 0.2921875 0.4873046875 0.25 0.5400390625 0.2921875 0.5400390625
2 0.24140625 0.4775390625 0.26875 0.4775390625 0.24140625 0.509765625 0.26875 0.509765625
2 0.2265625 0.4814453125 0.2421875 0.4814453125 0.2265625 0.5009765625 0.2421875 0.5009765625
2 0.190625 0.4736328125 0.234375 0.4736328125 0.190625 0.529296875 0.234375 0.529296875
2 0 0.509765625 0.0609375 0.509765625 0 0.6005859375 0.0609375 0.6005859375
7 0.26875 0.4833984375 0.3015625 0.4833984375 0.26875 0.591796875 0.3015625 0.591796875
2 0.540625 0.4609375 0.59609375 0.4609375 0.540625 0.4931640625 0.59609375 0.4931640625
9 0.63671875 0.44140625 0.64140625 0.44140625 0.63671875 0.451171875 0.64140625 0.451171875