0 0.15185546875 0.57421875 0.212890625 0.57421875 0.15185546875 0.6490885416666666 0.212890625 0.6490885416666666
2 0.03173828125 0.4934895833333333 0.15185546875 0.4934895833333333 0.03173828125 0.6744791666666666 0.15185546875 0.6744791666666666
2 0.45654296875 0.5319010416666666 0.5888671875 0.5319010416666666 0.45654296875 0.66015625 0.5888671875 0.66015625
2 0.57421875 0.5501302083333334 0.6201171875 0.5501302083333334 0.57421875 0.6354166666666666 0.6201171875 0.6354166666666666
2 0.6015625 0.5540364583333334 0.6552734375 0.5540364583333334 0.6015625 0.6256510416666666 0.6552734375 0.6256510416666666
2 0.650390625 0.55859375 0.703125 0.55859375 0.650390625 0.6145833333333334 0.703125 0.6145833333333334
2 0.69580078125 0.5553385416666666 0.7255859375 0.5553385416666666 0.69580078125 0.607421875 0.7255859375 0.607421875
2 0.72021484375 0.552734375 0.7568359375 0.552734375 0.72021484375 0.5970052083333334 0.7568359375 0.5970052083333334
2 0.7548828125 0.5481770833333334 0.77783203125 0.5481770833333334 0.7548828125 0.5891927083333334 0.77783203125 0.5891927083333334
2 0.88916015625 0.5494791666666666 0.96826171875 0.5494791666666666 0.88916015625 0.6477864583333334 0.96826171875 0.6477864583333334
7 0.818359375 0.5305989583333334 0.841796875 0.5305989583333334 0.818359375 0.6223958333333334 0.841796875 0.6223958333333334
7 0.86181640625 0.51171875 0.90283203125 0.51171875 0.86181640625 0.64453125 0.90283203125 0.64453125
10 0.8740234375 0.64453125 0.89013671875 0.64453125 0.8740234375 0.662109375 0.89013671875 0.662109375
10 0.82177734375 0.6223958333333334 0.83642578125 0.6223958333333334 0.82177734375 0.6315104166666666 0.83642578125 0.6315104166666666