4 0.8616666666666667 0.351875 0.8811111111111111 0.351875 0.8616666666666667 0.3725 0.8811111111111111 0.3725
4 0.8272222222222222 0.35125 0.8433333333333334 0.35125 0.8272222222222222 0.373125 0.8433333333333334 0.373125
4 0.8216666666666667 0.2775 0.8394444444444444 0.2775 0.8216666666666667 0.325 0.8394444444444444 0.325
4 0.6488888888888888 0.298125 0.6627777777777778 0.298125 0.6488888888888888 0.343125 0.6627777777777778 0.343125
9 0.3227777777777778 0.3975 0.3288888888888889 0.3975 0.3227777777777778 0.4075 0.3288888888888889 0.4075
9 0.5327777777777778 0.4025 0.5377777777777778 0.4025 0.5327777777777778 0.40625 0.5377777777777778 0.40625
9 0.5311111111111111 0.391875 0.5383333333333333 0.391875 0.5311111111111111 0.401875 0.5383333333333333 0.401875
9 0.5305555555555556 0.375625 0.5394444444444444 0.375625 0.5305555555555556 0.389375 0.5394444444444444 0.389375
9 0.6444444444444445 0.35375 0.6777777777777778 0.35375 0.6444444444444445 0.365 0.6777777777777778 0.365
0 0.5022222222222222 0.43375 0.6022222222222222 0.43375 0.5022222222222222 0.4875 0.6022222222222222 0.4875
0 0.7705555555555555 0.423125 0.8444444444444444 0.423125 0.7705555555555555 0.479375 0.8444444444444444 0.479375
0 0.97 0.421875 0.9994444444444445 0.421875 0.97 0.474375 0.9994444444444445 0.474375
13 0.6055555555555555 0.391875 0.66 0.391875 0.6055555555555555 0.450625 0.66 0.450625
13 0.66 0.379375 0.7277777777777777 0.379375 0.66 0.41375 0.7277777777777777 0.41375
13 0.8077777777777778 0.37625 0.88 0.37625 0.8077777777777778 0.404375 0.88 0.404375
2 0.3333333333333333 0.4225 0.40555555555555556 0.4225 0.3333333333333333 0.48 0.40555555555555556 0.48
2 0.335 0.401875 0.4033333333333333 0.401875 0.335 0.445625 0.4033333333333333 0.445625
2 0.39555555555555555 0.419375 0.41833333333333333 0.419375 0.39555555555555555 0.45625 0.41833333333333333 0.45625
2 0.3983333333333333 0.4075 0.43222222222222223 0.4075 0.3983333333333333 0.451875 0.43222222222222223 0.451875
2 0.495 0.41625 0.5266666666666666 0.41625 0.495 0.45 0.5266666666666666 0.45
2 0.4816666666666667 0.418125 0.49944444444444447 0.418125 0.4816666666666667 0.441875 0.49944444444444447 0.441875
2 0.4761111111111111 0.41 0.49277777777777776 0.41 0.4761111111111111 0.428125 0.49277777777777776 0.428125
2 0.475 0.40625 0.4905555555555556 0.40625 0.475 0.421875 0.4905555555555556 0.421875
2 0.4716666666666667 0.401875 0.48388888888888887 0.401875 0.4716666666666667 0.41375 0.48388888888888887 0.41375
2 0.455 0.404375 0.4666666666666667 0.404375 0.455 0.41625 0.4666666666666667 0.41625
2 0.4538888888888889 0.389375 0.4627777777777778 0.389375 0.4538888888888889 0.3975 0.4627777777777778 0.3975
2 0.42333333333333334 0.400625 0.43444444444444447 0.400625 0.42333333333333334 0.4125 0.43444444444444447 0.4125
2 0.4638888888888889 0.37 0.4677777777777778 0.37 0.4638888888888889 0.376875 0.4677777777777778 0.376875
2 0.45222222222222225 0.370625 0.4577777777777778 0.370625 0.45222222222222225 0.37625 0.4577777777777778 0.37625
7 0.5205555555555555 0.40625 0.55 0.40625 0.5205555555555555 0.474375 0.55 0.474375
7 0.5466666666666666 0.405625 0.5777777777777777 0.405625 0.5466666666666666 0.474375 0.5777777777777777 0.474375
7 0.7988888888888889 0.39375 0.8366666666666667 0.39375 0.7988888888888889 0.475625 0.8366666666666667 0.475625
3 0.19055555555555556 0.439375 0.20555555555555555 0.439375 0.19055555555555556 0.475 0.20555555555555555 0.475