7 0.4872222222222222 0.46375 0.4955555555555556 0.46375 0.4872222222222222 0.485 0.4955555555555556 0.485
7 0.49444444444444446 0.460625 0.5061111111111111 0.460625 0.49444444444444446 0.48625 0.5061111111111111 0.48625
7 0.505 0.463125 0.5138888888888888 0.463125 0.505 0.48875 0.5138888888888888 0.48875
7 0.5377777777777778 0.45125 0.5505555555555556 0.45125 0.5377777777777778 0.493125 0.5505555555555556 0.493125
7 0.5288888888888889 0.46 0.54 0.46 0.5288888888888889 0.49125 0.54 0.49125
7 0.5222222222222223 0.463125 0.5288888888888889 0.463125 0.5222222222222223 0.48625 0.5288888888888889 0.48625
7 0.5116666666666667 0.465625 0.5177777777777778 0.465625 0.5116666666666667 0.48625 0.5177777777777778 0.48625
7 0.545 0.436875 0.5672222222222222 0.436875 0.545 0.5 0.5672222222222222 0.5
7 0.5644444444444444 0.433125 0.5816666666666667 0.433125 0.5644444444444444 0.501875 0.5816666666666667 0.501875
7 0.5777777777777777 0.429375 0.6011111111111112 0.429375 0.5777777777777777 0.518125 0.6011111111111112 0.518125
7 0.5955555555555555 0.434375 0.6172222222222222 0.434375 0.5955555555555555 0.5025 0.6172222222222222 0.5025
7 0.6133333333333333 0.42875 0.6433333333333333 0.42875 0.6133333333333333 0.519375 0.6433333333333333 0.519375
7 0.64 0.435 0.6716666666666666 0.435 0.64 0.519375 0.6716666666666666 0.519375
7 0.6755555555555556 0.43125 0.7033333333333334 0.43125 0.6755555555555556 0.484375 0.7033333333333334 0.484375
7 0.75 0.43875 0.7733333333333333 0.43875 0.75 0.5275 0.7733333333333333 0.5275
7 0.7761111111111111 0.425625 0.805 0.425625 0.7761111111111111 0.526875 0.805 0.526875
2 0.44 0.473125 0.45444444444444443 0.473125 0.44 0.486875 0.45444444444444443 0.486875
2 0.40944444444444444 0.4575 0.44222222222222224 0.4575 0.40944444444444444 0.4925 0.44222222222222224 0.4925
2 0.34944444444444445 0.45 0.4161111111111111 0.45 0.34944444444444445 0.504375 0.4161111111111111 0.504375
2 0.4527777777777778 0.465 0.4866666666666667 0.465 0.4527777777777778 0.495 0.4866666666666667 0.495
3 0.3055555555555556 0.448125 0.31666666666666665 0.448125 0.3055555555555556 0.465 0.31666666666666665 0.465