4 0.1854575163398693 0.23828125 0.21160130718954248 0.23828125 0.1854575163398693 0.330078125 0.21160130718954248 0.330078125
4 0.9485294117647058 0.287109375 0.9714052287581699 0.287109375 0.9485294117647058 0.373046875 0.9714052287581699 0.373046875
4 0.5678104575163399 0.4150390625 0.5735294117647058 0.4150390625 0.5678104575163399 0.4423828125 0.5735294117647058 0.4423828125
4 0.46078431372549017 0.421875 0.46486928104575165 0.421875 0.46078431372549017 0.4404296875 0.46486928104575165 0.4404296875
4 0.5580065359477124 0.4423828125 0.565359477124183 0.4423828125 0.5580065359477124 0.4541015625 0.565359477124183 0.4541015625
4 0.4934640522875817 0.447265625 0.4991830065359477 0.447265625 0.4934640522875817 0.45703125 0.4991830065359477 0.45703125
4 0.3276143790849673 0.4619140625 0.33251633986928103 0.4619140625 0.3276143790849673 0.4677734375 0.33251633986928103 0.4677734375
4 0.3333333333333333 0.4423828125 0.3366013071895425 0.4423828125 0.3333333333333333 0.4580078125 0.3366013071895425 0.4580078125
4 0.20098039215686275 0.45703125 0.21650326797385622 0.45703125 0.20098039215686275 0.5048828125 0.21650326797385622 0.5048828125
4 0.4477124183006536 0.4443359375 0.4550653594771242 0.4443359375 0.4477124183006536 0.4541015625 0.4550653594771242 0.4541015625
9 0.011437908496732025 0.41015625 0.03349673202614379 0.41015625 0.011437908496732025 0.4375 0.03349673202614379 0.4375
9 0.17483660130718953 0.427734375 0.22712418300653595 0.427734375 0.17483660130718953 0.4541015625 0.22712418300653595 0.4541015625
9 0.16748366013071894 0.3505859375 0.23366013071895425 0.3505859375 0.16748366013071894 0.4296875 0.23366013071895425 0.4296875
9 0.12418300653594772 0.423828125 0.15931372549019607 0.423828125 0.12418300653594772 0.431640625 0.15931372549019607 0.431640625
9 0.12336601307189543 0.43359375 0.16176470588235295 0.43359375 0.12336601307189543 0.44140625 0.16176470588235295 0.44140625
9 0.12418300653594772 0.4423828125 0.16258169934640523 0.4423828125 0.12418300653594772 0.451171875 0.16258169934640523 0.451171875
9 0.12336601307189543 0.451171875 0.16094771241830066 0.451171875 0.12336601307189543 0.4599609375 0.16094771241830066 0.4599609375
9 0.4665032679738562 0.4658203125 0.4795751633986928 0.4658203125 0.4665032679738562 0.48828125 0.4795751633986928 0.48828125
9 0.46486928104575165 0.41015625 0.4812091503267974 0.41015625 0.46486928104575165 0.4345703125 0.4812091503267974 0.4345703125
9 0.44689542483660133 0.42578125 0.45669934640522875 0.42578125 0.44689542483660133 0.4443359375 0.45669934640522875 0.4443359375
9 0.9191176470588235 0.4716796875 0.9681372549019608 0.4716796875 0.9191176470588235 0.498046875 0.9681372549019608 0.498046875
9 0.9223856209150327 0.443359375 0.9714052287581699 0.443359375 0.9223856209150327 0.4638671875 0.9714052287581699 0.4638671875
9 0.9248366013071896 0.3857421875 0.9681372549019608 0.3857421875 0.9248366013071896 0.435546875 0.9681372549019608 0.435546875
9 0.8880718954248366 0.22265625 0.9084967320261438 0.22265625 0.8880718954248366 0.2490234375 0.9084967320261438 0.2490234375
9 0.8790849673202614 0.2421875 0.9354575163398693 0.2421875 0.8790849673202614 0.2998046875 0.9354575163398693 0.2998046875
9 0.880718954248366 0.2919921875 0.9354575163398693 0.2919921875 0.880718954248366 0.33984375 0.9354575163398693 0.33984375
9 0.8823529411764706 0.376953125 0.9387254901960784 0.376953125 0.8823529411764706 0.4072265625 0.9387254901960784 0.4072265625
9 0.8815359477124183 0.3359375 0.9362745098039216 0.3359375 0.8815359477124183 0.380859375 0.9362745098039216 0.380859375
9 0.579248366013072 0.3779296875 0.5947712418300654 0.3779296875 0.579248366013072 0.3857421875 0.5947712418300654 0.3857421875
9 0.5359477124183006 0.40234375 0.5506535947712419 0.40234375 0.5359477124183006 0.4091796875 0.5506535947712419 0.4091796875
9 0.5735294117647058 0.38671875 0.6062091503267973 0.38671875 0.5735294117647058 0.3974609375 0.6062091503267973 0.3974609375
9 0.5727124183006536 0.3984375 0.6070261437908496 0.3984375 0.5727124183006536 0.416015625 0.6070261437908496 0.416015625
9 0.5735294117647058 0.4189453125 0.6070261437908496 0.4189453125 0.5735294117647058 0.4306640625 0.6070261437908496 0.4306640625
9 0.5228758169934641 0.4189453125 0.5588235294117647 0.4189453125 0.5228758169934641 0.4287109375 0.5588235294117647 0.4287109375
9 0.5228758169934641 0.4091796875 0.5588235294117647 0.4091796875 0.5228758169934641 0.419921875 0.5588235294117647 0.419921875
9 0.5334967320261438 0.4384765625 0.553921568627451 0.4384765625 0.5334967320261438 0.4501953125 0.553921568627451 0.4501953125
9 0.5735294117647058 0.43359375 0.6045751633986928 0.43359375 0.5735294117647058 0.4423828125 0.6045751633986928 0.4423828125
9 0.5588235294117647 0.4443359375 0.5743464052287581 0.4443359375 0.5588235294117647 0.46484375 0.5743464052287581 0.46484375
9 0.5612745098039216 0.46484375 0.5735294117647058 0.46484375 0.5612745098039216 0.470703125 0.5735294117647058 0.470703125
9 0.7516339869281046 0.439453125 0.7606209150326797 0.439453125 0.7516339869281046 0.4541015625 0.7606209150326797 0.4541015625
9 0.0196078431372549 0.4580078125 0.02696078431372549 0.4580078125 0.0196078431372549 0.4755859375 0.02696078431372549 0.4755859375
9 0.809640522875817 0.4130859375 0.8194444444444444 0.4130859375 0.809640522875817 0.4423828125 0.8194444444444444 0.4423828125
9 0.2434640522875817 0.4580078125 0.27450980392156865 0.4580078125 0.2434640522875817 0.4951171875 0.27450980392156865 0.4951171875
7 0.8063725490196079 0.4716796875 0.8472222222222222 0.4716796875 0.8063725490196079 0.5244140625 0.8472222222222222 0.5244140625
7 0.7393790849673203 0.486328125 0.7663398692810458 0.486328125 0.7393790849673203 0.5791015625 0.7663398692810458 0.5791015625
7 0.7696078431372549 0.47265625 0.798202614379085 0.47265625 0.7696078431372549 0.529296875 0.798202614379085 0.529296875
7 0.38480392156862747 0.4765625 0.3929738562091503 0.4765625 0.38480392156862747 0.5 0.3929738562091503 0.5
5 0.12091503267973856 0.486328125 0.15522875816993464 0.486328125 0.12091503267973856 0.509765625 0.15522875816993464 0.509765625
2 0.6633986928104575 0.5244140625 0.9991830065359477 0.5244140625 0.6633986928104575 0.8798828125 0.9991830065359477 0.8798828125
2 0.38235294117647056 0.4921875 0.5138888888888888 0.4921875 0.38235294117647056 0.619140625 0.5138888888888888 0.619140625
2 0.2949346405228758 0.4775390625 0.39624183006535946 0.4775390625 0.2949346405228758 0.5478515625 0.39624183006535946 0.5478515625
2 0.3937908496732026 0.478515625 0.4362745098039216 0.478515625 0.3937908496732026 0.5087890625 0.4362745098039216 0.5087890625
2 0.48937908496732024 0.4716796875 0.5620915032679739 0.4716796875 0.48937908496732024 0.513671875 0.5620915032679739 0.513671875
2 0.5245098039215687 0.4765625 0.6013071895424836 0.4765625 0.5245098039215687 0.517578125 0.6013071895424836 0.517578125
2 0.5816993464052288 0.458984375 0.6053921568627451 0.458984375 0.5816993464052288 0.4912109375 0.6053921568627451 0.4912109375
2 0.7941176470588235 0.4794921875 0.8374183006535948 0.4794921875 0.7941176470588235 0.5205078125 0.8374183006535948 0.5205078125
2 0.6952614379084967 0.474609375 0.7377450980392157 0.474609375 0.6952614379084967 0.509765625 0.7377450980392157 0.509765625
2 0.5972222222222222 0.44140625 0.7034313725490197 0.44140625 0.5972222222222222 0.54296875 0.7034313725490197 0.54296875