9 0.78076171875 0.4928385416666667 0.79443359375 0.4928385416666667 0.78076171875 0.5026041666666666 0.79443359375 0.5026041666666666
9 0.77734375 0.4544270833333333 0.79541015625 0.4544270833333333 0.77734375 0.4921875 0.79541015625 0.4921875
7 0.92236328125 0.46484375 0.970703125 0.46484375 0.92236328125 0.9537760416666666 0.970703125 0.9537760416666666
2 0.03173828125 0.5286458333333334 0.29443359375 0.5286458333333334 0.03173828125 0.7311197916666666 0.29443359375 0.7311197916666666
2 0.26123046875 0.505859375 0.388671875 0.505859375 0.26123046875 0.642578125 0.388671875 0.642578125
2 0.37890625 0.5266927083333334 0.43017578125 0.5266927083333334 0.37890625 0.6158854166666666 0.43017578125 0.6158854166666666
2 0.38916015625 0.5032552083333334 0.4541015625 0.5032552083333334 0.38916015625 0.6009114583333334 0.4541015625 0.6009114583333334
2 0.4921875 0.5130208333333334 0.5302734375 0.5130208333333334 0.4921875 0.5559895833333334 0.5302734375 0.5559895833333334
2 0.52587890625 0.5104166666666666 0.548828125 0.5104166666666666 0.52587890625 0.5455729166666666 0.548828125 0.5455729166666666
2 0.54443359375 0.5130208333333334 0.56494140625 0.5130208333333334 0.54443359375 0.5416666666666666 0.56494140625 0.5416666666666666
2 0.58056640625 0.509765625 0.6103515625 0.509765625 0.58056640625 0.544921875 0.6103515625 0.544921875
2 0.63330078125 0.5162760416666666 0.6533203125 0.5162760416666666 0.63330078125 0.5403645833333334 0.6533203125 0.5403645833333334
2 0.65380859375 0.5188802083333334 0.673828125 0.5188802083333334 0.65380859375 0.5546875 0.673828125 0.5546875
2 0.65966796875 0.5188802083333334 0.697265625 0.5188802083333334 0.65966796875 0.5631510416666666 0.697265625 0.5631510416666666
2 0.69775390625 0.5201822916666666 0.72265625 0.5201822916666666 0.69775390625 0.546875 0.72265625 0.546875
2 0.7041015625 0.521484375 0.765625 0.521484375 0.7041015625 0.6061197916666666 0.765625 0.6061197916666666
2 0.73583984375 0.5345052083333334 0.80615234375 0.5345052083333334 0.73583984375 0.6438802083333334 0.80615234375 0.6438802083333334
2 0.7734375 0.5345052083333334 0.9130859375 0.5345052083333334 0.7734375 0.68359375 0.9130859375 0.68359375