4 0.7616666666666667 0.2825 0.7894444444444444 0.2825 0.7616666666666667 0.319375 0.7894444444444444 0.319375
4 0.72 0.289375 0.7444444444444445 0.289375 0.72 0.3225 0.7444444444444445 0.3225
4 0.6988888888888889 0.345 0.7094444444444444 0.345 0.6988888888888889 0.3625 0.7094444444444444 0.3625
4 0.6933333333333334 0.29375 0.7072222222222222 0.29375 0.6933333333333334 0.329375 0.7072222222222222 0.329375
4 0.5744444444444444 0.35 0.5833333333333334 0.35 0.5744444444444444 0.364375 0.5833333333333334 0.364375
4 0.575 0.291875 0.5866666666666667 0.291875 0.575 0.329375 0.5866666666666667 0.329375
4 0.3788888888888889 0.2 0.39 0.2 0.3788888888888889 0.239375 0.39 0.239375
9 0.7066666666666667 0.164375 0.79 0.164375 0.7066666666666667 0.28 0.79 0.28
9 0.585 0.335625 0.6144444444444445 0.335625 0.585 0.343125 0.6144444444444445 0.343125
9 0.5416666666666666 0.345 0.5566666666666666 0.345 0.5416666666666666 0.36625 0.5566666666666666 0.36625
9 0.5344444444444445 0.31375 0.56 0.31375 0.5344444444444445 0.343125 0.56 0.343125
9 0.4022222222222222 0.203125 0.41944444444444445 0.203125 0.4022222222222222 0.2225 0.41944444444444445 0.2225
9 0.3377777777777778 0.398125 0.34555555555555556 0.398125 0.3377777777777778 0.40875 0.34555555555555556 0.40875
9 0.23 0.3675 0.2427777777777778 0.3675 0.23 0.374375 0.2427777777777778 0.374375
9 0.23055555555555557 0.355 0.2427777777777778 0.355 0.23055555555555557 0.3675 0.2427777777777778 0.3675
7 0.155 0.390625 0.16333333333333333 0.390625 0.155 0.415625 0.16333333333333333 0.415625
2 0.8094444444444444 0.394375 0.995 0.394375 0.8094444444444444 0.461875 0.995 0.461875
2 0.43722222222222223 0.39 0.465 0.39 0.43722222222222223 0.415 0.465 0.415
2 0.12277777777777778 0.3725 0.32611111111111113 0.3725 0.12277777777777778 0.5375 0.32611111111111113 0.5375
2 0 0.4 0.021666666666666667 0.4 0 0.423125 0.021666666666666667 0.423125
2 0.04111111111111111 0.391875 0.09333333333333334 0.391875 0.04111111111111111 0.404375 0.09333333333333334 0.404375
2 0.08944444444444444 0.3925 0.12333333333333334 0.3925 0.08944444444444444 0.40375 0.12333333333333334 0.40375
3 0.8027777777777778 0.44375 0.8427777777777777 0.44375 0.8027777777777778 0.54375 0.8427777777777777 0.54375