4 0.39697265625 0.513671875 0.4140625 0.513671875 0.39697265625 0.5397135416666666 0.4140625 0.5397135416666666
4 0.630859375 0.517578125 0.64599609375 0.517578125 0.630859375 0.5384114583333334 0.64599609375 0.5384114583333334
4 0.75439453125 0.4798177083333333 0.76953125 0.4798177083333333 0.75439453125 0.5071614583333334 0.76953125 0.5071614583333334
4 0.76220703125 0.3665364583333333 0.7900390625 0.3665364583333333 0.76220703125 0.4088541666666667 0.7900390625 0.4088541666666667
4 0.0322265625 0.3118489583333333 0.0537109375 0.3118489583333333 0.0322265625 0.3821614583333333 0.0537109375 0.3821614583333333
9 0.759765625 0.54296875 0.7734375 0.54296875 0.759765625 0.5677083333333334 0.7734375 0.5677083333333334
9 0.75341796875 0.4479166666666667 0.802734375 0.4479166666666667 0.75341796875 0.4752604166666667 0.802734375 0.4752604166666667
7 0.11572265625 0.5436197916666666 0.130859375 0.5436197916666666 0.11572265625 0.615234375 0.130859375 0.615234375
7 0.34423828125 0.5625 0.353515625 0.5625 0.34423828125 0.5963541666666666 0.353515625 0.5963541666666666
7 0.36328125 0.5546875 0.37158203125 0.5546875 0.36328125 0.5833333333333334 0.37158203125 0.5833333333333334
7 0.7919921875 0.541015625 0.82568359375 0.541015625 0.7919921875 0.6764322916666666 0.82568359375 0.6764322916666666
7 0.82421875 0.5390625 0.85400390625 0.5390625 0.82421875 0.6744791666666666 0.85400390625 0.6744791666666666
7 0.85107421875 0.541015625 0.8759765625 0.541015625 0.85107421875 0.6868489583333334 0.8759765625 0.6868489583333334
7 0.44287109375 0.5546875 0.4501953125 0.5546875 0.44287109375 0.576171875 0.4501953125 0.576171875
2 0.59228515625 0.55859375 0.62060546875 0.55859375 0.59228515625 0.5924479166666666 0.62060546875 0.5924479166666666
2 0.52197265625 0.564453125 0.5830078125 0.564453125 0.52197265625 0.6321614583333334 0.5830078125 0.6321614583333334