4 0.37173202614379086 0.353515625 0.3790849673202614 0.353515625 0.37173202614379086 0.3681640625 0.3790849673202614 0.3681640625
9 0.1380718954248366 0.2919921875 0.19281045751633988 0.2919921875 0.1380718954248366 0.3291015625 0.19281045751633988 0.3291015625
9 0.1380718954248366 0.2939453125 0.16013071895424835 0.2939453125 0.1380718954248366 0.314453125 0.16013071895424835 0.314453125
9 0.17320261437908496 0.2978515625 0.19117647058823528 0.2978515625 0.17320261437908496 0.3154296875 0.19117647058823528 0.3154296875
9 0.5759803921568627 0.3486328125 0.5857843137254902 0.3486328125 0.5759803921568627 0.359375 0.5857843137254902 0.359375
9 0.5980392156862745 0.3291015625 0.6413398692810458 0.3291015625 0.5980392156862745 0.3623046875 0.6413398692810458 0.3623046875
9 0.625 0.333984375 0.6413398692810458 0.333984375 0.625 0.3505859375 0.6413398692810458 0.3505859375
7 0.16094771241830066 0.3544921875 0.1715686274509804 0.3544921875 0.16094771241830066 0.41015625 0.1715686274509804 0.41015625
7 0.11519607843137254 0.3525390625 0.12908496732026145 0.3525390625 0.11519607843137254 0.40234375 0.12908496732026145 0.40234375
7 0.7704248366013072 0.396484375 0.7794117647058824 0.396484375 0.7704248366013072 0.4130859375 0.7794117647058824 0.4130859375
2 0.20751633986928106 0.365234375 0.23284313725490197 0.365234375 0.20751633986928106 0.384765625 0.23284313725490197 0.384765625
2 0.2581699346405229 0.3681640625 0.2908496732026144 0.3681640625 0.2581699346405229 0.3974609375 0.2908496732026144 0.3974609375
2 0.31699346405228757 0.3759765625 0.34395424836601307 0.3759765625 0.31699346405228757 0.3916015625 0.34395424836601307 0.3916015625
2 0.34558823529411764 0.37890625 0.375 0.37890625 0.34558823529411764 0.4013671875 0.375 0.4013671875
2 0.3758169934640523 0.3818359375 0.39133986928104575 0.3818359375 0.3758169934640523 0.400390625 0.39133986928104575 0.400390625
2 0.38562091503267976 0.3798828125 0.40604575163398693 0.3798828125 0.38562091503267976 0.4052734375 0.40604575163398693 0.4052734375
2 0.40522875816993464 0.3837890625 0.4297385620915033 0.3837890625 0.40522875816993464 0.4111328125 0.4297385620915033 0.4111328125
2 0.4199346405228758 0.3818359375 0.46078431372549017 0.3818359375 0.4199346405228758 0.416015625 0.46078431372549017 0.416015625
2 0.44281045751633985 0.3828125 0.4950980392156863 0.3828125 0.44281045751633985 0.42578125 0.4950980392156863 0.42578125
2 0.5049019607843137 0.3916015625 0.5784313725490197 0.3916015625 0.5049019607843137 0.4423828125 0.5784313725490197 0.4423828125
2 0.5825163398692811 0.396484375 0.7352941176470589 0.396484375 0.5825163398692811 0.5009765625 0.7352941176470589 0.5009765625
2 0.9060457516339869 0.4228515625 0.954248366013072 0.4228515625 0.9060457516339869 0.4501953125 0.954248366013072 0.4501953125