9 0.6029411764705882 0.3779296875 0.6086601307189542 0.3779296875 0.6029411764705882 0.3828125 0.6086601307189542 0.3828125
9 0.6029411764705882 0.384765625 0.6086601307189542 0.384765625 0.6029411764705882 0.388671875 0.6086601307189542 0.388671875
7 0.20915032679738563 0.1513671875 0.2361111111111111 0.1513671875 0.20915032679738563 0.220703125 0.2361111111111111 0.220703125
7 0.20016339869281047 0.37109375 0.22303921568627452 0.37109375 0.20016339869281047 0.43359375 0.22303921568627452 0.43359375
7 0.35784313725490197 0.37890625 0.3709150326797386 0.37890625 0.35784313725490197 0.42578125 0.3709150326797386 0.42578125
7 0.48284313725490197 0.3876953125 0.4877450980392157 0.3876953125 0.48284313725490197 0.408203125 0.4877450980392157 0.408203125
7 0.1527777777777778 0.3544921875 0.16176470588235295 0.3544921875 0.1527777777777778 0.41015625 0.16176470588235295 0.41015625
5 0.3292483660130719 0.3916015625 0.3423202614379085 0.3916015625 0.3292483660130719 0.408203125 0.3423202614379085 0.408203125
2 0.35375816993464054 0.396484375 0.4632352941176471 0.396484375 0.35375816993464054 0.5009765625 0.4632352941176471 0.5009765625
2 0.4395424836601307 0.3916015625 0.4722222222222222 0.3916015625 0.4395424836601307 0.431640625 0.4722222222222222 0.431640625
2 0.49673202614379086 0.3857421875 0.5433006535947712 0.3857421875 0.49673202614379086 0.439453125 0.5433006535947712 0.439453125
2 0.545751633986928 0.3935546875 0.5825163398692811 0.3935546875 0.545751633986928 0.4306640625 0.5825163398692811 0.4306640625
2 0.5923202614379085 0.404296875 0.6421568627450981 0.404296875 0.5923202614379085 0.4482421875 0.6421568627450981 0.4482421875
2 0.6421568627450981 0.41015625 0.7336601307189542 0.41015625 0.6421568627450981 0.48046875 0.7336601307189542 0.48046875
2 0.7883986928104575 0.4111328125 0.8839869281045751 0.4111328125 0.7883986928104575 0.4951171875 0.8839869281045751 0.4951171875
2 0.8545751633986928 0.419921875 0.9991830065359477 0.419921875 0.8545751633986928 0.625 0.9991830065359477 0.625
2 0.494281045751634 0.3916015625 0.5016339869281046 0.3916015625 0.494281045751634 0.412109375 0.5016339869281046 0.412109375