9 0.528125 0.4140625 0.55 0.4140625 0.528125 0.4443359375 0.55 0.4443359375
2 0.2078125 0.4638671875 0.2328125 0.4638671875 0.2078125 0.48828125 0.2328125 0.48828125
2 0.24375 0.4697265625 0.265625 0.4697265625 0.24375 0.484375 0.265625 0.484375
2 0.2703125 0.4580078125 0.30078125 0.4580078125 0.2703125 0.4921875 0.30078125 0.4921875
2 0.3078125 0.4638671875 0.325 0.4638671875 0.3078125 0.4775390625 0.325 0.4775390625
2 0.37578125 0.45703125 0.39765625 0.45703125 0.37578125 0.47265625 0.39765625 0.47265625
2 0.41015625 0.4521484375 0.43828125 0.4521484375 0.41015625 0.484375 0.43828125 0.484375
2 0.46953125 0.4599609375 0.50390625 0.4599609375 0.46953125 0.4931640625 0.50390625 0.4931640625
2 0.5 0.4599609375 0.5484375 0.4599609375 0.5 0.5 0.5484375 0.5
2 0.54921875 0.44921875 0.61796875 0.44921875 0.54921875 0.5185546875 0.61796875 0.5185546875
2 0.7 0.4775390625 0.88046875 0.4775390625 0.7 0.646484375 0.88046875 0.646484375
3 0.0734375 0.5166015625 0.08125 0.5166015625 0.0734375 0.5390625 0.08125 0.5390625