4 0.16777777777777778 0.384375 0.17888888888888888 0.384375 0.16777777777777778 0.4125 0.17888888888888888 0.4125
4 0.37833333333333335 0.295 0.3861111111111111 0.295 0.37833333333333335 0.313125 0.3861111111111111 0.313125
4 0.49166666666666664 0.349375 0.5011111111111111 0.349375 0.49166666666666664 0.36375 0.5011111111111111 0.36375
4 0.5888888888888889 0.396875 0.6 0.396875 0.5888888888888889 0.41125 0.6 0.41125
9 0.7966666666666666 0.224375 0.8577777777777778 0.224375 0.7966666666666666 0.31125 0.8577777777777778 0.31125
9 0.34444444444444444 0.298125 0.3661111111111111 0.298125 0.34444444444444444 0.324375 0.3661111111111111 0.324375
7 0.9183333333333333 0.369375 0.96 0.369375 0.9183333333333333 0.5425 0.96 0.5425
7 0.8572222222222222 0.36625 0.9322222222222222 0.36625 0.8572222222222222 0.544375 0.9322222222222222 0.544375
7 0.7872222222222223 0.37875 0.82 0.37875 0.7872222222222223 0.5 0.82 0.5
7 0.8344444444444444 0.395 0.8544444444444445 0.395 0.8344444444444444 0.495625 0.8544444444444445 0.495625
7 0.7316666666666667 0.373125 0.7972222222222223 0.373125 0.7316666666666667 0.551875 0.7972222222222223 0.551875
7 0.6622222222222223 0.42 0.6805555555555556 0.42 0.6622222222222223 0.45 0.6805555555555556 0.45
7 0.07722222222222222 0.448125 0.08944444444444444 0.448125 0.07722222222222222 0.49 0.08944444444444444 0.49
7 0.08777777777777777 0.444375 0.10166666666666667 0.444375 0.08777777777777777 0.4875 0.10166666666666667 0.4875
7 0.11722222222222223 0.443125 0.13 0.443125 0.11722222222222223 0.481875 0.13 0.481875
7 0.13 0.4475 0.14055555555555554 0.4475 0.13 0.476875 0.14055555555555554 0.476875
7 0.18055555555555555 0.445625 0.195 0.445625 0.18055555555555555 0.489375 0.195 0.489375