9 0.49140625 0.4072265625 0.5 0.4072265625 0.49140625 0.41796875 0.5 0.41796875
9 0.49296875 0.41796875 0.49921875 0.41796875 0.49296875 0.4208984375 0.49921875 0.4208984375
9 0.38046875 0.41796875 0.38828125 0.41796875 0.38046875 0.4267578125 0.38828125 0.4267578125
9 0.38203125 0.4267578125 0.38671875 0.4267578125 0.38203125 0.4287109375 0.38671875 0.4287109375
7 0.4 0.44140625 0.40703125 0.44140625 0.4 0.462890625 0.40703125 0.462890625
0 0.3859375 0.462890625 0.3921875 0.462890625 0.3859375 0.4814453125 0.3921875 0.4814453125
0 0.484375 0.4912109375 0.49765625 0.4912109375 0.484375 0.53125 0.49765625 0.53125
2 0.02734375 0.4794921875 0.1609375 0.4794921875 0.02734375 0.55078125 0.1609375 0.55078125
2 0.14296875 0.486328125 0.24921875 0.486328125 0.14296875 0.5908203125 0.24921875 0.5908203125
2 0.23984375 0.474609375 0.3078125 0.474609375 0.23984375 0.5390625 0.3078125 0.5390625
2 0.27109375 0.4697265625 0.31796875 0.4697265625 0.27109375 0.5224609375 0.31796875 0.5224609375
2 0.30390625 0.46875 0.328125 0.46875 0.30390625 0.5146484375 0.328125 0.5146484375
2 0.30546875 0.46484375 0.3359375 0.46484375 0.30546875 0.5078125 0.3359375 0.5078125
2 0.3171875 0.4501953125 0.36015625 0.4501953125 0.3171875 0.4951171875 0.36015625 0.4951171875
2 0.3375 0.4443359375 0.36953125 0.4443359375 0.3375 0.4873046875 0.36953125 0.4873046875
2 0.36328125 0.4482421875 0.38203125 0.4482421875 0.36328125 0.482421875 0.38203125 0.482421875
2 0.37265625 0.447265625 0.38671875 0.447265625 0.37265625 0.4736328125 0.38671875 0.4736328125
2 0.3921875 0.4462890625 0.4015625 0.4462890625 0.3921875 0.4638671875 0.4015625 0.4638671875
2 0.40546875 0.443359375 0.4140625 0.443359375 0.40546875 0.458984375 0.4140625 0.458984375
2 0.4109375 0.4423828125 0.41953125 0.4423828125 0.4109375 0.4560546875 0.41953125 0.4560546875
2 0.41640625 0.44140625 0.42265625 0.44140625 0.41640625 0.4521484375 0.42265625 0.4521484375
2 0.41875 0.439453125 0.42578125 0.439453125 0.41875 0.4501953125 0.42578125 0.4501953125
2 0.44140625 0.4462890625 0.47265625 0.4462890625 0.44140625 0.4765625 0.47265625 0.4765625
2 0.49375 0.4443359375 0.5359375 0.4443359375 0.49375 0.4931640625 0.5359375 0.4931640625
2 0.46171875 0.4404296875 0.47734375 0.4404296875 0.46171875 0.455078125 0.47734375 0.455078125
2 0.5671875 0.4453125 0.61484375 0.4453125 0.5671875 0.48828125 0.61484375 0.48828125
2 0.6015625 0.44921875 0.640625 0.44921875 0.6015625 0.5029296875 0.640625 0.5029296875
2 0.63203125 0.455078125 0.72265625 0.455078125 0.63203125 0.5302734375 0.72265625 0.5302734375
2 0.696875 0.4599609375 0.825 0.4599609375 0.696875 0.556640625 0.825 0.556640625
2 0.925 0.4892578125 0.99921875 0.4892578125 0.925 0.62890625 0.99921875 0.62890625
2 0.8390625 0.435546875 0.99921875 0.435546875 0.8390625 0.59765625 0.99921875 0.59765625
2 0.80625 0.4443359375 0.8859375 0.4443359375 0.80625 0.5791015625 0.8859375 0.5791015625
7 0.38515625 0.44921875 0.39296875 0.44921875 0.38515625 0.4775390625 0.39296875 0.4775390625
7 0.48046875 0.451171875 0.503125 0.451171875 0.48046875 0.5244140625 0.503125 0.5244140625
3 0.053125 0.55078125 0.078125 0.55078125 0.053125 0.60546875 0.078125 0.60546875