4 0.6222222222222222 0.401875 0.6311111111111111 0.401875 0.6222222222222222 0.42 0.6311111111111111 0.42
4 0.6222222222222222 0.3275 0.6366666666666667 0.3275 0.6222222222222222 0.376875 0.6366666666666667 0.376875
4 0.8594444444444445 0.390625 0.8694444444444445 0.390625 0.8594444444444445 0.41125 0.8694444444444445 0.41125
4 0.38055555555555554 0.19625 0.39611111111111114 0.19625 0.38055555555555554 0.249375 0.39611111111111114 0.249375
4 0.23055555555555557 0.205625 0.24555555555555555 0.205625 0.23055555555555557 0.256875 0.24555555555555555 0.256875
4 0.2866666666666667 0.439375 0.2927777777777778 0.439375 0.2866666666666667 0.456875 0.2927777777777778 0.456875
4 0.3461111111111111 0.41375 0.3522222222222222 0.41375 0.3461111111111111 0.430625 0.3522222222222222 0.430625
4 0.4266666666666667 0.411875 0.43277777777777776 0.411875 0.4266666666666667 0.42875 0.43277777777777776 0.42875
4 0.48777777777777775 0.448125 0.49277777777777776 0.448125 0.48777777777777775 0.455 0.49277777777777776 0.455
4 0.45 0.460625 0.4527777777777778 0.460625 0.45 0.46625 0.4527777777777778 0.46625
4 0.445 0.47125 0.4483333333333333 0.47125 0.445 0.474375 0.4483333333333333 0.474375
4 0.36666666666666664 0.4625 0.36944444444444446 0.4625 0.36666666666666664 0.468125 0.36944444444444446 0.468125
9 0.6016666666666667 0.3825 0.6394444444444445 0.3825 0.6016666666666667 0.396875 0.6394444444444445 0.396875
9 0.8933333333333333 0.37875 0.9394444444444444 0.37875 0.8933333333333333 0.391875 0.9394444444444444 0.391875
9 0.8955555555555555 0.39125 0.9266666666666666 0.39125 0.8955555555555555 0.4 0.9266666666666666 0.4
9 0.26 0.19625 0.2961111111111111 0.19625 0.26 0.2375 0.2961111111111111 0.2375
7 0.8288888888888889 0.439375 0.8544444444444445 0.439375 0.8288888888888889 0.475625 0.8544444444444445 0.475625
7 0.7766666666666666 0.445625 0.7944444444444444 0.445625 0.7766666666666666 0.485 0.7944444444444444 0.485
7 0.7844444444444445 0.438125 0.8233333333333334 0.438125 0.7844444444444445 0.48 0.8233333333333334 0.48
7 0.7538888888888889 0.444375 0.7711111111111111 0.444375 0.7538888888888889 0.49 0.7711111111111111 0.49
7 0 0.488125 0.0811111111111111 0.488125 0 0.741875 0.0811111111111111 0.741875
7 0.12444444444444444 0.46625 0.1338888888888889 0.46625 0.12444444444444444 0.49125 0.1338888888888889 0.49125
7 0.5277777777777778 0.47 0.5355555555555556 0.47 0.5277777777777778 0.490625 0.5355555555555556 0.490625
7 0.2877777777777778 0.47625 0.29444444444444445 0.47625 0.2877777777777778 0.495625 0.29444444444444445 0.495625
0 0.2733333333333333 0.48625 0.2822222222222222 0.48625 0.2733333333333333 0.504375 0.2822222222222222 0.504375
0 0.29944444444444446 0.485625 0.30722222222222223 0.485625 0.29944444444444446 0.499375 0.30722222222222223 0.499375
0 0.30666666666666664 0.486875 0.31444444444444447 0.486875 0.30666666666666664 0.500625 0.31444444444444447 0.500625
5 0.31555555555555553 0.48 0.32666666666666666 0.48 0.31555555555555553 0.503125 0.32666666666666666 0.503125
5 0.3377777777777778 0.480625 0.3477777777777778 0.480625 0.3377777777777778 0.499375 0.3477777777777778 0.499375
2 0 0.440625 0.17888888888888888 0.440625 0 0.653125 0.17888888888888888 0.653125
2 0.1622222222222222 0.456875 0.2638888888888889 0.456875 0.1622222222222222 0.533125 0.2638888888888889 0.533125
2 0.42777777777777776 0.47625 0.43833333333333335 0.47625 0.42777777777777776 0.489375 0.43833333333333335 0.489375
2 0.37666666666666665 0.47375 0.3938888888888889 0.47375 0.37666666666666665 0.493125 0.3938888888888889 0.493125
2 0.3672222222222222 0.47625 0.3888888888888889 0.47625 0.3672222222222222 0.496875 0.3888888888888889 0.496875
2 0.4022222222222222 0.468125 0.4305555555555556 0.468125 0.4022222222222222 0.499375 0.4305555555555556 0.499375
2 0.7333333333333333 0.43375 0.9994444444444445 0.43375 0.7333333333333333 0.554375 0.9994444444444445 0.554375
7 0.29833333333333334 0.47375 0.30722222222222223 0.47375 0.29833333333333334 0.49625 0.30722222222222223 0.49625
7 0.3055555555555556 0.47375 0.31444444444444447 0.47375 0.3055555555555556 0.496875 0.31444444444444447 0.496875
7 0.2727777777777778 0.475625 0.2822222222222222 0.475625 0.2727777777777778 0.5 0.2822222222222222 0.5
7 0.31777777777777777 0.471875 0.32666666666666666 0.471875 0.31777777777777777 0.500625 0.32666666666666666 0.500625
7 0.8527777777777777 0.455 0.8894444444444445 0.455 0.8527777777777777 0.48375 0.8894444444444445 0.48375