9 0.24183006535947713 0.3154296875 0.2630718954248366 0.3154296875 0.24183006535947713 0.34375 0.2630718954248366 0.34375
9 0.3333333333333333 0.2734375 0.35375816993464054 0.2734375 0.3333333333333333 0.30078125 0.35375816993464054 0.30078125
9 0.3374183006535948 0.3017578125 0.3480392156862745 0.3017578125 0.3374183006535948 0.3154296875 0.3480392156862745 0.3154296875
9 0.3374183006535948 0.3173828125 0.3480392156862745 0.3173828125 0.3374183006535948 0.330078125 0.3480392156862745 0.330078125
9 0.07107843137254902 0.3525390625 0.08251633986928104 0.3525390625 0.07107843137254902 0.36328125 0.08251633986928104 0.36328125
9 0.0718954248366013 0.36328125 0.08088235294117647 0.36328125 0.0718954248366013 0.369140625 0.08088235294117647 0.369140625
9 0.6911764705882353 0.3232421875 0.7026143790849673 0.3232421875 0.6911764705882353 0.3369140625 0.7026143790849673 0.3369140625
9 0.6911764705882353 0.337890625 0.701797385620915 0.337890625 0.6911764705882353 0.3505859375 0.701797385620915 0.3505859375
9 0.7622549019607843 0.3271484375 0.7802287581699346 0.3271484375 0.7622549019607843 0.34375 0.7802287581699346 0.34375
9 0.7230392156862745 0.349609375 0.7312091503267973 0.349609375 0.7230392156862745 0.3583984375 0.7312091503267973 0.3583984375
9 0.4477124183006536 0.3251953125 0.4526143790849673 0.3251953125 0.4477124183006536 0.3310546875 0.4526143790849673 0.3310546875
2 0.9419934640522876 0.3818359375 0.9934640522875817 0.3818359375 0.9419934640522876 0.4033203125 0.9934640522875817 0.4033203125
2 0.7156862745098039 0.361328125 0.7818627450980392 0.361328125 0.7156862745098039 0.4150390625 0.7818627450980392 0.4150390625
2 0.5776143790849673 0.34765625 0.6037581699346405 0.34765625 0.5776143790849673 0.36328125 0.6037581699346405 0.36328125
2 0.5629084967320261 0.353515625 0.5923202614379085 0.353515625 0.5629084967320261 0.380859375 0.5923202614379085 0.380859375
2 0.5751633986928104 0.3583984375 0.6740196078431373 0.3583984375 0.5751633986928104 0.4541015625 0.6740196078431373 0.4541015625
2 0.5155228758169934 0.3408203125 0.5498366013071896 0.3408203125 0.5155228758169934 0.369140625 0.5498366013071896 0.369140625
2 0.4534313725490196 0.3525390625 0.5147058823529411 0.3525390625 0.4534313725490196 0.423828125 0.5147058823529411 0.423828125
2 0.4869281045751634 0.34765625 0.5032679738562091 0.34765625 0.4869281045751634 0.353515625 0.5032679738562091 0.353515625
2 0.4387254901960784 0.337890625 0.4550653594771242 0.337890625 0.4387254901960784 0.353515625 0.4550653594771242 0.353515625
2 0.4215686274509804 0.3408203125 0.4477124183006536 0.3408203125 0.4215686274509804 0.361328125 0.4477124183006536 0.361328125
2 0.39624183006535946 0.3330078125 0.4158496732026144 0.3330078125 0.39624183006535946 0.3486328125 0.4158496732026144 0.3486328125
2 0.369281045751634 0.3310546875 0.38480392156862747 0.3310546875 0.369281045751634 0.3408203125 0.38480392156862747 0.3408203125