7 0.85390625 0.4736328125 0.88046875 0.4736328125 0.85390625 0.5263671875 0.88046875 0.5263671875
7 0.82265625 0.474609375 0.8546875 0.474609375 0.82265625 0.525390625 0.8546875 0.525390625
7 0.8078125 0.4404296875 0.83125 0.4404296875 0.8078125 0.490234375 0.83125 0.490234375
7 0.784375 0.4501953125 0.8125 0.4501953125 0.784375 0.4931640625 0.8125 0.4931640625
7 0.73984375 0.44140625 0.771875 0.44140625 0.73984375 0.5458984375 0.771875 0.5458984375
7 0.11328125 0.4580078125 0.13203125 0.4580078125 0.11328125 0.515625 0.13203125 0.515625
0 0.634375 0.490234375 0.67890625 0.490234375 0.634375 0.552734375 0.67890625 0.552734375
0 0.6328125 0.47265625 0.68125 0.47265625 0.6328125 0.53515625 0.68125 0.53515625
0 0.62109375 0.4736328125 0.64765625 0.4736328125 0.62109375 0.5458984375 0.64765625 0.5458984375
0 0.0625 0.546875 0.17578125 0.546875 0.0625 0.6611328125 0.17578125 0.6611328125
5 0.5421875 0.482421875 0.615625 0.482421875 0.5421875 0.5400390625 0.615625 0.5400390625
2 0.45546875 0.5537109375 0.96484375 0.5537109375 0.45546875 0.9990234375 0.96484375 0.9990234375
2 0.51796875 0.455078125 0.59140625 0.455078125 0.51796875 0.5283203125 0.59140625 0.5283203125
2 0.503125 0.4609375 0.53203125 0.4609375 0.503125 0.5126953125 0.53203125 0.5126953125
2 0.46875 0.4443359375 0.4984375 0.4443359375 0.46875 0.4755859375 0.4984375 0.4755859375
7 0.06640625 0.490234375 0.14375 0.490234375 0.06640625 0.6474609375 0.14375 0.6474609375
2 0.37890625 0.4453125 0.40546875 0.4453125 0.37890625 0.47265625 0.40546875 0.47265625