1 0.4772222222222222 0.440625 0.48777777777777775 0.440625 0.4772222222222222 0.4525 0.48777777777777775 0.4525
4 0.04611111111111111 0.230625 0.06833333333333333 0.230625 0.04611111111111111 0.29125 0.06833333333333333 0.29125
4 0.03944444444444444 0.323125 0.057777777777777775 0.323125 0.03944444444444444 0.353125 0.057777777777777775 0.353125
4 0.24333333333333335 0.260625 0.26166666666666666 0.260625 0.24333333333333335 0.31875 0.26166666666666666 0.31875
4 0.23444444444444446 0.34625 0.25833333333333336 0.34625 0.23444444444444446 0.37 0.25833333333333336 0.37
4 0.8627777777777778 0.363125 0.8827777777777778 0.363125 0.8627777777777778 0.383125 0.8827777777777778 0.383125
4 0.8616666666666667 0.278125 0.8788888888888889 0.278125 0.8616666666666667 0.333125 0.8788888888888889 0.333125
9 0.017222222222222222 0.29875 0.03944444444444444 0.29875 0.017222222222222222 0.323125 0.03944444444444444 0.323125
9 0.8605555555555555 0.34625 0.9194444444444444 0.34625 0.8605555555555555 0.36375 0.9194444444444444 0.36375
9 0.7244444444444444 0.39875 0.735 0.39875 0.7244444444444444 0.4175 0.735 0.4175
9 0.5216666666666666 0.445625 0.5277777777777778 0.445625 0.5216666666666666 0.45 0.5277777777777778 0.45
9 0.5211111111111111 0.4375 0.5283333333333333 0.4375 0.5211111111111111 0.445625 0.5283333333333333 0.445625
9 0.35944444444444446 0.44875 0.37222222222222223 0.44875 0.35944444444444446 0.469375 0.37222222222222223 0.469375
7 0.0011111111111111111 0.41 0.020555555555555556 0.41 0.0011111111111111111 0.475 0.020555555555555556 0.475
7 0.03888888888888889 0.39 0.07055555555555555 0.39 0.03888888888888889 0.499375 0.07055555555555555 0.499375
7 0.06888888888888889 0.381875 0.10444444444444445 0.381875 0.06888888888888889 0.504375 0.10444444444444445 0.504375
7 0.21 0.395 0.25 0.395 0.21 0.50375 0.25 0.50375
7 0.26055555555555554 0.4 0.3194444444444444 0.4 0.26055555555555554 0.521875 0.3194444444444444 0.521875
7 0.275 0.41125 0.3233333333333333 0.41125 0.275 0.520625 0.3233333333333333 0.520625
7 0.3983333333333333 0.399375 0.4272222222222222 0.399375 0.3983333333333333 0.51375 0.4272222222222222 0.51375
7 0.4172222222222222 0.4125 0.45666666666666667 0.4125 0.4172222222222222 0.510625 0.45666666666666667 0.510625
7 0.3277777777777778 0.4325 0.3511111111111111 0.4325 0.3277777777777778 0.4825 0.3511111111111111 0.4825
7 0.024444444444444446 0.413125 0.035555555555555556 0.413125 0.024444444444444446 0.468125 0.035555555555555556 0.468125
7 0.21222222222222223 0.406875 0.23944444444444443 0.406875 0.21222222222222223 0.49625 0.23944444444444443 0.49625
2 0.3466666666666667 0.435625 0.4083333333333333 0.435625 0.3466666666666667 0.49125 0.4083333333333333 0.49125
2 0.36944444444444446 0.42875 0.42333333333333334 0.42875 0.36944444444444446 0.48375 0.42333333333333334 0.48375
2 0.445 0.446875 0.45666666666666667 0.446875 0.445 0.47 0.45666666666666667 0.47
2 0.48833333333333334 0.44875 0.5122222222222222 0.44875 0.48833333333333334 0.47 0.5122222222222222 0.47
2 0.4872222222222222 0.449375 0.4922222222222222 0.449375 0.4872222222222222 0.46625 0.4922222222222222 0.46625
2 0.48 0.44875 0.48777777777777775 0.44875 0.48 0.458125 0.48777777777777775 0.458125
2 0.45666666666666667 0.449375 0.4638888888888889 0.449375 0.45666666666666667 0.46125 0.4638888888888889 0.46125
2 0.4572222222222222 0.44625 0.4661111111111111 0.44625 0.4572222222222222 0.45625 0.4661111111111111 0.45625
2 0.4683333333333333 0.449375 0.47888888888888886 0.449375 0.4683333333333333 0.46 0.47888888888888886 0.46
2 0.4738888888888889 0.445625 0.4772222222222222 0.445625 0.4738888888888889 0.450625 0.4772222222222222 0.450625
2 0.6516666666666666 0.411875 0.8877777777777778 0.411875 0.6516666666666666 0.525625 0.8877777777777778 0.525625
2 0.65 0.423125 0.74 0.423125 0.65 0.49875 0.74 0.49875
2 0.6122222222222222 0.4475 0.6572222222222223 0.4475 0.6122222222222222 0.491875 0.6572222222222223 0.491875
2 0.5911111111111111 0.44 0.6416666666666667 0.44 0.5911111111111111 0.486875 0.6416666666666667 0.486875
2 0.5588888888888889 0.4275 0.61 0.4275 0.5588888888888889 0.480625 0.61 0.480625
2 0.5394444444444444 0.449375 0.5633333333333334 0.449375 0.5394444444444444 0.47625 0.5633333333333334 0.47625
2 0.5344444444444445 0.449375 0.5505555555555556 0.449375 0.5344444444444445 0.4725 0.5505555555555556 0.4725
2 0.5255555555555556 0.453125 0.5372222222222223 0.453125 0.5255555555555556 0.47125 0.5372222222222223 0.47125
2 0.5205555555555555 0.453125 0.5305555555555556 0.453125 0.5205555555555555 0.469375 0.5305555555555556 0.469375
2 0.5127777777777778 0.450625 0.5272222222222223 0.450625 0.5127777777777778 0.469375 0.5272222222222223 0.469375
2 0.5116666666666667 0.45125 0.5183333333333333 0.45125 0.5116666666666667 0.466875 0.5183333333333333 0.466875
3 0.26666666666666666 0.44375 0.2827777777777778 0.44375 0.26666666666666666 0.484375 0.2827777777777778 0.484375
0 0.145 0.426875 0.18722222222222223 0.426875 0.145 0.465625 0.18722222222222223 0.465625