4 0.7663398692810458 0.3486328125 0.7949346405228758 0.3486328125 0.7663398692810458 0.4248046875 0.7949346405228758 0.4248046875
4 0.7573529411764706 0.4892578125 0.7728758169934641 0.4892578125 0.7573529411764706 0.5146484375 0.7728758169934641 0.5146484375
4 0.7712418300653595 0.5361328125 0.7826797385620915 0.5361328125 0.7712418300653595 0.576171875 0.7826797385620915 0.576171875
9 0.8995098039215687 0.4482421875 0.9281045751633987 0.4482421875 0.8995098039215687 0.4853515625 0.9281045751633987 0.4853515625
9 0.6086601307189542 0.42578125 0.6446078431372549 0.42578125 0.6086601307189542 0.46875 0.6446078431372549 0.46875
9 0.613562091503268 0.4833984375 0.6421568627450981 0.4833984375 0.613562091503268 0.5087890625 0.6421568627450981 0.5087890625
9 0.6127450980392157 0.4697265625 0.6437908496732027 0.4697265625 0.6127450980392157 0.484375 0.6437908496732027 0.484375
9 0.49673202614379086 0.421875 0.5106209150326797 0.421875 0.49673202614379086 0.439453125 0.5106209150326797 0.439453125
9 0.47467320261437906 0.4443359375 0.5024509803921569 0.4443359375 0.47467320261437906 0.455078125 0.5024509803921569 0.455078125
7 0.31290849673202614 0.509765625 0.3202614379084967 0.509765625 0.31290849673202614 0.54296875 0.3202614379084967 0.54296875
7 0.1895424836601307 0.509765625 0.20261437908496732 0.509765625 0.1895424836601307 0.54296875 0.20261437908496732 0.54296875
7 0.21650326797385622 0.5185546875 0.22794117647058823 0.5185546875 0.21650326797385622 0.5439453125 0.22794117647058823 0.5439453125
5 0.013888888888888888 0.5283203125 0.042483660130718956 0.5283203125 0.013888888888888888 0.5703125 0.042483660130718956 0.5703125
2 0.24101307189542484 0.5166015625 0.25326797385620914 0.5166015625 0.24101307189542484 0.5263671875 0.25326797385620914 0.5263671875