7 0.2644444444444444 0.455 0.2833333333333333 0.455 0.2644444444444444 0.506875 0.2833333333333333 0.506875
7 0.2916666666666667 0.449375 0.305 0.449375 0.2916666666666667 0.508125 0.305 0.508125
2 0.37 0.47125 0.4166666666666667 0.47125 0.37 0.508125 0.4166666666666667 0.508125
2 0.41333333333333333 0.483125 0.4311111111111111 0.483125 0.41333333333333333 0.506875 0.4311111111111111 0.506875
2 0.4272222222222222 0.48875 0.445 0.48875 0.4272222222222222 0.506875 0.445 0.506875
2 0.445 0.495 0.45944444444444443 0.495 0.445 0.506875 0.45944444444444443 0.506875
2 0.47944444444444445 0.48 0.48777777777777775 0.48 0.47944444444444445 0.48625 0.48777777777777775 0.48625
2 0.47833333333333333 0.465625 0.48388888888888887 0.465625 0.47833333333333333 0.471875 0.48388888888888887 0.471875
2 0.4811111111111111 0.461875 0.4866666666666667 0.461875 0.4811111111111111 0.4675 0.4866666666666667 0.4675
2 0.49166666666666664 0.458125 0.49777777777777776 0.458125 0.49166666666666664 0.463125 0.49777777777777776 0.463125
2 0.49666666666666665 0.475 0.5161111111111111 0.475 0.49666666666666665 0.481875 0.5161111111111111 0.481875
2 0.5266666666666666 0.48875 0.5455555555555556 0.48875 0.5266666666666666 0.505625 0.5455555555555556 0.505625
2 0.5444444444444444 0.475 0.58 0.475 0.5444444444444444 0.505625 0.58 0.505625
1 0.46944444444444444 0.47 0.4816666666666667 0.47 0.46944444444444444 0.485625 0.4816666666666667 0.485625
6 0.5538888888888889 0.369375 0.695 0.369375 0.5538888888888889 0.52 0.695 0.52