9 0.8383333333333334 0.329375 0.8583333333333333 0.329375 0.8383333333333334 0.354375 0.8583333333333333 0.354375
9 0.8172222222222222 0.313125 0.8777777777777778 0.313125 0.8172222222222222 0.33375 0.8777777777777778 0.33375
9 0.6133333333333333 0.375 0.625 0.375 0.6133333333333333 0.400625 0.625 0.400625
9 0.5177777777777778 0.429375 0.5222222222222223 0.429375 0.5177777777777778 0.436875 0.5222222222222223 0.436875
9 0.3005555555555556 0.424375 0.3061111111111111 0.424375 0.3005555555555556 0.435 0.3061111111111111 0.435
2 0.5288888888888889 0.45 0.6172222222222222 0.45 0.5288888888888889 0.520625 0.6172222222222222 0.520625
2 0.5111111111111111 0.43375 0.5788888888888889 0.43375 0.5111111111111111 0.503125 0.5788888888888889 0.503125
2 0.49722222222222223 0.44125 0.5227777777777778 0.44125 0.49722222222222223 0.4875 0.5227777777777778 0.4875
2 0.48333333333333334 0.45375 0.5005555555555555 0.45375 0.48333333333333334 0.473125 0.5005555555555555 0.473125
2 0.4761111111111111 0.45375 0.48833333333333334 0.45375 0.4761111111111111 0.47125 0.48833333333333334 0.47125
2 0.45111111111111113 0.455 0.4633333333333333 0.455 0.45111111111111113 0.465 0.4633333333333333 0.465
2 0.43833333333333335 0.460625 0.44222222222222224 0.460625 0.43833333333333335 0.465 0.44222222222222224 0.465
2 0.44222222222222224 0.459375 0.4488888888888889 0.459375 0.44222222222222224 0.465 0.4488888888888889 0.465
2 0.4338888888888889 0.45875 0.43944444444444447 0.45875 0.4338888888888889 0.465 0.43944444444444447 0.465
2 0.4211111111111111 0.45625 0.43222222222222223 0.45625 0.4211111111111111 0.46625 0.43222222222222223 0.46625
2 0.4033333333333333 0.455625 0.4166666666666667 0.455625 0.4033333333333333 0.47 0.4166666666666667 0.47
2 0.41333333333333333 0.455 0.4222222222222222 0.455 0.41333333333333333 0.468125 0.4222222222222222 0.468125
2 0.33166666666666667 0.420625 0.405 0.420625 0.33166666666666667 0.50875 0.405 0.50875
2 0.07222222222222222 0.4625 0.12777777777777777 0.4625 0.07222222222222222 0.503125 0.12777777777777777 0.503125
2 0.009444444444444445 0.46 0.06333333333333334 0.46 0.009444444444444445 0.50375 0.06333333333333334 0.50375
2 0.05611111111111111 0.4375 0.08666666666666667 0.4375 0.05611111111111111 0.46375 0.08666666666666667 0.46375
2 0.08222222222222222 0.43375 0.11388888888888889 0.43375 0.08222222222222222 0.461875 0.11388888888888889 0.461875
2 0.11 0.438125 0.13166666666666665 0.438125 0.11 0.44875 0.13166666666666665 0.44875
2 0.11444444444444445 0.428125 0.19166666666666668 0.428125 0.11444444444444445 0.47 0.19166666666666668 0.47
2 0.1827777777777778 0.430625 0.21777777777777776 0.430625 0.1827777777777778 0.461875 0.21777777777777776 0.461875
2 0.2822222222222222 0.44 0.30333333333333334 0.44 0.2822222222222222 0.461875 0.30333333333333334 0.461875
3 0.6983333333333334 0.466875 0.7205555555555555 0.466875 0.6983333333333334 0.5275 0.7205555555555555 0.5275