9 0.010555555555555556 0.265 0.05444444444444444 0.265 0.010555555555555556 0.285625 0.05444444444444444 0.285625
9 0.012777777777777779 0.288125 0.050555555555555555 0.288125 0.012777777777777779 0.336875 0.050555555555555555 0.336875
9 0.12 0.351875 0.1322222222222222 0.351875 0.12 0.378125 0.1322222222222222 0.378125
9 0.5911111111111111 0.378125 0.6 0.378125 0.5911111111111111 0.394375 0.6 0.394375
7 0.6261111111111111 0.408125 0.6438888888888888 0.408125 0.6261111111111111 0.455625 0.6438888888888888 0.455625
7 0.6711111111111111 0.41625 0.6822222222222222 0.41625 0.6711111111111111 0.45125 0.6822222222222222 0.45125
2 0.17777777777777778 0.4075 0.2727777777777778 0.4075 0.17777777777777778 0.479375 0.2727777777777778 0.479375
2 0.49277777777777776 0.415625 0.5088888888888888 0.415625 0.49277777777777776 0.446875 0.5088888888888888 0.446875
2 0.49777777777777776 0.41 0.5244444444444445 0.41 0.49777777777777776 0.458125 0.5244444444444445 0.458125
2 0.5116666666666667 0.40875 0.5366666666666666 0.40875 0.5116666666666667 0.463125 0.5366666666666666 0.463125
2 0.5205555555555555 0.408125 0.5788888888888889 0.408125 0.5205555555555555 0.47 0.5788888888888889 0.47
2 0.5438888888888889 0.413125 0.6344444444444445 0.413125 0.5438888888888889 0.483125 0.6344444444444445 0.483125
2 0.31666666666666665 0.3775 0.5038888888888889 0.3775 0.31666666666666665 0.540625 0.5038888888888889 0.540625
1 0.24833333333333332 0.355625 0.3372222222222222 0.355625 0.24833333333333332 0.461875 0.3372222222222222 0.461875