4 0.5155555555555555 0.376875 0.52 0.376875 0.5155555555555555 0.38875 0.52 0.38875
4 0.48388888888888887 0.378125 0.48777777777777775 0.378125 0.48388888888888887 0.38875 0.48777777777777775 0.38875
4 0.5227777777777778 0.4225 0.525 0.4225 0.5227777777777778 0.429375 0.525 0.429375
4 0.48444444444444446 0.4225 0.4872222222222222 0.4225 0.48444444444444446 0.43125 0.4872222222222222 0.43125
4 0.41444444444444445 0.406875 0.41888888888888887 0.406875 0.41444444444444445 0.419375 0.41888888888888887 0.419375
4 0.3711111111111111 0.40875 0.3738888888888889 0.40875 0.3711111111111111 0.4175 0.3738888888888889 0.4175
4 0.3466666666666667 0.3925 0.34944444444444445 0.3925 0.3466666666666667 0.405 0.34944444444444445 0.405
4 0.3288888888888889 0.39875 0.33166666666666667 0.39875 0.3288888888888889 0.406875 0.33166666666666667 0.406875
9 0.6022222222222222 0.300625 0.6316666666666667 0.300625 0.6022222222222222 0.333125 0.6316666666666667 0.333125
9 0.49 0.378125 0.49666666666666665 0.378125 0.49 0.385 0.49666666666666665 0.385
7 0.049444444444444444 0.405 0.06111111111111111 0.405 0.049444444444444444 0.448125 0.06111111111111111 0.448125
7 0.09055555555555556 0.404375 0.10388888888888889 0.404375 0.09055555555555556 0.42 0.10388888888888889 0.42
7 0.7161111111111111 0.345625 0.7383333333333333 0.345625 0.7161111111111111 0.44 0.7383333333333333 0.44
7 0.7011111111111111 0.350625 0.7166666666666667 0.350625 0.7011111111111111 0.4275 0.7166666666666667 0.4275
2 0.2916666666666667 0.42875 0.3888888888888889 0.42875 0.2916666666666667 0.505625 0.3888888888888889 0.505625