4 0.81201171875 0.3333333333333333 0.8408203125 0.3333333333333333 0.81201171875 0.404296875 0.8408203125 0.404296875
4 0.5927734375 0.52734375 0.603515625 0.52734375 0.5927734375 0.5442708333333334 0.603515625 0.5442708333333334
7 0.78564453125 0.54296875 0.8056640625 0.54296875 0.78564453125 0.59375 0.8056640625 0.59375
0 0.60595703125 0.59375 0.626953125 0.59375 0.60595703125 0.6341145833333334 0.626953125 0.6341145833333334
0 0.91259765625 0.6380208333333334 0.96826171875 0.6380208333333334 0.91259765625 0.7994791666666666 0.96826171875 0.7994791666666666
0 0.0849609375 0.6048177083333334 0.1171875 0.6048177083333334 0.0849609375 0.6809895833333334 0.1171875 0.6809895833333334
2 0.37548828125 0.556640625 0.4677734375 0.556640625 0.37548828125 0.6412760416666666 0.4677734375 0.6412760416666666
2 0.21923828125 0.5690104166666666 0.3095703125 0.5690104166666666 0.21923828125 0.6555989583333334 0.3095703125 0.6555989583333334
2 0.470703125 0.5611979166666666 0.62841796875 0.5611979166666666 0.470703125 0.7389322916666666 0.62841796875 0.7389322916666666
7 0.60546875 0.560546875 0.6259765625 0.560546875 0.60546875 0.6158854166666666 0.6259765625 0.6158854166666666
3 0.75390625 0.6009114583333334 0.7783203125 0.6009114583333334 0.75390625 0.68359375 0.7783203125 0.68359375