9 0.5861111111111111 0.415 0.6022222222222222 0.415 0.5861111111111111 0.435625 0.6022222222222222 0.435625
9 0.5905555555555555 0.435625 0.5983333333333334 0.435625 0.5905555555555555 0.446875 0.5983333333333334 0.446875
9 0.4088888888888889 0.43375 0.4166666666666667 0.43375 0.4088888888888889 0.4475 0.4166666666666667 0.4475
9 0.29833333333333334 0.425 0.3111111111111111 0.425 0.29833333333333334 0.449375 0.3111111111111111 0.449375
9 0.3194444444444444 0.435 0.32555555555555554 0.435 0.3194444444444444 0.44625 0.32555555555555554 0.44625
9 0.47333333333333333 0.435 0.4777777777777778 0.435 0.47333333333333333 0.44 0.4777777777777778 0.44
7 0.3372222222222222 0.45375 0.3488888888888889 0.45375 0.3372222222222222 0.49 0.3488888888888889 0.49
2 0.7533333333333333 0.41125 0.8322222222222222 0.41125 0.7533333333333333 0.483125 0.8322222222222222 0.483125
2 0.8094444444444444 0.4175 0.8911111111111111 0.4175 0.8094444444444444 0.481875 0.8911111111111111 0.481875
2 0.5461111111111111 0.449375 0.5905555555555555 0.449375 0.5461111111111111 0.493125 0.5905555555555555 0.493125
2 0.46166666666666667 0.448125 0.48055555555555557 0.448125 0.46166666666666667 0.4625 0.48055555555555557 0.4625
2 0.4488888888888889 0.445625 0.4622222222222222 0.445625 0.4488888888888889 0.460625 0.4622222222222222 0.460625
2 0.43222222222222223 0.446875 0.4527777777777778 0.446875 0.43222222222222223 0.466875 0.4527777777777778 0.466875
2 0.42444444444444446 0.4525 0.4338888888888889 0.4525 0.42444444444444446 0.468125 0.4338888888888889 0.468125
2 0.38166666666666665 0.448125 0.4311111111111111 0.448125 0.38166666666666665 0.494375 0.4311111111111111 0.494375
2 0.2777777777777778 0.4525 0.3411111111111111 0.4525 0.2777777777777778 0.5075 0.3411111111111111 0.5075
2 0.05 0.415625 0.29555555555555557 0.415625 0.05 0.618125 0.29555555555555557 0.618125
2 0 0.465625 0.08666666666666667 0.465625 0 0.58875 0.08666666666666667 0.58875
2 0.4938888888888889 0.44 0.5183333333333333 0.44 0.4938888888888889 0.451875 0.5183333333333333 0.451875
2 0.8477777777777777 0.37375 0.9994444444444445 0.37375 0.8477777777777777 0.7125 0.9994444444444445 0.7125