9 0.5688888888888889 0.43125 0.5794444444444444 0.43125 0.5688888888888889 0.450625 0.5794444444444444 0.450625
2 0.06888888888888889 0.435625 0.2577777777777778 0.435625 0.06888888888888889 0.559375 0.2577777777777778 0.559375
2 0.26055555555555554 0.464375 0.3416666666666667 0.464375 0.26055555555555554 0.5225 0.3416666666666667 0.5225
2 0.35055555555555556 0.465 0.395 0.465 0.35055555555555556 0.503125 0.395 0.503125
2 0.4111111111111111 0.470625 0.43277777777777776 0.470625 0.4111111111111111 0.4875 0.43277777777777776 0.4875
2 0.42444444444444446 0.46875 0.4361111111111111 0.46875 0.42444444444444446 0.485625 0.4361111111111111 0.485625
2 0.4622222222222222 0.454375 0.4738888888888889 0.454375 0.4622222222222222 0.464375 0.4738888888888889 0.464375
2 0.47 0.44625 0.47888888888888886 0.44625 0.47 0.45625 0.47888888888888886 0.45625
2 0.4633333333333333 0.42875 0.4722222222222222 0.42875 0.4633333333333333 0.4375 0.4722222222222222 0.4375
2 0.4677777777777778 0.425 0.4766666666666667 0.425 0.4677777777777778 0.4325 0.4766666666666667 0.4325
2 0.5327777777777778 0.466875 0.5655555555555556 0.466875 0.5327777777777778 0.49875 0.5655555555555556 0.49875
2 0.6427777777777778 0.446875 0.8177777777777778 0.446875 0.6427777777777778 0.570625 0.8177777777777778 0.570625
2 0.48388888888888887 0.4275 0.48944444444444446 0.4275 0.48388888888888887 0.4325 0.48944444444444446 0.4325
1 0.45555555555555555 0.435625 0.46944444444444444 0.435625 0.45555555555555555 0.45375 0.46944444444444444 0.45375