4 0.5133333333333333 0.42125 0.5177777777777778 0.42125 0.5133333333333333 0.434375 0.5177777777777778 0.434375
4 0.5094444444444445 0.428125 0.5122222222222222 0.428125 0.5094444444444445 0.4375 0.5122222222222222 0.4375
4 0.4716666666666667 0.40625 0.4761111111111111 0.40625 0.4716666666666667 0.416875 0.4761111111111111 0.416875
4 0.46555555555555556 0.393125 0.47 0.393125 0.46555555555555556 0.405625 0.47 0.405625
4 0.4338888888888889 0.43 0.43722222222222223 0.43 0.4338888888888889 0.439375 0.43722222222222223 0.439375
9 0.5666666666666667 0.389375 0.5794444444444444 0.389375 0.5666666666666667 0.409375 0.5794444444444444 0.409375
9 0.6627777777777778 0.3875 0.675 0.3875 0.6627777777777778 0.4075 0.675 0.4075
9 0.8677777777777778 0.305625 0.8927777777777778 0.305625 0.8677777777777778 0.349375 0.8927777777777778 0.349375
9 0.6133333333333333 0.4175 0.6194444444444445 0.4175 0.6133333333333333 0.426875 0.6194444444444445 0.426875
7 0.8138888888888889 0.416875 0.8438888888888889 0.416875 0.8138888888888889 0.511875 0.8438888888888889 0.511875
7 0.7844444444444445 0.430625 0.8094444444444444 0.430625 0.7844444444444445 0.511875 0.8094444444444444 0.511875
7 0.42277777777777775 0.451875 0.43222222222222223 0.451875 0.42277777777777775 0.4775 0.43222222222222223 0.4775
7 0.34055555555555556 0.446875 0.3516666666666667 0.446875 0.34055555555555556 0.484375 0.3516666666666667 0.484375
7 0.4494444444444444 0.455 0.45944444444444443 0.455 0.4494444444444444 0.4725 0.45944444444444443 0.4725
7 0.11333333333333333 0.43875 0.14555555555555555 0.43875 0.11333333333333333 0.47 0.14555555555555555 0.47
7 0.4166666666666667 0.4525 0.42277777777777775 0.4525 0.4166666666666667 0.47125 0.42277777777777775 0.47125
0 0.4033333333333333 0.463125 0.41388888888888886 0.463125 0.4033333333333333 0.49125 0.41388888888888886 0.49125
0 0.38166666666666665 0.46125 0.3933333333333333 0.46125 0.38166666666666665 0.478125 0.3933333333333333 0.478125
0 0.3672222222222222 0.459375 0.37722222222222224 0.459375 0.3672222222222222 0.483125 0.37722222222222224 0.483125
0 0.33444444444444443 0.46375 0.3438888888888889 0.46375 0.33444444444444443 0.49125 0.3438888888888889 0.49125
0 0.3211111111111111 0.463125 0.33666666666666667 0.463125 0.3211111111111111 0.495625 0.33666666666666667 0.495625
0 0.30722222222222223 0.4625 0.32666666666666666 0.4625 0.30722222222222223 0.4975 0.32666666666666666 0.4975
0 0.3011111111111111 0.460625 0.3161111111111111 0.460625 0.3011111111111111 0.496875 0.3161111111111111 0.496875
0 0.21388888888888888 0.458125 0.2338888888888889 0.458125 0.21388888888888888 0.51875 0.2338888888888889 0.51875
0 0.1827777777777778 0.465 0.20722222222222222 0.465 0.1827777777777778 0.525625 0.20722222222222222 0.525625
0 0.12 0.46375 0.16833333333333333 0.46375 0.12 0.545625 0.16833333333333333 0.545625
0 0.11333333333333333 0.47 0.15555555555555556 0.47 0.11333333333333333 0.545 0.15555555555555556 0.545
0 0.09111111111111111 0.4625 0.13166666666666665 0.4625 0.09111111111111111 0.5425 0.13166666666666665 0.5425
0 0.06277777777777778 0.47 0.09777777777777778 0.47 0.06277777777777778 0.54625 0.09777777777777778 0.54625
0 0.008333333333333333 0.47 0.07888888888888888 0.47 0.008333333333333333 0.570625 0.07888888888888888 0.570625
0 0 0.47625 0.042222222222222223 0.47625 0 0.560625 0.042222222222222223 0.560625
0 0.23277777777777778 0.483125 0.26722222222222225 0.483125 0.23277777777777778 0.55 0.26722222222222225 0.55
2 0.6005555555555555 0.43625 0.7361111111111112 0.43625 0.6005555555555555 0.548125 0.7361111111111112 0.548125
2 0.5577777777777778 0.443125 0.6233333333333333 0.443125 0.5577777777777778 0.519375 0.6233333333333333 0.519375
2 0.5377777777777778 0.449375 0.5794444444444444 0.449375 0.5377777777777778 0.50375 0.5794444444444444 0.50375
2 0.5211111111111111 0.45125 0.5516666666666666 0.45125 0.5211111111111111 0.481875 0.5516666666666666 0.481875
2 0.5144444444444445 0.454375 0.5277777777777778 0.454375 0.5144444444444445 0.480625 0.5277777777777778 0.480625
2 0.45666666666666667 0.453125 0.49666666666666665 0.453125 0.45666666666666667 0.483125 0.49666666666666665 0.483125
2 0.4588888888888889 0.45 0.4866666666666667 0.45 0.4588888888888889 0.46625 0.4866666666666667 0.46625
7 0.4027777777777778 0.4475 0.41333333333333333 0.4475 0.4027777777777778 0.481875 0.41333333333333333 0.481875
7 0.2338888888888889 0.434375 0.2688888888888889 0.434375 0.2338888888888889 0.53625 0.2688888888888889 0.53625