0 0.645 0.485625 0.8322222222222222 0.485625 0.645 0.62 0.8322222222222222 0.62
0 0.25055555555555553 0.495 0.3511111111111111 0.495 0.25055555555555553 0.600625 0.3511111111111111 0.600625
0 0.2611111111111111 0.4725 0.2922222222222222 0.4725 0.2611111111111111 0.54375 0.2922222222222222 0.54375
0 0.31277777777777777 0.48125 0.3327777777777778 0.48125 0.31277777777777777 0.52875 0.3327777777777778 0.52875
0 0.34055555555555556 0.4725 0.35555555555555557 0.4725 0.34055555555555556 0.506875 0.35555555555555557 0.506875
0 0.35777777777777775 0.473125 0.37666666666666665 0.473125 0.35777777777777775 0.51375 0.37666666666666665 0.51375
0 0.3738888888888889 0.4675 0.3861111111111111 0.4675 0.3738888888888889 0.5 0.3861111111111111 0.5
0 0.385 0.464375 0.395 0.464375 0.385 0.49375 0.395 0.49375
0 0.18888888888888888 0.47875 0.22777777777777777 0.47875 0.18888888888888888 0.555625 0.22777777777777777 0.555625
2 0.5394444444444444 0.440625 0.6061111111111112 0.440625 0.5394444444444444 0.50375 0.6061111111111112 0.50375
2 0.5266666666666666 0.4525 0.5472222222222223 0.4525 0.5266666666666666 0.494375 0.5472222222222223 0.494375
2 0.5194444444444445 0.454375 0.5366666666666666 0.454375 0.5194444444444445 0.488125 0.5366666666666666 0.488125
2 0.5116666666666667 0.454375 0.5272222222222223 0.454375 0.5116666666666667 0.48625 0.5272222222222223 0.48625
2 0.41888888888888887 0.456875 0.4477777777777778 0.456875 0.41888888888888887 0.481875 0.4477777777777778 0.481875
2 0.49166666666666664 0.4675 0.5011111111111111 0.4675 0.49166666666666664 0.474375 0.5011111111111111 0.474375
2 0.2238888888888889 0.43875 0.2722222222222222 0.43875 0.2238888888888889 0.50875 0.2722222222222222 0.50875
2 0 0.45 0.16555555555555557 0.45 0 0.546875 0.16555555555555557 0.546875
7 0.7194444444444444 0.42625 0.805 0.42625 0.7194444444444444 0.6 0.805 0.6
7 0.18722222222222223 0.416875 0.22944444444444445 0.416875 0.18722222222222223 0.54 0.22944444444444445 0.54
7 0.26722222222222225 0.4275 0.3383333333333333 0.4275 0.26722222222222225 0.5725 0.3383333333333333 0.5725
7 0.2638888888888889 0.43 0.29055555555555557 0.43 0.2638888888888889 0.4875 0.29055555555555557 0.4875
7 0.30944444444444447 0.436875 0.33555555555555555 0.436875 0.30944444444444447 0.5125 0.33555555555555555 0.5125
7 0.3388888888888889 0.449375 0.3572222222222222 0.449375 0.3388888888888889 0.49875 0.3572222222222222 0.49875
7 0.3527777777777778 0.44375 0.37722222222222224 0.44375 0.3527777777777778 0.501875 0.37722222222222224 0.501875
7 0.3738888888888889 0.440625 0.3888888888888889 0.440625 0.3738888888888889 0.489375 0.3888888888888889 0.489375
7 0.3844444444444444 0.4425 0.40444444444444444 0.4425 0.3844444444444444 0.486875 0.40444444444444444 0.486875