4 0.29888888888888887 0.37875 0.3061111111111111 0.37875 0.29888888888888887 0.396875 0.3061111111111111 0.396875
4 0.25 0.431875 0.2561111111111111 0.431875 0.25 0.445625 0.2561111111111111 0.445625
4 0.26055555555555554 0.4325 0.2644444444444444 0.4325 0.26055555555555554 0.44625 0.2644444444444444 0.44625
4 0.39555555555555555 0.395 0.40055555555555555 0.395 0.39555555555555555 0.408125 0.40055555555555555 0.408125
4 0.44055555555555553 0.395625 0.44555555555555554 0.395625 0.44055555555555553 0.409375 0.44555555555555554 0.409375
4 0.535 0.4275 0.5388888888888889 0.4275 0.535 0.4375 0.5388888888888889 0.4375
4 0.5511111111111111 0.42 0.5566666666666666 0.42 0.5511111111111111 0.428125 0.5566666666666666 0.428125
4 0.5766666666666667 0.411875 0.5861111111111111 0.411875 0.5766666666666667 0.43625 0.5861111111111111 0.43625
4 0.04388888888888889 0.43 0.051111111111111114 0.43 0.04388888888888889 0.449375 0.051111111111111114 0.449375
4 0.04555555555555556 0.453125 0.052222222222222225 0.453125 0.04555555555555556 0.46125 0.052222222222222225 0.46125
9 0.8705555555555555 0.23625 0.9283333333333333 0.23625 0.8705555555555555 0.288125 0.9283333333333333 0.288125
9 0.8872222222222222 0.288125 0.9172222222222223 0.288125 0.8872222222222222 0.336875 0.9172222222222223 0.336875
9 0.28888888888888886 0.381875 0.2972222222222222 0.381875 0.28888888888888886 0.39 0.2972222222222222 0.39
9 0.25333333333333335 0.404375 0.2827777777777778 0.404375 0.25333333333333335 0.410625 0.2827777777777778 0.410625
9 0.4027777777777778 0.396875 0.41388888888888886 0.396875 0.4027777777777778 0.40875 0.41388888888888886 0.40875
9 0.41833333333333333 0.441875 0.42833333333333334 0.441875 0.41833333333333333 0.455625 0.42833333333333334 0.455625
2 0.3516666666666667 0.46125 0.38333333333333336 0.46125 0.3516666666666667 0.4775 0.38333333333333336 0.4775
2 0.0005555555555555556 0.519375 0.03944444444444444 0.519375 0.0005555555555555556 0.6375 0.03944444444444444 0.6375