4 0.5622222222222222 0.405625 0.5666666666666667 0.405625 0.5622222222222222 0.415 0.5666666666666667 0.415
4 0.5777777777777777 0.420625 0.5811111111111111 0.420625 0.5777777777777777 0.43 0.5811111111111111 0.43
9 0.8677777777777778 0.351875 0.8833333333333333 0.351875 0.8677777777777778 0.38 0.8833333333333333 0.38
9 0.8694444444444445 0.38375 0.8838888888888888 0.38375 0.8694444444444445 0.3975 0.8838888888888888 0.3975
9 0.8711111111111111 0.3975 0.8822222222222222 0.3975 0.8711111111111111 0.40625 0.8822222222222222 0.40625
2 0.5783333333333334 0.44625 0.6572222222222223 0.44625 0.5783333333333334 0.51875 0.6572222222222223 0.51875
2 0.5444444444444444 0.45625 0.5866666666666667 0.45625 0.5444444444444444 0.49875 0.5866666666666667 0.49875
2 0.5038888888888889 0.458125 0.5361111111111111 0.458125 0.5038888888888889 0.485625 0.5361111111111111 0.485625
2 0.37555555555555553 0.45375 0.42277777777777775 0.45375 0.37555555555555553 0.49625 0.42277777777777775 0.49625
2 0.4288888888888889 0.4575 0.46166666666666667 0.4575 0.4288888888888889 0.484375 0.46166666666666667 0.484375
2 0.5411111111111111 0.45125 0.5572222222222222 0.45125 0.5411111111111111 0.469375 0.5572222222222222 0.469375
2 0.5272222222222223 0.451875 0.5383333333333333 0.451875 0.5272222222222223 0.464375 0.5383333333333333 0.464375
2 0.5027777777777778 0.451875 0.5261111111111111 0.451875 0.5027777777777778 0.469375 0.5261111111111111 0.469375