4 0.9313725490196079 0.251953125 0.9714052287581699 0.251953125 0.9313725490196079 0.357421875 0.9714052287581699 0.357421875
4 0.934640522875817 0.513671875 0.9534313725490197 0.513671875 0.934640522875817 0.5634765625 0.9534313725490197 0.5634765625
4 0.8047385620915033 0.501953125 0.8161764705882353 0.501953125 0.8047385620915033 0.533203125 0.8161764705882353 0.533203125
4 0.7916666666666666 0.462890625 0.803921568627451 0.462890625 0.7916666666666666 0.4873046875 0.803921568627451 0.4873046875
4 0.6650326797385621 0.5048828125 0.6691176470588235 0.5048828125 0.6650326797385621 0.51171875 0.6691176470588235 0.51171875
4 0.5408496732026143 0.5087890625 0.5449346405228758 0.5087890625 0.5408496732026143 0.513671875 0.5449346405228758 0.513671875
9 0.17320261437908496 0.47265625 0.19362745098039216 0.47265625 0.17320261437908496 0.4931640625 0.19362745098039216 0.4931640625
9 0.17565359477124182 0.4931640625 0.190359477124183 0.4931640625 0.17565359477124182 0.5029296875 0.190359477124183 0.5029296875
9 0.920751633986928 0.3662109375 0.9861111111111112 0.3662109375 0.920751633986928 0.443359375 0.9861111111111112 0.443359375
9 0.7834967320261438 0.400390625 0.7924836601307189 0.400390625 0.7834967320261438 0.408203125 0.7924836601307189 0.408203125
9 0.7491830065359477 0.40625 0.7924836601307189 0.40625 0.7491830065359477 0.4189453125 0.7924836601307189 0.4189453125
9 0.755718954248366 0.4169921875 0.7859477124183006 0.4169921875 0.755718954248366 0.4541015625 0.7859477124183006 0.4541015625
9 0.7581699346405228 0.4541015625 0.7834967320261438 0.4541015625 0.7581699346405228 0.46484375 0.7834967320261438 0.46484375
9 0.6625816993464052 0.4306640625 0.6821895424836601 0.4306640625 0.6625816993464052 0.439453125 0.6821895424836601 0.439453125
9 0.6642156862745098 0.439453125 0.6821895424836601 0.439453125 0.6642156862745098 0.4501953125 0.6821895424836601 0.4501953125
9 0.6642156862745098 0.451171875 0.6813725490196079 0.451171875 0.6642156862745098 0.4619140625 0.6813725490196079 0.4619140625
9 0.6650326797385621 0.462890625 0.6821895424836601 0.462890625 0.6650326797385621 0.4794921875 0.6821895424836601 0.4794921875
9 0.6544117647058824 0.4677734375 0.6683006535947712 0.4677734375 0.6544117647058824 0.4833984375 0.6683006535947712 0.4833984375
9 0.6315359477124183 0.47265625 0.6421568627450981 0.47265625 0.6315359477124183 0.4873046875 0.6421568627450981 0.4873046875
7 0.6151960784313726 0.4990234375 0.6266339869281046 0.4990234375 0.6151960784313726 0.53515625 0.6266339869281046 0.53515625
7 0.5947712418300654 0.5009765625 0.6053921568627451 0.5009765625 0.5947712418300654 0.5341796875 0.6053921568627451 0.5341796875
7 0.5645424836601307 0.5087890625 0.5718954248366013 0.5087890625 0.5645424836601307 0.5322265625 0.5718954248366013 0.5322265625
7 0.5531045751633987 0.505859375 0.5620915032679739 0.505859375 0.5531045751633987 0.533203125 0.5620915032679739 0.533203125
7 0.5473856209150327 0.5126953125 0.5531045751633987 0.5126953125 0.5473856209150327 0.5322265625 0.5531045751633987 0.5322265625
7 0.5326797385620915 0.515625 0.5392156862745098 0.515625 0.5326797385620915 0.533203125 0.5392156862745098 0.533203125
0 0.6519607843137255 0.5126953125 0.6772875816993464 0.5126953125 0.6519607843137255 0.5322265625 0.6772875816993464 0.5322265625
5 0.3014705882352941 0.5751953125 0.40441176470588236 0.5751953125 0.3014705882352941 0.7890625 0.40441176470588236 0.7890625
5 0.14787581699346405 0.615234375 0.22875816993464052 0.615234375 0.14787581699346405 0.7734375 0.22875816993464052 0.7734375
2 0 0.630859375 0.07026143790849673 0.630859375 0 0.814453125 0.07026143790849673 0.814453125
2 0.6454248366013072 0.537109375 0.9616013071895425 0.537109375 0.6454248366013072 0.7822265625 0.9616013071895425 0.7822265625
7 0.14460784313725492 0.53125 0.2295751633986928 0.53125 0.14460784313725492 0.76171875 0.2295751633986928 0.76171875
7 0.3047385620915033 0.5302734375 0.40032679738562094 0.5302734375 0.3047385620915033 0.767578125 0.40032679738562094 0.767578125
7 0.6576797385620915 0.4970703125 0.6699346405228758 0.4970703125 0.6576797385620915 0.5322265625 0.6699346405228758 0.5322265625