9 0.7638888888888888 0.27375 0.7905555555555556 0.27375 0.7638888888888888 0.318125 0.7905555555555556 0.318125
7 0.2361111111111111 0.445625 0.25833333333333336 0.445625 0.2361111111111111 0.495 0.25833333333333336 0.495
7 0.4761111111111111 0.449375 0.4855555555555556 0.449375 0.4761111111111111 0.48375 0.4855555555555556 0.48375
0 0.045 0.4675 0.09166666666666666 0.4675 0.045 0.5525 0.09166666666666666 0.5525
0 0.13833333333333334 0.4625 0.17555555555555555 0.4625 0.13833333333333334 0.535 0.17555555555555555 0.535
0 0.8511111111111112 0.439375 0.9211111111111111 0.439375 0.8511111111111112 0.56625 0.9211111111111111 0.56625
0 0.6633333333333333 0.450625 0.7005555555555556 0.450625 0.6633333333333333 0.539375 0.7005555555555556 0.539375
0 0.6216666666666667 0.45 0.655 0.45 0.6216666666666667 0.52125 0.655 0.52125
0 0.68 0.49 0.8 0.49 0.68 0.69375 0.8 0.69375
0 0.565 0.46875 0.6177777777777778 0.46875 0.565 0.571875 0.6177777777777778 0.571875
0 0.4816666666666667 0.46625 0.5361111111111111 0.46625 0.4816666666666667 0.575625 0.5361111111111111 0.575625
0 0.4161111111111111 0.496875 0.4588888888888889 0.496875 0.4161111111111111 0.628125 0.4588888888888889 0.628125
0 0.2838888888888889 0.4625 0.29888888888888887 0.4625 0.2838888888888889 0.49125 0.29888888888888887 0.49125
2 0.3022222222222222 0.453125 0.35777777777777775 0.453125 0.3022222222222222 0.498125 0.35777777777777775 0.498125
2 0.3711111111111111 0.455 0.4022222222222222 0.455 0.3711111111111111 0.480625 0.4022222222222222 0.480625
2 0.4627777777777778 0.454375 0.47444444444444445 0.454375 0.4627777777777778 0.470625 0.47444444444444445 0.470625
7 0.3877777777777778 0.4 0.4683333333333333 0.4 0.3877777777777778 0.59 0.4683333333333333 0.59
7 0.48388888888888887 0.40625 0.5333333333333333 0.40625 0.48388888888888887 0.558125 0.5333333333333333 0.558125
7 0.5622222222222222 0.39 0.6177777777777778 0.39 0.5622222222222222 0.554375 0.6177777777777778 0.554375
7 0.6811111111111111 0.3525 0.7883333333333333 0.3525 0.6811111111111111 0.664375 0.7883333333333333 0.664375