4 0.9138888888888889 0.36125 0.9372222222222222 0.36125 0.9138888888888889 0.384375 0.9372222222222222 0.384375
4 0.6555555555555556 0.32875 0.6661111111111111 0.32875 0.6555555555555556 0.359375 0.6661111111111111 0.359375
4 0.5216666666666666 0.42375 0.5266666666666666 0.42375 0.5216666666666666 0.43625 0.5266666666666666 0.43625
4 0.4661111111111111 0.403125 0.4738888888888889 0.403125 0.4661111111111111 0.411875 0.4738888888888889 0.411875
4 0.32555555555555554 0.424375 0.33055555555555555 0.424375 0.32555555555555554 0.4375 0.33055555555555555 0.4375
9 0.9294444444444444 0.308125 0.9622222222222222 0.308125 0.9294444444444444 0.34375 0.9622222222222222 0.34375
9 0.955 0.3525 0.9877777777777778 0.3525 0.955 0.3675 0.9877777777777778 0.3675
9 0.6511111111111111 0.426875 0.6616666666666666 0.426875 0.6511111111111111 0.443125 0.6616666666666666 0.443125
9 0.6444444444444445 0.363125 0.6811111111111111 0.363125 0.6444444444444445 0.375 0.6811111111111111 0.375
7 0.8322222222222222 0.4075 0.8705555555555555 0.4075 0.8322222222222222 0.553125 0.8705555555555555 0.553125
7 0.8716666666666667 0.401875 0.9027777777777778 0.401875 0.8716666666666667 0.518125 0.9027777777777778 0.518125
7 0.8538888888888889 0.414375 0.8766666666666667 0.414375 0.8538888888888889 0.5175 0.8766666666666667 0.5175
7 0.7988888888888889 0.41625 0.8333333333333334 0.41625 0.7988888888888889 0.526875 0.8333333333333334 0.526875
7 0.7577777777777778 0.419375 0.7916666666666666 0.419375 0.7577777777777778 0.508125 0.7916666666666666 0.508125
7 0.735 0.42125 0.7555555555555555 0.42125 0.735 0.515 0.7555555555555555 0.515
7 0.7194444444444444 0.431875 0.7416666666666667 0.431875 0.7194444444444444 0.5275 0.7416666666666667 0.5275
7 0.6894444444444444 0.4275 0.7238888888888889 0.4275 0.6894444444444444 0.53 0.7238888888888889 0.53
7 0.028888888888888888 0.439375 0.04833333333333333 0.439375 0.028888888888888888 0.4725 0.04833333333333333 0.4725
7 0.04833333333333333 0.443125 0.058333333333333334 0.443125 0.04833333333333333 0.47125 0.058333333333333334 0.47125
7 0.08666666666666667 0.443125 0.09833333333333333 0.443125 0.08666666666666667 0.46625 0.09833333333333333 0.46625
0 0.07055555555555555 0.465 0.11833333333333333 0.465 0.07055555555555555 0.5025 0.11833333333333333 0.5025
0 0.08555555555555555 0.469375 0.1272222222222222 0.469375 0.08555555555555555 0.500625 0.1272222222222222 0.500625
2 0.2916666666666667 0.45125 0.3433333333333333 0.45125 0.2916666666666667 0.499375 0.3433333333333333 0.499375
2 0.32944444444444443 0.45625 0.355 0.45625 0.32944444444444443 0.491875 0.355 0.491875
2 0.2088888888888889 0.446875 0.29888888888888887 0.446875 0.2088888888888889 0.51 0.29888888888888887 0.51