9 0.3927777777777778 0.438125 0.4027777777777778 0.438125 0.3927777777777778 0.45125 0.4027777777777778 0.45125
7 0.9688888888888889 0.46 0.9994444444444445 0.46 0.9688888888888889 0.59 0.9994444444444445 0.59
7 0.955 0.455 0.9961111111111111 0.455 0.955 0.584375 0.9961111111111111 0.584375
7 0.7927777777777778 0.429375 0.8333333333333334 0.429375 0.7927777777777778 0.55 0.8333333333333334 0.55
7 0.7422222222222222 0.428125 0.7927777777777778 0.428125 0.7422222222222222 0.575 0.7927777777777778 0.575
7 0.6138888888888889 0.439375 0.6361111111111111 0.439375 0.6138888888888889 0.5225 0.6361111111111111 0.5225
7 0.4361111111111111 0.45375 0.4588888888888889 0.45375 0.4361111111111111 0.498125 0.4588888888888889 0.498125
7 0.345 0.45625 0.3616666666666667 0.45625 0.345 0.50875 0.3616666666666667 0.50875
7 0.3188888888888889 0.446875 0.33666666666666667 0.446875 0.3188888888888889 0.504375 0.33666666666666667 0.504375
2 0.6983333333333334 0.429375 0.9316666666666666 0.429375 0.6983333333333334 0.52375 0.9316666666666666 0.52375
2 0.8527777777777777 0.44125 0.9577777777777777 0.44125 0.8527777777777777 0.519375 0.9577777777777777 0.519375
2 0.6433333333333333 0.464375 0.6933333333333334 0.464375 0.6433333333333333 0.484375 0.6933333333333334 0.484375
2 0.5861111111111111 0.465 0.6133333333333333 0.465 0.5861111111111111 0.4725 0.6133333333333333 0.4725
2 0.49833333333333335 0.458125 0.5238888888888888 0.458125 0.49833333333333335 0.481875 0.5238888888888888 0.481875
2 0.4688888888888889 0.460625 0.5027777777777778 0.460625 0.4688888888888889 0.495 0.5027777777777778 0.495
2 0.38333333333333336 0.455625 0.4338888888888889 0.455625 0.38333333333333336 0.48625 0.4338888888888889 0.48625
2 0.23555555555555555 0.4475 0.28555555555555556 0.4475 0.23555555555555555 0.505 0.28555555555555556 0.505
2 0.1761111111111111 0.450625 0.24944444444444444 0.450625 0.1761111111111111 0.513125 0.24944444444444444 0.513125
2 0 0.4475 0.10555555555555556 0.4475 0 0.479375 0.10555555555555556 0.479375
2 0.09 0.455 0.13333333333333333 0.455 0.09 0.475625 0.13333333333333333 0.475625
2 0.28833333333333333 0.4625 0.3011111111111111 0.4625 0.28833333333333333 0.4725 0.3011111111111111 0.4725
2 0.2972222222222222 0.450625 0.31666666666666665 0.450625 0.2972222222222222 0.46625 0.31666666666666665 0.46625