1 0.2973856209150327 0.431640625 0.36519607843137253 0.431640625 0.2973856209150327 0.529296875 0.36519607843137253 0.529296875
4 0.8880718954248366 0.4013671875 0.9035947712418301 0.4013671875 0.8880718954248366 0.4599609375 0.9035947712418301 0.4599609375
4 0.8921568627450981 0.5107421875 0.9003267973856209 0.5107421875 0.8921568627450981 0.5361328125 0.9003267973856209 0.5361328125
4 0.5433006535947712 0.4755859375 0.545751633986928 0.4755859375 0.5433006535947712 0.4814453125 0.545751633986928 0.4814453125
4 0.07924836601307189 0.45703125 0.08496732026143791 0.45703125 0.07924836601307189 0.482421875 0.08496732026143791 0.482421875
4 0.9828431372549019 0.453125 0.988562091503268 0.453125 0.9828431372549019 0.4716796875 0.988562091503268 0.4716796875
4 0.22630718954248366 0.46875 0.23039215686274508 0.46875 0.22630718954248366 0.4794921875 0.23039215686274508 0.4794921875
9 0.7573529411764706 0.4521484375 0.7728758169934641 0.4521484375 0.7573529411764706 0.46875 0.7728758169934641 0.46875
9 0.6478758169934641 0.46875 0.6576797385620915 0.46875 0.6478758169934641 0.48046875 0.6576797385620915 0.48046875
9 0.6299019607843137 0.4658203125 0.6397058823529411 0.4658203125 0.6299019607843137 0.4775390625 0.6397058823529411 0.4775390625
9 0.6021241830065359 0.470703125 0.6094771241830066 0.470703125 0.6021241830065359 0.48046875 0.6094771241830066 0.48046875
9 0.049836601307189546 0.4736328125 0.05800653594771242 0.4736328125 0.049836601307189546 0.486328125 0.05800653594771242 0.486328125
7 0.10866013071895425 0.5 0.12826797385620914 0.5 0.10866013071895425 0.5263671875 0.12826797385620914 0.5263671875
7 0.9722222222222222 0.509765625 0.9828431372549019 0.509765625 0.9722222222222222 0.53515625 0.9828431372549019 0.53515625
0 0.03104575163398693 0.5234375 0.058823529411764705 0.5234375 0.03104575163398693 0.5498046875 0.058823529411764705 0.5498046875
13 0.18790849673202614 0.48046875 0.2679738562091503 0.48046875 0.18790849673202614 0.5341796875 0.2679738562091503 0.5341796875
13 0.36437908496732024 0.466796875 0.40032679738562094 0.466796875 0.36437908496732024 0.5068359375 0.40032679738562094 0.5068359375
2 0.8284313725490197 0.53515625 0.9991830065359477 0.53515625 0.8284313725490197 0.7158203125 0.9991830065359477 0.7158203125
2 0.7532679738562091 0.5107421875 0.8725490196078431 0.5107421875 0.7532679738562091 0.5869140625 0.8725490196078431 0.5869140625
2 0.6470588235294118 0.51953125 0.8431372549019608 0.51953125 0.6470588235294118 0.7119140625 0.8431372549019608 0.7119140625
2 0.8529411764705882 0.4990234375 0.9485294117647058 0.4990234375 0.8529411764705882 0.537109375 0.9485294117647058 0.537109375
2 0.7066993464052288 0.505859375 0.7622549019607843 0.505859375 0.7066993464052288 0.521484375 0.7622549019607843 0.521484375
2 0.5874183006535948 0.505859375 0.6650326797385621 0.505859375 0.5874183006535948 0.5400390625 0.6650326797385621 0.5400390625
2 0.4362745098039216 0.5087890625 0.5735294117647058 0.5087890625 0.4362745098039216 0.6494140625 0.5735294117647058 0.6494140625
2 0 0.513671875 0.03676470588235294 0.513671875 0 0.5439453125 0.03676470588235294 0.5439453125
2 0.13316993464052287 0.494140625 0.1642156862745098 0.494140625 0.13316993464052287 0.525390625 0.1642156862745098 0.525390625
2 0 0.5244140625 0.2973856209150327 0.5244140625 0 0.767578125 0.2973856209150327 0.767578125
2 0.238562091503268 0.4990234375 0.37663398692810457 0.4990234375 0.238562091503268 0.6396484375 0.37663398692810457 0.6396484375
2 0.16666666666666666 0.505859375 0.19281045751633988 0.505859375 0.16666666666666666 0.525390625 0.19281045751633988 0.525390625
2 0.36437908496732024 0.49609375 0.3790849673202614 0.49609375 0.36437908496732024 0.525390625 0.3790849673202614 0.525390625
2 0.37826797385620914 0.498046875 0.3897058823529412 0.498046875 0.37826797385620914 0.521484375 0.3897058823529412 0.521484375
2 0.39215686274509803 0.498046875 0.41421568627450983 0.498046875 0.39215686274509803 0.5185546875 0.41421568627450983 0.5185546875
2 0.4354575163398693 0.49609375 0.4526143790849673 0.49609375 0.4354575163398693 0.513671875 0.4526143790849673 0.513671875
2 0.41094771241830064 0.49609375 0.4256535947712418 0.49609375 0.41094771241830064 0.505859375 0.4256535947712418 0.505859375
2 0.45179738562091504 0.4970703125 0.4583333333333333 0.4970703125 0.45179738562091504 0.509765625 0.4583333333333333 0.509765625
7 0.6486928104575164 0.5087890625 0.684640522875817 0.5087890625 0.6486928104575164 0.5908203125 0.684640522875817 0.5908203125