4 0.803125 0.3759765625 0.8203125 0.3759765625 0.803125 0.4189453125 0.8203125 0.4189453125
4 0.59296875 0.2626953125 0.60625 0.2626953125 0.59296875 0.2958984375 0.60625 0.2958984375
9 0.740625 0.4306640625 0.74765625 0.4306640625 0.740625 0.443359375 0.74765625 0.443359375
7 0.1515625 0.4873046875 0.16484375 0.4873046875 0.1515625 0.529296875 0.16484375 0.529296875
7 0.165625 0.486328125 0.18359375 0.486328125 0.165625 0.521484375 0.18359375 0.521484375
2 0.4 0.4775390625 0.43125 0.4775390625 0.4 0.5087890625 0.43125 0.5087890625
2 0.43046875 0.47265625 0.45234375 0.47265625 0.43046875 0.4990234375 0.45234375 0.4990234375
2 0.4515625 0.46875 0.475 0.46875 0.4515625 0.4921875 0.475 0.4921875
2 0.6890625 0.4833984375 0.74609375 0.4833984375 0.6890625 0.5234375 0.74609375 0.5234375
2 0.86015625 0.451171875 0.99921875 0.451171875 0.86015625 0.6123046875 0.99921875 0.6123046875
2 0.61171875 0.453125 0.63671875 0.453125 0.61171875 0.4892578125 0.63671875 0.4892578125
4 0.34921875 0.228515625 0.3671875 0.228515625 0.34921875 0.2783203125 0.3671875 0.2783203125