4 0.5066666666666667 0.4175 0.5111111111111111 0.4175 0.5066666666666667 0.43125 0.5111111111111111 0.43125
4 0.5016666666666667 0.424375 0.5055555555555555 0.424375 0.5016666666666667 0.435625 0.5055555555555555 0.435625
4 0.4661111111111111 0.403125 0.47 0.403125 0.4661111111111111 0.414375 0.47 0.414375
4 0.45944444444444443 0.39125 0.4638888888888889 0.39125 0.45944444444444443 0.404375 0.4638888888888889 0.404375
4 0.4288888888888889 0.4275 0.43166666666666664 0.4275 0.4288888888888889 0.4375 0.43166666666666664 0.4375
9 0.7944444444444444 0.324375 0.8138888888888889 0.324375 0.7944444444444444 0.36 0.8138888888888889 0.36
7 0.7622222222222222 0.41625 0.7866666666666666 0.41625 0.7622222222222222 0.49625 0.7866666666666666 0.49625
7 0.7338888888888889 0.43 0.7566666666666667 0.43 0.7338888888888889 0.498125 0.7566666666666667 0.498125
7 0.42055555555555557 0.45 0.42833333333333334 0.45 0.42055555555555557 0.473125 0.42833333333333334 0.473125
7 0.2461111111111111 0.439375 0.26 0.439375 0.2461111111111111 0.495 0.26 0.495
7 0.16333333333333333 0.440625 0.17944444444444443 0.440625 0.16333333333333333 0.48875 0.17944444444444443 0.48875
7 0.008333333333333333 0.43625 0.030555555555555555 0.43625 0.008333333333333333 0.4875 0.030555555555555555 0.4875
7 0.03277777777777778 0.444375 0.06 0.444375 0.03277777777777778 0.485625 0.06 0.485625
7 0.33944444444444444 0.445 0.3511111111111111 0.445 0.33944444444444444 0.481875 0.3511111111111111 0.481875
0 0.405 0.460625 0.4122222222222222 0.460625 0.405 0.4825 0.4122222222222222 0.4825
0 0.2966666666666667 0.471875 0.31777777777777777 0.471875 0.2966666666666667 0.519375 0.31777777777777777 0.519375
0 0.2561111111111111 0.4675 0.2816666666666667 0.4675 0.2561111111111111 0.508125 0.2816666666666667 0.508125
0 0.20944444444444443 0.459375 0.23 0.459375 0.20944444444444443 0.515 0.23 0.515
0 0.1622222222222222 0.468125 0.20222222222222222 0.468125 0.1622222222222222 0.5325 0.20222222222222222 0.5325
0 0.14333333333333334 0.46 0.17 0.46 0.14333333333333334 0.51625 0.17 0.51625
0 0.08 0.47 0.13722222222222222 0.47 0.08 0.549375 0.13722222222222222 0.549375
0 0.03388888888888889 0.465 0.09 0.465 0.03388888888888889 0.551875 0.09 0.551875
0 0.2338888888888889 0.46125 0.2561111111111111 0.46125 0.2338888888888889 0.509375 0.2561111111111111 0.509375
2 0.5738888888888889 0.434375 0.6911111111111111 0.434375 0.5738888888888889 0.5275 0.6911111111111111 0.5275
2 0.5433333333333333 0.44 0.5961111111111111 0.44 0.5433333333333333 0.5075 0.5961111111111111 0.5075
2 0.5261111111111111 0.445 0.5616666666666666 0.445 0.5261111111111111 0.495 0.5616666666666666 0.495
2 0.5122222222222222 0.446875 0.54 0.446875 0.5122222222222222 0.476875 0.54 0.476875
2 0.4905555555555556 0.450625 0.5127777777777778 0.450625 0.4905555555555556 0.46875 0.5127777777777778 0.46875
2 0.45 0.448125 0.49 0.448125 0.45 0.48 0.49 0.48
7 0.4033333333333333 0.445 0.4127777777777778 0.445 0.4033333333333333 0.478125 0.4127777777777778 0.478125
7 0.295 0.43375 0.3194444444444444 0.43375 0.295 0.50625 0.3194444444444444 0.50625