7 0.006666666666666667 0.426875 0.09277777777777778 0.426875 0.006666666666666667 0.64 0.09277777777777778 0.64
2 0.5488888888888889 0.431875 0.6505555555555556 0.431875 0.5488888888888889 0.51875 0.6505555555555556 0.51875
2 0.5177777777777778 0.449375 0.5583333333333333 0.449375 0.5177777777777778 0.49875 0.5583333333333333 0.49875
2 0.5038888888888889 0.43625 0.5544444444444444 0.43625 0.5038888888888889 0.49625 0.5544444444444444 0.49625
2 0.4905555555555556 0.451875 0.5111111111111111 0.451875 0.4905555555555556 0.47875 0.5111111111111111 0.47875
2 0.48388888888888887 0.4525 0.4938888888888889 0.4525 0.48388888888888887 0.471875 0.4938888888888889 0.471875
2 0.47888888888888886 0.454375 0.4872222222222222 0.454375 0.47888888888888886 0.466875 0.4872222222222222 0.466875
2 0.4388888888888889 0.454375 0.4622222222222222 0.454375 0.4388888888888889 0.47375 0.4622222222222222 0.47375
2 0.33611111111111114 0.455 0.36777777777777776 0.455 0.33611111111111114 0.47875 0.36777777777777776 0.47875
2 0.18166666666666667 0.433125 0.25555555555555554 0.433125 0.18166666666666667 0.515625 0.25555555555555554 0.515625
2 0.07388888888888889 0.41625 0.20555555555555555 0.41625 0.07388888888888889 0.5375 0.20555555555555555 0.5375
3 0.7588888888888888 0.46625 0.7822222222222223 0.46625 0.7588888888888888 0.53 0.7822222222222223 0.53