4 0.6348039215686274 0.4208984375 0.6397058823529411 0.4208984375 0.6348039215686274 0.4267578125 0.6397058823529411 0.4267578125
4 0.40522875816993464 0.42578125 0.41094771241830064 0.42578125 0.40522875816993464 0.443359375 0.41094771241830064 0.443359375
4 0.2369281045751634 0.4677734375 0.24101307189542484 0.4677734375 0.2369281045751634 0.4716796875 0.24101307189542484 0.4716796875
9 0.869281045751634 0.1201171875 0.9166666666666666 0.1201171875 0.869281045751634 0.150390625 0.9166666666666666 0.150390625
9 0.8660130718954249 0.2001953125 0.9305555555555556 0.2001953125 0.8660130718954249 0.27734375 0.9305555555555556 0.27734375
9 0.8758169934640523 0.275390625 0.928921568627451 0.275390625 0.8758169934640523 0.3046875 0.928921568627451 0.3046875
9 0.678921568627451 0.35546875 0.7001633986928104 0.35546875 0.678921568627451 0.380859375 0.7001633986928104 0.380859375
9 0.6911764705882353 0.3310546875 0.7663398692810458 0.3310546875 0.6911764705882353 0.361328125 0.7663398692810458 0.361328125
9 0.7001633986928104 0.3583984375 0.7655228758169934 0.3583984375 0.7001633986928104 0.39453125 0.7655228758169934 0.39453125
9 0.6797385620915033 0.37890625 0.704248366013072 0.37890625 0.6797385620915033 0.4013671875 0.704248366013072 0.4013671875
9 0.6397058823529411 0.4208984375 0.6470588235294118 0.4208984375 0.6397058823529411 0.4306640625 0.6470588235294118 0.4306640625
9 0.6372549019607843 0.4140625 0.6495098039215687 0.4140625 0.6372549019607843 0.4208984375 0.6495098039215687 0.4208984375
9 0.636437908496732 0.400390625 0.6478758169934641 0.400390625 0.636437908496732 0.4150390625 0.6478758169934641 0.4150390625
9 0.6348039215686274 0.3828125 0.6470588235294118 0.3828125 0.6348039215686274 0.400390625 0.6470588235294118 0.400390625
9 0.6274509803921569 0.4326171875 0.6372549019607843 0.4326171875 0.6274509803921569 0.439453125 0.6372549019607843 0.439453125
9 0.6462418300653595 0.4248046875 0.6495098039215687 0.4248046875 0.6462418300653595 0.435546875 0.6495098039215687 0.435546875
9 0.6127450980392157 0.435546875 0.6176470588235294 0.435546875 0.6127450980392157 0.443359375 0.6176470588235294 0.443359375
9 0.6266339869281046 0.421875 0.6356209150326797 0.421875 0.6266339869281046 0.4306640625 0.6356209150326797 0.4306640625
9 0.4730392156862745 0.4296875 0.4812091503267974 0.4296875 0.4730392156862745 0.4384765625 0.4812091503267974 0.4384765625
9 0.4632352941176471 0.4306640625 0.4714052287581699 0.4306640625 0.4632352941176471 0.439453125 0.4714052287581699 0.439453125
9 0.5334967320261438 0.4384765625 0.5400326797385621 0.4384765625 0.5334967320261438 0.4462890625 0.5400326797385621 0.4462890625
9 0.5081699346405228 0.4384765625 0.5163398692810458 0.4384765625 0.5081699346405228 0.4482421875 0.5163398692810458 0.4482421875
9 0.05065359477124183 0.482421875 0.06862745098039216 0.482421875 0.05065359477124183 0.5029296875 0.06862745098039216 0.5029296875
9 0.16993464052287582 0.423828125 0.1895424836601307 0.423828125 0.16993464052287582 0.44921875 0.1895424836601307 0.44921875
9 0.1715686274509804 0.4501953125 0.18872549019607843 0.4501953125 0.1715686274509804 0.458984375 0.18872549019607843 0.458984375
7 0.7393790849673203 0.4384765625 0.7687908496732027 0.4384765625 0.7393790849673203 0.486328125 0.7687908496732027 0.486328125
7 0.7720588235294118 0.4306640625 0.8047385620915033 0.4306640625 0.7720588235294118 0.541015625 0.8047385620915033 0.541015625
7 0.8374183006535948 0.4150390625 0.9035947712418301 0.4150390625 0.8374183006535948 0.5537109375 0.9035947712418301 0.5537109375
7 0.673202614379085 0.443359375 0.6830065359477124 0.443359375 0.673202614379085 0.48046875 0.6830065359477124 0.48046875
7 0.6380718954248366 0.4443359375 0.6527777777777778 0.4443359375 0.6380718954248366 0.4921875 0.6527777777777778 0.4921875
7 0.6495098039215687 0.4453125 0.6633986928104575 0.4453125 0.6495098039215687 0.4912109375 0.6633986928104575 0.4912109375
7 0.6609477124183006 0.443359375 0.6748366013071896 0.443359375 0.6609477124183006 0.482421875 0.6748366013071896 0.482421875
7 0.5147058823529411 0.4560546875 0.5220588235294118 0.4560546875 0.5147058823529411 0.4765625 0.5220588235294118 0.4765625
7 0.4991830065359477 0.4541015625 0.5089869281045751 0.4541015625 0.4991830065359477 0.482421875 0.5089869281045751 0.482421875
7 0.4910130718954248 0.4541015625 0.49836601307189543 0.4541015625 0.4910130718954248 0.48046875 0.49836601307189543 0.48046875
7 0.11683006535947713 0.4921875 0.12663398692810457 0.4921875 0.11683006535947713 0.5283203125 0.12663398692810457 0.5283203125
7 0.19852941176470587 0.6181640625 0.3374183006535948 0.6181640625 0.19852941176470587 0.8251953125 0.3374183006535948 0.8251953125
7 0.21568627450980393 0.4765625 0.2222222222222222 0.4765625 0.21568627450980393 0.4931640625 0.2222222222222222 0.4931640625
7 0.23529411764705882 0.4794921875 0.23937908496732027 0.4794921875 0.23529411764705882 0.4990234375 0.23937908496732027 0.4990234375
7 0.2549019607843137 0.474609375 0.26143790849673204 0.474609375 0.2549019607843137 0.494140625 0.26143790849673204 0.494140625
7 0.26062091503267976 0.474609375 0.2647058823529412 0.474609375 0.26062091503267976 0.494140625 0.2647058823529412 0.494140625
7 0.2638888888888889 0.4736328125 0.2704248366013072 0.4736328125 0.2638888888888889 0.498046875 0.2704248366013072 0.498046875
7 0.27124183006535946 0.4716796875 0.2785947712418301 0.4716796875 0.27124183006535946 0.49609375 0.2785947712418301 0.49609375
7 0.3145424836601307 0.46875 0.3202614379084967 0.46875 0.3145424836601307 0.48828125 0.3202614379084967 0.48828125
7 0.3202614379084967 0.4677734375 0.32679738562091504 0.4677734375 0.3202614379084967 0.4892578125 0.32679738562091504 0.4892578125
7 0.3366013071895425 0.46875 0.3415032679738562 0.46875 0.3366013071895425 0.4892578125 0.3415032679738562 0.4892578125
7 0.33088235294117646 0.466796875 0.33578431372549017 0.466796875 0.33088235294117646 0.48828125 0.33578431372549017 0.48828125
7 0.3831699346405229 0.462890625 0.3872549019607843 0.462890625 0.3831699346405229 0.4716796875 0.3872549019607843 0.4716796875
7 0.37745098039215685 0.462890625 0.38235294117647056 0.462890625 0.37745098039215685 0.47265625 0.38235294117647056 0.47265625
7 0.4199346405228758 0.4609375 0.4264705882352941 0.4609375 0.4199346405228758 0.48046875 0.4264705882352941 0.48046875
7 0.4076797385620915 0.4599609375 0.41421568627450983 0.4599609375 0.4076797385620915 0.4736328125 0.41421568627450983 0.4736328125
7 0.4117647058823529 0.4619140625 0.41911764705882354 0.4619140625 0.4117647058823529 0.4833984375 0.41911764705882354 0.4833984375
7 0.44362745098039214 0.4599609375 0.45016339869281047 0.4599609375 0.44362745098039214 0.4814453125 0.45016339869281047 0.4814453125
7 0.4583333333333333 0.4599609375 0.46486928104575165 0.4599609375 0.4583333333333333 0.48046875 0.46486928104575165 0.48046875
7 0.4534313725490196 0.4580078125 0.4591503267973856 0.4580078125 0.4534313725490196 0.48046875 0.4591503267973856 0.48046875
7 0.4852941176470588 0.455078125 0.49019607843137253 0.455078125 0.4852941176470588 0.474609375 0.49019607843137253 0.474609375
7 0.47875816993464054 0.4560546875 0.48447712418300654 0.4560546875 0.47875816993464054 0.4794921875 0.48447712418300654 0.4794921875
7 0.4730392156862745 0.4560546875 0.47794117647058826 0.4560546875 0.4730392156862745 0.4794921875 0.47794117647058826 0.4794921875
7 0.4665032679738562 0.4580078125 0.4714052287581699 0.4580078125 0.4665032679738562 0.4765625 0.4714052287581699 0.4765625
0 0.3480392156862745 0.5078125 0.37663398692810457 0.5078125 0.3480392156862745 0.5810546875 0.37663398692810457 0.5810546875
5 0.1527777777777778 0.49609375 0.1781045751633987 0.49609375 0.1527777777777778 0.5166015625 0.1781045751633987 0.5166015625
5 0.16666666666666666 0.494140625 0.18382352941176472 0.494140625 0.16666666666666666 0.515625 0.18382352941176472 0.515625
5 0.1895424836601307 0.4921875 0.20751633986928106 0.4921875 0.1895424836601307 0.5146484375 0.20751633986928106 0.5146484375
5 0.20261437908496732 0.4921875 0.2181372549019608 0.4921875 0.20261437908496732 0.513671875 0.2181372549019608 0.513671875
5 0.2181372549019608 0.4892578125 0.2361111111111111 0.4892578125 0.2181372549019608 0.5078125 0.2361111111111111 0.5078125
2 0.6200980392156863 0.4560546875 0.6388888888888888 0.4560546875 0.6200980392156863 0.4833984375 0.6388888888888888 0.4833984375
2 0.5743464052287581 0.453125 0.6339869281045751 0.453125 0.5743464052287581 0.5244140625 0.6339869281045751 0.5244140625
2 0.5049019607843137 0.4599609375 0.5939542483660131 0.4599609375 0.5049019607843137 0.5517578125 0.5939542483660131 0.5517578125
2 0.5547385620915033 0.4580078125 0.5784313725490197 0.4580078125 0.5547385620915033 0.474609375 0.5784313725490197 0.474609375
2 0.36764705882352944 0.46875 0.41421568627450983 0.46875 0.36764705882352944 0.4931640625 0.41421568627450983 0.4931640625
7 0.3423202614379085 0.462890625 0.3709150326797386 0.462890625 0.3423202614379085 0.564453125 0.3709150326797386 0.564453125
6 0.07026143790849673 0.4697265625 0.12336601307189543 0.4697265625 0.07026143790849673 0.5302734375 0.12336601307189543 0.5302734375