9 0.6933333333333334 0.310625 0.715 0.310625 0.6933333333333334 0.34625 0.715 0.34625
7 0.36944444444444446 0.4475 0.38055555555555554 0.4475 0.36944444444444446 0.48375 0.38055555555555554 0.48375
7 0.46111111111111114 0.434375 0.47888888888888886 0.434375 0.46111111111111114 0.514375 0.47888888888888886 0.514375
0 0.9216666666666666 0.433125 0.9994444444444445 0.433125 0.9216666666666666 0.62375 0.9994444444444445 0.62375
0 0.7677777777777778 0.449375 0.8005555555555556 0.449375 0.7677777777777778 0.52875 0.8005555555555556 0.52875
0 0.7127777777777777 0.5225 0.7705555555555555 0.5225 0.7127777777777777 0.68 0.7705555555555555 0.68
0 0.6255555555555555 0.454375 0.6566666666666666 0.454375 0.6255555555555555 0.526875 0.6566666666666666 0.526875
0 0.5927777777777777 0.4525 0.6166666666666667 0.4525 0.5927777777777777 0.51375 0.6166666666666667 0.51375
0 0.5455555555555556 0.4675 0.5961111111111111 0.4675 0.5455555555555556 0.57125 0.5961111111111111 0.57125
0 0.4638888888888889 0.471875 0.5155555555555555 0.471875 0.4638888888888889 0.57375 0.5155555555555555 0.57375
0 0.4116666666666667 0.500625 0.4572222222222222 0.500625 0.4116666666666667 0.635 0.4572222222222222 0.635
0 0.09777777777777778 0.468125 0.1361111111111111 0.468125 0.09777777777777778 0.54 0.1361111111111111 0.54
0 0.16555555555555557 0.4625 0.20333333333333334 0.4625 0.16555555555555557 0.52625 0.20333333333333334 0.52625
0 0.2811111111111111 0.46375 0.29777777777777775 0.46375 0.2811111111111111 0.4925 0.29777777777777775 0.4925
2 0.3022222222222222 0.455 0.3527777777777778 0.455 0.3022222222222222 0.498125 0.3527777777777778 0.498125
2 0.365 0.4575 0.395 0.4575 0.365 0.481875 0.395 0.481875
2 0.3844444444444444 0.45625 0.3977777777777778 0.45625 0.3844444444444444 0.478125 0.3977777777777778 0.478125
2 0.24944444444444444 0.455625 0.2922222222222222 0.455625 0.24944444444444444 0.484375 0.2922222222222222 0.484375
7 0.69 0.36625 0.7761111111111111 0.36625 0.69 0.650625 0.7761111111111111 0.650625
7 0.5433333333333333 0.394375 0.5977777777777777 0.394375 0.5433333333333333 0.558125 0.5977777777777777 0.558125
7 0.4633333333333333 0.41125 0.5127777777777778 0.41125 0.4633333333333333 0.554375 0.5127777777777778 0.554375
7 0.3883333333333333 0.398125 0.4622222222222222 0.398125 0.3883333333333333 0.606875 0.4622222222222222 0.606875