9 0.59453125 0.43359375 0.60859375 0.43359375 0.59453125 0.451171875 0.60859375 0.451171875
9 0.59296875 0.4267578125 0.609375 0.4267578125 0.59296875 0.431640625 0.609375 0.431640625
9 0.59921875 0.451171875 0.60546875 0.451171875 0.59921875 0.455078125 0.60546875 0.455078125
9 0.62890625 0.4560546875 0.6421875 0.4560546875 0.62890625 0.46484375 0.6421875 0.46484375
7 0.3921875 0.4814453125 0.40703125 0.4814453125 0.3921875 0.5341796875 0.40703125 0.5341796875
2 0.7625 0.5146484375 0.99921875 0.5146484375 0.7625 0.7841796875 0.99921875 0.7841796875
2 0.7046875 0.529296875 0.8203125 0.529296875 0.7046875 0.6884765625 0.8203125 0.6884765625
2 0.971875 0.4501953125 0.99921875 0.4501953125 0.971875 0.4853515625 0.99921875 0.4853515625
2 0.92734375 0.4716796875 0.99921875 0.4716796875 0.92734375 0.533203125 0.99921875 0.533203125
2 0.85 0.474609375 0.96171875 0.474609375 0.85 0.5302734375 0.96171875 0.5302734375
2 0.74296875 0.470703125 0.8609375 0.470703125 0.74296875 0.521484375 0.8609375 0.521484375
2 0.71171875 0.470703125 0.765625 0.470703125 0.71171875 0.5185546875 0.765625 0.5185546875
2 0.61171875 0.48828125 0.6984375 0.48828125 0.61171875 0.5732421875 0.6984375 0.5732421875
2 0.6015625 0.48046875 0.675 0.48046875 0.6015625 0.5517578125 0.675 0.5517578125
2 0.57734375 0.4736328125 0.62109375 0.4736328125 0.57734375 0.5283203125 0.62109375 0.5283203125
2 0.56875 0.46875 0.62109375 0.46875 0.56875 0.5205078125 0.62109375 0.5205078125
2 0.55859375 0.4765625 0.56796875 0.4765625 0.55859375 0.4951171875 0.56796875 0.4951171875
2 0.55234375 0.4765625 0.5625 0.4765625 0.55234375 0.4970703125 0.5625 0.4970703125
2 0.53515625 0.478515625 0.55390625 0.478515625 0.53515625 0.4990234375 0.55390625 0.4990234375
2 0.51875 0.482421875 0.5359375 0.482421875 0.51875 0.5 0.5359375 0.5
2 0.49453125 0.48046875 0.51796875 0.48046875 0.49453125 0.5029296875 0.51796875 0.5029296875
2 0.4484375 0.478515625 0.4984375 0.478515625 0.4484375 0.5263671875 0.4984375 0.5263671875
2 0.4140625 0.4814453125 0.4375 0.4814453125 0.4140625 0.521484375 0.4375 0.521484375
2 0.3859375 0.4814453125 0.428125 0.4814453125 0.3859375 0.52734375 0.428125 0.52734375
2 0.35078125 0.490234375 0.40234375 0.490234375 0.35078125 0.54296875 0.40234375 0.54296875
2 0.33515625 0.5009765625 0.3765625 0.5009765625 0.33515625 0.5654296875 0.3765625 0.5654296875
2 0.27890625 0.50390625 0.359375 0.50390625 0.27890625 0.5869140625 0.359375 0.5869140625
2 0.17109375 0.5078125 0.28515625 0.5078125 0.17109375 0.6357421875 0.28515625 0.6357421875
2 0.09609375 0.4755859375 0.21171875 0.4755859375 0.09609375 0.5302734375 0.21171875 0.5302734375
2 0.025 0.490234375 0.115625 0.490234375 0.025 0.5693359375 0.115625 0.5693359375
2 0.09921875 0.4951171875 0.1703125 0.4951171875 0.09921875 0.546875 0.1703125 0.546875
2 0.08671875 0.541015625 0.228125 0.541015625 0.08671875 0.6845703125 0.228125 0.6845703125
2 0 0.572265625 0.1625 0.572265625 0 0.759765625 0.1625 0.759765625