4 0.9428104575163399 0.2607421875 0.9754901960784313 0.2607421875 0.9428104575163399 0.328125 0.9754901960784313 0.328125
4 0.9714052287581699 0.3017578125 0.9991830065359477 0.3017578125 0.9714052287581699 0.3583984375 0.9991830065359477 0.3583984375
4 0.9174836601307189 0.275390625 0.9452614379084967 0.275390625 0.9174836601307189 0.3603515625 0.9452614379084967 0.3603515625
4 0.6462418300653595 0.35546875 0.6576797385620915 0.35546875 0.6462418300653595 0.3876953125 0.6576797385620915 0.3876953125
4 0.24754901960784315 0.3076171875 0.26143790849673204 0.3076171875 0.24754901960784315 0.3466796875 0.26143790849673204 0.3466796875
4 0.24591503267973855 0.19140625 0.2679738562091503 0.19140625 0.24591503267973855 0.2783203125 0.2679738562091503 0.2783203125
4 0.21650326797385622 0.0859375 0.2638888888888889 0.0859375 0.21650326797385622 0.2138671875 0.2638888888888889 0.2138671875
4 0.2965686274509804 0.1640625 0.33986928104575165 0.1640625 0.2965686274509804 0.2724609375 0.33986928104575165 0.2724609375
9 0.21405228758169934 0.2177734375 0.24754901960784315 0.2177734375 0.21405228758169934 0.259765625 0.24754901960784315 0.259765625
9 0.3055555555555556 0.2763671875 0.3300653594771242 0.2763671875 0.3055555555555556 0.3046875 0.3300653594771242 0.3046875
7 0.6821895424836601 0.412109375 0.7581699346405228 0.412109375 0.6821895424836601 0.560546875 0.7581699346405228 0.560546875
7 0.3627450980392157 0.3681640625 0.4011437908496732 0.3681640625 0.3627450980392157 0.53515625 0.4011437908496732 0.53515625
7 0.3202614379084967 0.3828125 0.3602941176470588 0.3828125 0.3202614379084967 0.5341796875 0.3602941176470588 0.5341796875
7 0.41013071895424835 0.3955078125 0.4223856209150327 0.3955078125 0.41013071895424835 0.416015625 0.4223856209150327 0.416015625
7 0.4256535947712418 0.392578125 0.4362745098039216 0.392578125 0.4256535947712418 0.4267578125 0.4362745098039216 0.4267578125
7 0.4387254901960784 0.392578125 0.4485294117647059 0.392578125 0.4387254901960784 0.4248046875 0.4485294117647059 0.4248046875
7 0 0.3681640625 0.0718954248366013 0.3681640625 0 0.458984375 0.0718954248366013 0.458984375
13 0.47058823529411764 0.376953125 0.4950980392156863 0.376953125 0.47058823529411764 0.416015625 0.4950980392156863 0.416015625
5 0.4616013071895425 0.4443359375 0.5808823529411765 0.4443359375 0.4616013071895425 0.6875 0.5808823529411765 0.6875
2 0.8022875816993464 0.3564453125 0.9991830065359477 0.3564453125 0.8022875816993464 0.7529296875 0.9991830065359477 0.7529296875
7 0.44689542483660133 0.392578125 0.5808823529411765 0.392578125 0.44689542483660133 0.6640625 0.5808823529411765 0.6640625
6 0.6895424836601307 0.3828125 0.8316993464052288 0.3828125 0.6895424836601307 0.4580078125 0.8316993464052288 0.4580078125