4 0.3627450980392157 0.40625 0.3741830065359477 0.40625 0.3627450980392157 0.4365234375 0.3741830065359477 0.4365234375
4 0.8120915032679739 0.466796875 0.8178104575163399 0.466796875 0.8120915032679739 0.478515625 0.8178104575163399 0.478515625
4 0.43218954248366015 0.427734375 0.4411764705882353 0.427734375 0.43218954248366015 0.451171875 0.4411764705882353 0.451171875
4 0.43790849673202614 0.4873046875 0.44281045751633985 0.4873046875 0.43790849673202614 0.4931640625 0.44281045751633985 0.4931640625
9 0.29901960784313725 0.4814453125 0.3088235294117647 0.4814453125 0.29901960784313725 0.4931640625 0.3088235294117647 0.4931640625
9 0.704248366013072 0.4306640625 0.7254901960784313 0.4306640625 0.704248366013072 0.45703125 0.7254901960784313 0.45703125
9 0.7083333333333334 0.45703125 0.7238562091503268 0.45703125 0.7083333333333334 0.4638671875 0.7238562091503268 0.4638671875
9 0.3668300653594771 0.4521484375 0.37254901960784315 0.4521484375 0.3668300653594771 0.4638671875 0.37254901960784315 0.4638671875
9 0.3627450980392157 0.4521484375 0.3668300653594771 0.4521484375 0.3627450980392157 0.46484375 0.3668300653594771 0.46484375
7 0.9419934640522876 0.505859375 0.9656862745098039 0.505859375 0.9419934640522876 0.5751953125 0.9656862745098039 0.5751953125
5 0.2883986928104575 0.5068359375 0.309640522875817 0.5068359375 0.2883986928104575 0.5498046875 0.309640522875817 0.5498046875
5 0.3137254901960784 0.5205078125 0.32598039215686275 0.5205078125 0.3137254901960784 0.546875 0.32598039215686275 0.546875
5 0.6356209150326797 0.50390625 0.6609477124183006 0.50390625 0.6356209150326797 0.5263671875 0.6609477124183006 0.5263671875
5 0.4918300653594771 0.5068359375 0.5008169934640523 0.5068359375 0.4918300653594771 0.525390625 0.5008169934640523 0.525390625
2 0 0.4501953125 0.2973856209150327 0.4501953125 0 0.771484375 0.2973856209150327 0.771484375
2 0.4117647058823529 0.5029296875 0.6584967320261438 0.5029296875 0.4117647058823529 0.7568359375 0.6584967320261438 0.7568359375
2 0.272875816993464 0.5126953125 0.2900326797385621 0.5126953125 0.272875816993464 0.529296875 0.2900326797385621 0.529296875
2 0.3227124183006536 0.4951171875 0.3937908496732026 0.4951171875 0.3227124183006536 0.5478515625 0.3937908496732026 0.5478515625
2 0.3839869281045752 0.4990234375 0.4362745098039216 0.4990234375 0.3839869281045752 0.5419921875 0.4362745098039216 0.5419921875
2 0.571078431372549 0.48828125 0.6004901960784313 0.48828125 0.571078431372549 0.5205078125 0.6004901960784313 0.5205078125
2 0.6004901960784313 0.50390625 0.6086601307189542 0.50390625 0.6004901960784313 0.5185546875 0.6086601307189542 0.5185546875
2 0.6004901960784313 0.4921875 0.619281045751634 0.4921875 0.6004901960784313 0.515625 0.619281045751634 0.515625
2 0.619281045751634 0.50390625 0.630718954248366 0.50390625 0.619281045751634 0.515625 0.630718954248366 0.515625
2 0.6854575163398693 0.498046875 0.7099673202614379 0.498046875 0.6854575163398693 0.5322265625 0.7099673202614379 0.5322265625
2 0.6813725490196079 0.4970703125 0.6952614379084967 0.4970703125 0.6813725490196079 0.5107421875 0.6952614379084967 0.5107421875
2 0.7843137254901961 0.5009765625 0.8145424836601307 0.5009765625 0.7843137254901961 0.5224609375 0.8145424836601307 0.5224609375
7 0.29411764705882354 0.49609375 0.3104575163398693 0.49609375 0.29411764705882354 0.5283203125 0.3104575163398693 0.5283203125
7 0.3104575163398693 0.4970703125 0.32516339869281047 0.4970703125 0.3104575163398693 0.5400390625 0.32516339869281047 0.5400390625
7 0.6666666666666666 0.490234375 0.6813725490196079 0.490234375 0.6666666666666666 0.5283203125 0.6813725490196079 0.5283203125
7 0.6421568627450981 0.4951171875 0.6527777777777778 0.4951171875 0.6421568627450981 0.525390625 0.6527777777777778 0.525390625
6 0.6715686274509803 0.509765625 0.6813725490196079 0.509765625 0.6715686274509803 0.5361328125 0.6813725490196079 0.5361328125