1 0.5825163398692811 0.39453125 0.5923202614379085 0.39453125 0.5825163398692811 0.4072265625 0.5923202614379085 0.4072265625
4 0.2434640522875817 0.3779296875 0.2549019607843137 0.3779296875 0.2434640522875817 0.4033203125 0.2549019607843137 0.4033203125
4 0.3799019607843137 0.4169921875 0.3929738562091503 0.4169921875 0.3799019607843137 0.453125 0.3929738562091503 0.453125
4 0.36437908496732024 0.2314453125 0.3929738562091503 0.2314453125 0.36437908496732024 0.3046875 0.3929738562091503 0.3046875
4 0.43709150326797386 0.3935546875 0.4493464052287582 0.3935546875 0.43709150326797386 0.4140625 0.4493464052287582 0.4140625
4 0.41748366013071897 0.39453125 0.4272875816993464 0.39453125 0.41748366013071897 0.412109375 0.4272875816993464 0.412109375
4 0.5294117647058824 0.4150390625 0.5343137254901961 0.4150390625 0.5294117647058824 0.423828125 0.5343137254901961 0.423828125
4 0.5269607843137255 0.3662109375 0.5334967320261438 0.3662109375 0.5269607843137255 0.3828125 0.5334967320261438 0.3828125
4 0.5849673202614379 0.3271484375 0.5947712418300654 0.3271484375 0.5849673202614379 0.345703125 0.5947712418300654 0.345703125
4 0.934640522875817 0.3779296875 0.9395424836601307 0.3779296875 0.934640522875817 0.388671875 0.9395424836601307 0.388671875
4 0.7271241830065359 0.36328125 0.7361111111111112 0.36328125 0.7271241830065359 0.380859375 0.7361111111111112 0.380859375
4 0.6642156862745098 0.408203125 0.6683006535947712 0.408203125 0.6642156862745098 0.4169921875 0.6683006535947712 0.4169921875
9 0.1642156862745098 0.384765625 0.19607843137254902 0.384765625 0.1642156862745098 0.3984375 0.19607843137254902 0.3984375
9 0.16584967320261437 0.4013671875 0.19526143790849673 0.4013671875 0.16584967320261437 0.41015625 0.19526143790849673 0.41015625
9 0.17565359477124182 0.4130859375 0.20506535947712418 0.4130859375 0.17565359477124182 0.421875 0.20506535947712418 0.421875
9 0.2769607843137255 0.431640625 0.2818627450980392 0.431640625 0.2769607843137255 0.44921875 0.2818627450980392 0.44921875
9 0.5 0.38671875 0.511437908496732 0.38671875 0.5 0.400390625 0.511437908496732 0.400390625
9 0.5269607843137255 0.396484375 0.5351307189542484 0.396484375 0.5269607843137255 0.40625 0.5351307189542484 0.40625
9 0.548202614379085 0.396484375 0.5571895424836601 0.396484375 0.548202614379085 0.4072265625 0.5571895424836601 0.4072265625
9 0.6936274509803921 0.396484375 0.7197712418300654 0.396484375 0.6936274509803921 0.404296875 0.7197712418300654 0.404296875
9 0.6617647058823529 0.3857421875 0.6683006535947712 0.3857421875 0.6617647058823529 0.3935546875 0.6683006535947712 0.3935546875
9 0.6625816993464052 0.3955078125 0.6691176470588235 0.3955078125 0.6625816993464052 0.40234375 0.6691176470588235 0.40234375
9 0 0.4150390625 0.015522875816993464 0.4150390625 0 0.4296875 0.015522875816993464 0.4296875
9 0.5081699346405228 0.4130859375 0.5147058823529411 0.4130859375 0.5081699346405228 0.4267578125 0.5147058823529411 0.4267578125
7 0.119281045751634 0.443359375 0.13316993464052287 0.443359375 0.119281045751634 0.4912109375 0.13316993464052287 0.4912109375
7 0.09477124183006536 0.443359375 0.10457516339869281 0.443359375 0.09477124183006536 0.4853515625 0.10457516339869281 0.4853515625
7 0.2883986928104575 0.4365234375 0.2957516339869281 0.4365234375 0.2883986928104575 0.447265625 0.2957516339869281 0.447265625
7 0.35947712418300654 0.4296875 0.37173202614379086 0.4296875 0.35947712418300654 0.4638671875 0.37173202614379086 0.4638671875
7 0.35130718954248363 0.4306640625 0.3619281045751634 0.4306640625 0.35130718954248363 0.4658203125 0.3619281045751634 0.4658203125
7 0.41013071895424835 0.427734375 0.41830065359477125 0.427734375 0.41013071895424835 0.451171875 0.41830065359477125 0.451171875
7 0.4395424836601307 0.427734375 0.4477124183006536 0.427734375 0.4395424836601307 0.4501953125 0.4477124183006536 0.4501953125
7 0.45098039215686275 0.4248046875 0.4583333333333333 0.4248046875 0.45098039215686275 0.4462890625 0.4583333333333333 0.4462890625
7 0.7263071895424836 0.4169921875 0.7344771241830066 0.4169921875 0.7263071895424836 0.44921875 0.7344771241830066 0.44921875
7 0.3104575163398693 0.435546875 0.31862745098039214 0.435546875 0.3104575163398693 0.4453125 0.31862745098039214 0.4453125
0 0.3472222222222222 0.44140625 0.3741830065359477 0.44140625 0.3472222222222222 0.46484375 0.3741830065359477 0.46484375
0 0.9648692810457516 0.4345703125 0.9991830065359477 0.4345703125 0.9648692810457516 0.4873046875 0.9991830065359477 0.4873046875
0 0.2238562091503268 0.44921875 0.25326797385620914 0.44921875 0.2238562091503268 0.4794921875 0.25326797385620914 0.4794921875
0 0.19852941176470587 0.4521484375 0.21895424836601307 0.4521484375 0.19852941176470587 0.4755859375 0.21895424836601307 0.4755859375
5 0.05555555555555555 0.4423828125 0.10212418300653595 0.4423828125 0.05555555555555555 0.486328125 0.10212418300653595 0.486328125
5 0.9133986928104575 0.4169921875 0.9379084967320261 0.4169921875 0.9133986928104575 0.4404296875 0.9379084967320261 0.4404296875
2 0.5522875816993464 0.412109375 0.7230392156862745 0.412109375 0.5522875816993464 0.4912109375 0.7230392156862745 0.4912109375
2 0.7222222222222222 0.419921875 0.9452614379084967 0.419921875 0.7222222222222222 0.625 0.9452614379084967 0.625
2 0.6870915032679739 0.4189453125 0.7181372549019608 0.4189453125 0.6870915032679739 0.4423828125 0.7181372549019608 0.4423828125
2 0.5988562091503268 0.40625 0.6078431372549019 0.40625 0.5988562091503268 0.4130859375 0.6078431372549019 0.4130859375
2 0.5727124183006536 0.4013671875 0.5800653594771242 0.4013671875 0.5727124183006536 0.4091796875 0.5800653594771242 0.4091796875
7 0.9763071895424836 0.4072265625 0.9991830065359477 0.4072265625 0.9763071895424836 0.470703125 0.9991830065359477 0.470703125