9 0.7255555555555555 0.280625 0.7494444444444445 0.280625 0.7255555555555555 0.321875 0.7494444444444445 0.321875
0 0.4988888888888889 0.4625 0.575 0.4625 0.4988888888888889 0.635625 0.575 0.635625
0 0.5977777777777777 0.45875 0.69 0.45875 0.5977777777777777 0.645625 0.69 0.645625
0 0.8261111111111111 0.4525 0.9066666666666666 0.4525 0.8261111111111111 0.61375 0.9066666666666666 0.61375
0 0.8705555555555555 0.415 0.9633333333333334 0.415 0.8705555555555555 0.593125 0.9633333333333334 0.593125
0 0.9077777777777778 0.435625 0.9994444444444445 0.435625 0.9077777777777778 0.611875 0.9994444444444445 0.611875
0 0.7183333333333334 0.443125 0.7783333333333333 0.443125 0.7183333333333334 0.56125 0.7783333333333333 0.56125
0 0.7572222222222222 0.42 0.8172222222222222 0.42 0.7572222222222222 0.55 0.8172222222222222 0.55
0 0.795 0.440625 0.8433333333333334 0.440625 0.795 0.5475 0.8433333333333334 0.5475
0 0.7011111111111111 0.435 0.7338888888888889 0.435 0.7011111111111111 0.51125 0.7338888888888889 0.51125
0 0.6766666666666666 0.41875 0.7038888888888889 0.41875 0.6766666666666666 0.510625 0.7038888888888889 0.510625
0 0.41944444444444445 0.458125 0.44277777777777777 0.458125 0.41944444444444445 0.5175 0.44277777777777777 0.5175
2 0.49277777777777776 0.441875 0.5011111111111111 0.441875 0.49277777777777776 0.45 0.5011111111111111 0.45
2 0.49666666666666665 0.443125 0.5055555555555555 0.443125 0.49666666666666665 0.45625 0.5055555555555555 0.45625
7 0.4066666666666667 0.41875 0.4494444444444444 0.41875 0.4066666666666667 0.508125 0.4494444444444444 0.508125
7 0.49722222222222223 0.368125 0.5777777777777777 0.368125 0.49722222222222223 0.6025 0.5777777777777777 0.6025
7 0.5961111111111111 0.3275 0.6955555555555556 0.3275 0.5961111111111111 0.57875 0.6955555555555556 0.57875
3 0.13277777777777777 0.46875 0.15666666666666668 0.46875 0.13277777777777777 0.52125 0.15666666666666668 0.52125