4 0.5133333333333333 0.405 0.5238888888888888 0.405 0.5133333333333333 0.434375 0.5238888888888888 0.434375
4 0.4666666666666667 0.41125 0.47555555555555556 0.41125 0.4666666666666667 0.43375 0.47555555555555556 0.43375
4 0.43444444444444447 0.375625 0.4444444444444444 0.375625 0.43444444444444447 0.401875 0.4444444444444444 0.401875
4 0.22777777777777777 0.39875 0.24055555555555555 0.39875 0.22777777777777777 0.43875 0.24055555555555555 0.43875
9 0.0022222222222222222 0.413125 0.019444444444444445 0.413125 0.0022222222222222222 0.445625 0.019444444444444445 0.445625
9 0.58 0.3875 0.6127777777777778 0.3875 0.58 0.42 0.6127777777777778 0.42
7 0.6427777777777778 0.434375 0.6544444444444445 0.434375 0.6427777777777778 0.480625 0.6544444444444445 0.480625
7 0.6583333333333333 0.439375 0.6772222222222222 0.439375 0.6583333333333333 0.49875 0.6772222222222222 0.49875
7 0.765 0.40875 0.8005555555555556 0.40875 0.765 0.5325 0.8005555555555556 0.5325
7 0.6855555555555556 0.42625 0.7016666666666667 0.42625 0.6855555555555556 0.48 0.7016666666666667 0.48
2 0.115 0.456875 0.2311111111111111 0.456875 0.115 0.53625 0.2311111111111111 0.53625
2 0.25055555555555553 0.454375 0.31777777777777777 0.454375 0.25055555555555553 0.5075 0.31777777777777777 0.5075
2 0.3238888888888889 0.441875 0.3983333333333333 0.441875 0.3238888888888889 0.500625 0.3983333333333333 0.500625
2 0.4177777777777778 0.4525 0.4411111111111111 0.4525 0.4177777777777778 0.474375 0.4411111111111111 0.474375