4 0.7777777777777778 0.2734375 0.7998366013071896 0.2734375 0.7777777777777778 0.326171875 0.7998366013071896 0.326171875
4 0.8145424836601307 0.30859375 0.8406862745098039 0.30859375 0.8145424836601307 0.3447265625 0.8406862745098039 0.3447265625
4 0.8668300653594772 0.2021484375 0.8937908496732027 0.2021484375 0.8668300653594772 0.298828125 0.8937908496732027 0.298828125
4 0.9011437908496732 0.2431640625 0.9215686274509803 0.2431640625 0.9011437908496732 0.30078125 0.9215686274509803 0.30078125
4 0.8529411764705882 0.259765625 0.8725490196078431 0.259765625 0.8529411764705882 0.3125 0.8725490196078431 0.3125
9 0 0.3564453125 0.0857843137254902 0.3564453125 0 0.439453125 0.0857843137254902 0.439453125
9 0.2222222222222222 0.0859375 0.41013071895424835 0.0859375 0.2222222222222222 0.2900390625 0.41013071895424835 0.2900390625
9 0.5580065359477124 0.1572265625 0.6429738562091504 0.1572265625 0.5580065359477124 0.2666015625 0.6429738562091504 0.2666015625
7 0.8374183006535948 0.3740234375 0.8815359477124183 0.3740234375 0.8374183006535948 0.4912109375 0.8815359477124183 0.4912109375
7 0.9281045751633987 0.3896484375 0.9436274509803921 0.3896484375 0.9281045751633987 0.4658203125 0.9436274509803921 0.4658203125
7 0.9166666666666666 0.3935546875 0.9321895424836601 0.3935546875 0.9166666666666666 0.462890625 0.9321895424836601 0.462890625
13 0.04656862745098039 0.3408203125 0.11029411764705882 0.3408203125 0.04656862745098039 0.369140625 0.11029411764705882 0.369140625
2 0.2295751633986928 0.380859375 0.27450980392156865 0.380859375 0.2295751633986928 0.4248046875 0.27450980392156865 0.4248046875
2 0.4959150326797386 0.3583984375 0.6928104575163399 0.3583984375 0.4959150326797386 0.47265625 0.6928104575163399 0.47265625