4 0.4683333333333333 0.415 0.47 0.415 0.4683333333333333 0.419375 0.47 0.419375
4 0.4888888888888889 0.41375 0.4905555555555556 0.41375 0.4888888888888889 0.418125 0.4905555555555556 0.418125
9 0.5733333333333334 0.421875 0.5805555555555556 0.421875 0.5733333333333334 0.43375 0.5805555555555556 0.43375
9 0.5538888888888889 0.431875 0.5588888888888889 0.431875 0.5538888888888889 0.43875 0.5588888888888889 0.43875
2 0 0.454375 0.04722222222222222 0.454375 0 0.51 0.04722222222222222 0.51
2 0.2861111111111111 0.429375 0.36333333333333334 0.429375 0.2861111111111111 0.4975 0.36333333333333334 0.4975
2 0.36777777777777776 0.4425 0.3972222222222222 0.4425 0.36777777777777776 0.466875 0.3972222222222222 0.466875
2 0.39555555555555555 0.441875 0.415 0.441875 0.39555555555555555 0.46125 0.415 0.46125
2 0.4161111111111111 0.4425 0.4338888888888889 0.4425 0.4161111111111111 0.45875 0.4338888888888889 0.45875
2 0.4311111111111111 0.443125 0.44222222222222224 0.443125 0.4311111111111111 0.45625 0.44222222222222224 0.45625
2 0.46444444444444444 0.4325 0.47 0.4325 0.46444444444444444 0.43875 0.47 0.43875
2 0.4622222222222222 0.43 0.4677777777777778 0.43 0.4622222222222222 0.435625 0.4677777777777778 0.435625
2 0.4633333333333333 0.428125 0.4672222222222222 0.428125 0.4633333333333333 0.43 0.4672222222222222 0.43
2 0.46555555555555556 0.425 0.46944444444444444 0.425 0.46555555555555556 0.42875 0.46944444444444444 0.42875
2 0.4922222222222222 0.439375 0.5144444444444445 0.439375 0.4922222222222222 0.45875 0.5144444444444445 0.45875
2 0.485 0.425 0.49 0.425 0.485 0.429375 0.49 0.429375
2 0.48333333333333334 0.42375 0.4866666666666667 0.42375 0.48333333333333334 0.4275 0.4866666666666667 0.4275