9 0.7705555555555555 0.319375 0.7966666666666666 0.319375 0.7705555555555555 0.369375 0.7966666666666666 0.369375
9 0.5605555555555556 0.408125 0.5688888888888889 0.408125 0.5605555555555556 0.4225 0.5688888888888889 0.4225
9 0.5283333333333333 0.41875 0.5361111111111111 0.41875 0.5283333333333333 0.43 0.5361111111111111 0.43
2 0.8455555555555555 0.37375 0.9994444444444445 0.37375 0.8455555555555555 0.735625 0.9994444444444445 0.735625
2 0.6738888888888889 0.43125 0.8838888888888888 0.43125 0.6738888888888889 0.5975 0.8838888888888888 0.5975
2 0.6083333333333333 0.415625 0.7383333333333333 0.415625 0.6083333333333333 0.544375 0.7383333333333333 0.544375
2 0.5655555555555556 0.435 0.6305555555555555 0.435 0.5655555555555556 0.50375 0.6305555555555555 0.50375
2 0.53 0.42875 0.59 0.42875 0.53 0.4875 0.59 0.4875
2 0.5255555555555556 0.44125 0.54 0.44125 0.5255555555555556 0.476875 0.54 0.476875
2 0.4688888888888889 0.4425 0.4766666666666667 0.4425 0.4688888888888889 0.450625 0.4766666666666667 0.450625
2 0.45611111111111113 0.445625 0.4677777777777778 0.445625 0.45611111111111113 0.455625 0.4677777777777778 0.455625
2 0.4444444444444444 0.44375 0.455 0.44375 0.4444444444444444 0.455 0.455 0.455
2 0.4361111111111111 0.444375 0.4444444444444444 0.444375 0.4361111111111111 0.4575 0.4444444444444444 0.4575
2 0.41833333333333333 0.44375 0.43722222222222223 0.44375 0.41833333333333333 0.46125 0.43722222222222223 0.46125
2 0.37555555555555553 0.435625 0.41055555555555556 0.435625 0.37555555555555553 0.474375 0.41055555555555556 0.474375
2 0.37444444444444447 0.4475 0.3938888888888889 0.4475 0.37444444444444447 0.47625 0.3938888888888889 0.47625
2 0.33666666666666667 0.44125 0.3761111111111111 0.44125 0.33666666666666667 0.485625 0.3761111111111111 0.485625
2 0.3 0.44375 0.3516666666666667 0.44375 0.3 0.495 0.3516666666666667 0.495
2 0.26722222222222225 0.451875 0.33 0.451875 0.26722222222222225 0.50625 0.33 0.50625
2 0.19444444444444445 0.440625 0.2733333333333333 0.440625 0.19444444444444445 0.5325 0.2733333333333333 0.5325
2 0.0661111111111111 0.43875 0.21388888888888888 0.43875 0.0661111111111111 0.566875 0.21388888888888888 0.566875