4 0.8398692810457516 0.2041015625 0.8823529411764706 0.2041015625 0.8398692810457516 0.357421875 0.8823529411764706 0.357421875
4 0.8186274509803921 0.515625 0.8357843137254902 0.515625 0.8186274509803921 0.5673828125 0.8357843137254902 0.5673828125
4 0.056372549019607844 0.1201171875 0.11274509803921569 0.1201171875 0.056372549019607844 0.283203125 0.11274509803921569 0.283203125
4 0.0661764705882353 0.484375 0.10130718954248366 0.484375 0.0661764705882353 0.583984375 0.10130718954248366 0.583984375
4 0.18627450980392157 0.447265625 0.20915032679738563 0.447265625 0.18627450980392157 0.4775390625 0.20915032679738563 0.4775390625
4 0.45179738562091504 0.5078125 0.45588235294117646 0.5078125 0.45179738562091504 0.513671875 0.45588235294117646 0.513671875
9 0.7532679738562091 0.4736328125 0.7745098039215687 0.4736328125 0.7532679738562091 0.4873046875 0.7745098039215687 0.4873046875
9 0.049019607843137254 0.2958984375 0.11601307189542484 0.2958984375 0.049019607843137254 0.373046875 0.11601307189542484 0.373046875
9 0.3194444444444444 0.427734375 0.3415032679738562 0.427734375 0.3194444444444444 0.4541015625 0.3415032679738562 0.4541015625
9 0.31862745098039214 0.4541015625 0.3431372549019608 0.4541015625 0.31862745098039214 0.4638671875 0.3431372549019608 0.4638671875
9 0.5980392156862745 0.53515625 0.636437908496732 0.53515625 0.5980392156862745 0.5625 0.636437908496732 0.5625
9 0.1854575163398693 0.3916015625 0.20016339869281047 0.3916015625 0.1854575163398693 0.421875 0.20016339869281047 0.421875
7 0.36437908496732024 0.509765625 0.37663398692810457 0.509765625 0.36437908496732024 0.556640625 0.37663398692810457 0.556640625
7 0.375 0.5078125 0.38480392156862747 0.5078125 0.375 0.5625 0.38480392156862747 0.5625
7 0.38480392156862747 0.5087890625 0.397875816993464 0.5087890625 0.38480392156862747 0.5654296875 0.397875816993464 0.5654296875
2 0.4730392156862745 0.5146484375 0.4910130718954248 0.5146484375 0.4730392156862745 0.5341796875 0.4910130718954248 0.5341796875
2 0.46405228758169936 0.521484375 0.4730392156862745 0.521484375 0.46405228758169936 0.529296875 0.4730392156862745 0.529296875