9 0.18125 0.3876953125 0.22734375 0.3876953125 0.18125 0.408203125 0.22734375 0.408203125
9 0.17265625 0.3037109375 0.2359375 0.3037109375 0.17265625 0.388671875 0.2359375 0.388671875
7 0.9796875 0.51171875 0.99921875 0.51171875 0.9796875 0.669921875 0.99921875 0.669921875
2 0.32578125 0.5205078125 0.4671875 0.5205078125 0.32578125 0.6494140625 0.4671875 0.6494140625
2 0.43359375 0.51171875 0.503125 0.51171875 0.43359375 0.603515625 0.503125 0.603515625
2 0.4765625 0.50390625 0.525 0.50390625 0.4765625 0.583984375 0.525 0.583984375
2 0.5 0.5009765625 0.5375 0.5009765625 0.5 0.5693359375 0.5375 0.5693359375
2 0.51640625 0.498046875 0.56328125 0.498046875 0.51640625 0.5546875 0.56328125 0.5546875
2 0.53359375 0.486328125 0.5828125 0.486328125 0.53359375 0.5400390625 0.5828125 0.5400390625
2 0.56796875 0.4814453125 0.6 0.4814453125 0.56796875 0.525390625 0.6 0.525390625
2 0.58984375 0.478515625 0.6171875 0.478515625 0.58984375 0.5166015625 0.6171875 0.5166015625
2 0.59375 0.4677734375 0.6296875 0.4677734375 0.59375 0.5087890625 0.6296875 0.5087890625
2 0.62265625 0.466796875 0.64296875 0.466796875 0.62265625 0.5009765625 0.64296875 0.5009765625
2 0.63359375 0.462890625 0.6515625 0.462890625 0.63359375 0.4892578125 0.6515625 0.4892578125
2 0.646875 0.45703125 0.66171875 0.45703125 0.646875 0.4775390625 0.66171875 0.4775390625
2 0.76953125 0.4716796875 0.8359375 0.4716796875 0.76953125 0.5390625 0.8359375 0.5390625
2 0.7578125 0.4677734375 0.803125 0.4677734375 0.7578125 0.5283203125 0.803125 0.5283203125
2 0.7453125 0.46484375 0.77890625 0.46484375 0.7453125 0.515625 0.77890625 0.515625
2 0.73515625 0.466796875 0.7546875 0.466796875 0.73515625 0.4990234375 0.7546875 0.4990234375
2 0.7203125 0.45703125 0.74375 0.45703125 0.7203125 0.484375 0.74375 0.484375
2 0.70703125 0.4560546875 0.72421875 0.4560546875 0.70703125 0.482421875 0.72421875 0.482421875
2 0.65703125 0.455078125 0.66953125 0.455078125 0.65703125 0.47265625 0.66953125 0.47265625