9 0.3933333333333333 0.391875 0.4066666666666667 0.391875 0.3933333333333333 0.408125 0.4066666666666667 0.408125
9 0.18388888888888888 0.38625 0.19833333333333333 0.38625 0.18388888888888888 0.399375 0.19833333333333333 0.399375
7 0.0022222222222222222 0.40125 0.09444444444444444 0.40125 0.0022222222222222222 0.6325 0.09444444444444444 0.6325
7 0.025555555555555557 0.38125 0.07 0.38125 0.025555555555555557 0.59625 0.07 0.59625
7 0.0011111111111111111 0.36125 0.03833333333333333 0.36125 0.0011111111111111111 0.485625 0.03833333333333333 0.485625
7 0.8161111111111111 0.4225 0.945 0.4225 0.8161111111111111 0.705 0.945 0.705
7 0.7077777777777777 0.45125 0.7844444444444445 0.45125 0.7077777777777777 0.703125 0.7844444444444445 0.703125
7 0.6155555555555555 0.328125 0.7383333333333333 0.328125 0.6155555555555555 0.7575 0.7383333333333333 0.7575
7 0.8527777777777777 0.34 0.92 0.34 0.8527777777777777 0.44875 0.92 0.44875
7 0.7877777777777778 0.355625 0.8388888888888889 0.355625 0.7877777777777778 0.499375 0.8388888888888889 0.499375
7 0.7494444444444445 0.493125 0.8322222222222222 0.493125 0.7494444444444445 0.658125 0.8322222222222222 0.658125
7 0.7488888888888889 0.335 0.8105555555555556 0.335 0.7488888888888889 0.50375 0.8105555555555556 0.50375
7 0.5888888888888889 0.31875 0.6838888888888889 0.31875 0.5888888888888889 0.694375 0.6838888888888889 0.694375
7 0.5733333333333334 0.423125 0.5972222222222222 0.423125 0.5733333333333334 0.50375 0.5972222222222222 0.50375
7 0.5505555555555556 0.423125 0.5816666666666667 0.423125 0.5505555555555556 0.518125 0.5816666666666667 0.518125
7 0.5316666666666666 0.41625 0.5633333333333334 0.41625 0.5316666666666666 0.524375 0.5633333333333334 0.524375
7 0.49166666666666664 0.386875 0.5261111111111111 0.386875 0.49166666666666664 0.535 0.5261111111111111 0.535
7 0.45666666666666667 0.4325 0.49666666666666665 0.4325 0.45666666666666667 0.529375 0.49666666666666665 0.529375
7 0.44222222222222224 0.43125 0.4627777777777778 0.43125 0.44222222222222224 0.49625 0.4627777777777778 0.49625
7 0.4577777777777778 0.42625 0.4777777777777778 0.42625 0.4577777777777778 0.455 0.4777777777777778 0.455
7 0.41888888888888887 0.43125 0.44 0.43125 0.41888888888888887 0.499375 0.44 0.499375
7 0.4338888888888889 0.408125 0.4633333333333333 0.408125 0.4338888888888889 0.441875 0.4633333333333333 0.441875
7 0.39 0.410625 0.41444444444444445 0.410625 0.39 0.5025 0.41444444444444445 0.5025
7 0.3616666666666667 0.405625 0.3927777777777778 0.405625 0.3616666666666667 0.509375 0.3927777777777778 0.509375
7 0.3427777777777778 0.421875 0.35888888888888887 0.421875 0.3427777777777778 0.47375 0.35888888888888887 0.47375
2 0.32944444444444443 0.430625 0.3438888888888889 0.430625 0.32944444444444443 0.453125 0.3438888888888889 0.453125
2 0.195 0.3925 0.3383333333333333 0.3925 0.195 0.54125 0.3383333333333333 0.54125