4 0.89404296875 0.40625 0.92626953125 0.40625 0.89404296875 0.4993489583333333 0.92626953125 0.4993489583333333
4 0.07763671875 0.5149739583333334 0.08935546875 0.5149739583333334 0.07763671875 0.5325520833333334 0.08935546875 0.5325520833333334
9 0.25927734375 0.5319010416666666 0.27587890625 0.5319010416666666 0.25927734375 0.5611979166666666 0.27587890625 0.5611979166666666
7 0.37890625 0.5579427083333334 0.4033203125 0.5579427083333334 0.37890625 0.630859375 0.4033203125 0.630859375
7 0.400390625 0.5579427083333334 0.41943359375 0.5579427083333334 0.400390625 0.6302083333333334 0.41943359375 0.6302083333333334
7 0.03759765625 0.5911458333333334 0.052734375 0.5911458333333334 0.03759765625 0.6634114583333334 0.052734375 0.6634114583333334
7 0.03125 0.5774739583333334 0.04296875 0.5774739583333334 0.03125 0.6555989583333334 0.04296875 0.6555989583333334
2 0.70703125 0.5755208333333334 0.96923828125 0.5755208333333334 0.70703125 0.826171875 0.96923828125 0.826171875
2 0.6259765625 0.55078125 0.7412109375 0.55078125 0.6259765625 0.6790364583333334 0.7412109375 0.6790364583333334
2 0.61328125 0.578125 0.64697265625 0.578125 0.61328125 0.6236979166666666 0.64697265625 0.6236979166666666
2 0.55419921875 0.5833333333333334 0.57421875 0.5833333333333334 0.55419921875 0.603515625 0.57421875 0.603515625
2 0.443359375 0.5358072916666666 0.49853515625 0.5358072916666666 0.443359375 0.619140625 0.49853515625 0.619140625