9 0.9555555555555556 0.359375 0.9688888888888889 0.359375 0.9555555555555556 0.391875 0.9688888888888889 0.391875
9 0.9488888888888889 0.425625 0.9577777777777777 0.425625 0.9488888888888889 0.441875 0.9577777777777777 0.441875
9 0.7744444444444445 0.35625 0.7911111111111111 0.35625 0.7744444444444445 0.38125 0.7911111111111111 0.38125
0 0.4255555555555556 0.43625 0.43777777777777777 0.43625 0.4255555555555556 0.45625 0.43777777777777777 0.45625
0 0.88 0.475625 0.9505555555555556 0.475625 0.88 0.585 0.9505555555555556 0.585
0 0.7272222222222222 0.47625 0.7711111111111111 0.47625 0.7272222222222222 0.555625 0.7711111111111111 0.555625
0 0.6783333333333333 0.46 0.7177777777777777 0.46 0.6783333333333333 0.524375 0.7177777777777777 0.524375
0 0.6705555555555556 0.46875 0.6916666666666667 0.46875 0.6705555555555556 0.51125 0.6916666666666667 0.51125
0 0.6422222222222222 0.45625 0.6594444444444445 0.45625 0.6422222222222222 0.500625 0.6594444444444445 0.500625
0 0.6161111111111112 0.45375 0.6305555555555555 0.45375 0.6161111111111112 0.484375 0.6305555555555555 0.484375
0 0.6011111111111112 0.453125 0.6122222222222222 0.453125 0.6011111111111112 0.47875 0.6122222222222222 0.47875
0 0.5661111111111111 0.4325 0.5727777777777778 0.4325 0.5661111111111111 0.449375 0.5727777777777778 0.449375
0 0.5777777777777777 0.436875 0.5838888888888889 0.436875 0.5777777777777777 0.45 0.5838888888888889 0.45
2 0.7144444444444444 0.414375 0.8527777777777777 0.414375 0.7144444444444444 0.523125 0.8527777777777777 0.523125
2 0.6566666666666666 0.433125 0.6955555555555556 0.433125 0.6566666666666666 0.4775 0.6955555555555556 0.4775
2 0.6116666666666667 0.438125 0.6383333333333333 0.438125 0.6116666666666667 0.464375 0.6383333333333333 0.464375
2 0.5833333333333334 0.42 0.6177777777777778 0.42 0.5833333333333334 0.450625 0.6177777777777778 0.450625
2 0.5711111111111111 0.415 0.59 0.415 0.5711111111111111 0.434375 0.59 0.434375
2 0.4461111111111111 0.4225 0.47888888888888886 0.4225 0.4461111111111111 0.45625 0.47888888888888886 0.45625
2 0.4661111111111111 0.41625 0.4911111111111111 0.41625 0.4661111111111111 0.443125 0.4911111111111111 0.443125
2 0.4866666666666667 0.41875 0.49944444444444447 0.41875 0.4866666666666667 0.435625 0.49944444444444447 0.435625
2 0.4888888888888889 0.415 0.5027777777777778 0.415 0.4888888888888889 0.43 0.5027777777777778 0.43
7 0.8794444444444445 0.4 0.94 0.4 0.8794444444444445 0.56125 0.94 0.56125
7 0.7261111111111112 0.418125 0.7766666666666666 0.418125 0.7261111111111112 0.536875 0.7766666666666666 0.536875
7 0.6783333333333333 0.41 0.7183333333333334 0.41 0.6783333333333333 0.515625 0.7183333333333334 0.515625
7 0.6622222222222223 0.424375 0.6944444444444444 0.424375 0.6622222222222223 0.4975 0.6944444444444444 0.4975
7 0.6361111111111111 0.41875 0.6605555555555556 0.41875 0.6361111111111111 0.494375 0.6605555555555556 0.494375
7 0.6127777777777778 0.429375 0.6316666666666667 0.429375 0.6127777777777778 0.475 0.6316666666666667 0.475
7 0.5994444444444444 0.429375 0.6144444444444445 0.429375 0.5994444444444444 0.468125 0.6144444444444445 0.468125
7 0.5655555555555556 0.42 0.5733333333333334 0.42 0.5655555555555556 0.440625 0.5733333333333334 0.440625
7 0.5766666666666667 0.423125 0.585 0.423125 0.5766666666666667 0.445625 0.585 0.445625