9 0.091796875 0.40625 0.10498046875 0.40625 0.091796875 0.4654947916666667 0.10498046875 0.4654947916666667
9 0.0869140625 0.474609375 0.10302734375 0.474609375 0.0869140625 0.4895833333333333 0.10302734375 0.4895833333333333
7 0.26025390625 0.5143229166666666 0.3046875 0.5143229166666666 0.26025390625 0.6848958333333334 0.3046875 0.6848958333333334
7 0.8125 0.5559895833333334 0.8388671875 0.5559895833333334 0.8125 0.5904947916666666 0.8388671875 0.5904947916666666
7 0.84716796875 0.5572916666666666 0.88720703125 0.5572916666666666 0.84716796875 0.630859375 0.88720703125 0.630859375
2 0.52685546875 0.5494791666666666 0.5400390625 0.5494791666666666 0.52685546875 0.5716145833333334 0.5400390625 0.5716145833333334
2 0.51513671875 0.5462239583333334 0.53076171875 0.5462239583333334 0.51513671875 0.5755208333333334 0.53076171875 0.5755208333333334
2 0.505859375 0.5455729166666666 0.5205078125 0.5455729166666666 0.505859375 0.580078125 0.5205078125 0.580078125
2 0.47216796875 0.5423177083333334 0.509765625 0.5423177083333334 0.47216796875 0.5852864583333334 0.509765625 0.5852864583333334
2 0.462890625 0.5514322916666666 0.49267578125 0.5514322916666666 0.462890625 0.5963541666666666 0.49267578125 0.5963541666666666
2 0.4189453125 0.5514322916666666 0.466796875 0.5514322916666666 0.4189453125 0.6028645833333334 0.466796875 0.6028645833333334
2 0.39013671875 0.548828125 0.4345703125 0.548828125 0.39013671875 0.6171875 0.4345703125 0.6171875
2 0.3603515625 0.5462239583333334 0.40283203125 0.5462239583333334 0.3603515625 0.6315104166666666 0.40283203125 0.6315104166666666
2 0.29443359375 0.55078125 0.38037109375 0.55078125 0.29443359375 0.6451822916666666 0.38037109375 0.6451822916666666
2 0.0771484375 0.537109375 0.2734375 0.537109375 0.0771484375 0.6946614583333334 0.2734375 0.6946614583333334
2 0.6025390625 0.5501302083333334 0.61865234375 0.5501302083333334 0.6025390625 0.583984375 0.61865234375 0.583984375
2 0.6142578125 0.5475260416666666 0.6357421875 0.5475260416666666 0.6142578125 0.5787760416666666 0.6357421875 0.5787760416666666
2 0.62890625 0.541015625 0.67138671875 0.541015625 0.62890625 0.5748697916666666 0.67138671875 0.5748697916666666
2 0.66259765625 0.5455729166666666 0.69580078125 0.5455729166666666 0.66259765625 0.5709635416666666 0.69580078125 0.5709635416666666
2 0.69580078125 0.5319010416666666 0.7998046875 0.5319010416666666 0.69580078125 0.580078125 0.7998046875 0.580078125
2 0.4912109375 0.5696614583333334 0.96435546875 0.5696614583333334 0.4912109375 0.83203125 0.96435546875 0.83203125