4 0.07109375 0.3544921875 0.0953125 0.3544921875 0.07109375 0.4140625 0.0953125 0.4140625
4 0.06875 0.4580078125 0.08828125 0.4580078125 0.06875 0.4814453125 0.08828125 0.4814453125
4 0.2328125 0.3720703125 0.24921875 0.3720703125 0.2328125 0.4189453125 0.24921875 0.4189453125
4 0.23515625 0.447265625 0.24609375 0.447265625 0.23515625 0.4658203125 0.24609375 0.4658203125
4 0.32109375 0.4453125 0.33671875 0.4453125 0.32109375 0.4619140625 0.33671875 0.4619140625
4 0.32734375 0.3984375 0.33671875 0.3984375 0.32734375 0.419921875 0.33671875 0.419921875
4 0.878125 0.3427734375 0.8984375 0.3427734375 0.878125 0.38671875 0.8984375 0.38671875
4 0.75078125 0.365234375 0.76640625 0.365234375 0.75078125 0.4091796875 0.76640625 0.4091796875
4 0.75234375 0.427734375 0.7625 0.427734375 0.75234375 0.4443359375 0.7625 0.4443359375
4 0.58984375 0.4228515625 0.5953125 0.4228515625 0.58984375 0.431640625 0.5953125 0.431640625
4 0.64609375 0.44921875 0.65078125 0.44921875 0.64609375 0.455078125 0.65078125 0.455078125
4 0.64609375 0.45703125 0.65078125 0.45703125 0.64609375 0.4638671875 0.65078125 0.4638671875
4 0.5453125 0.447265625 0.5515625 0.447265625 0.5453125 0.4609375 0.5515625 0.4609375
4 0.63046875 0.4560546875 0.634375 0.4560546875 0.63046875 0.4609375 0.634375 0.4609375
4 0.59296875 0.4599609375 0.59609375 0.4599609375 0.59296875 0.4658203125 0.59609375 0.4658203125
4 0.54765625 0.462890625 0.55234375 0.462890625 0.54765625 0.46875 0.55234375 0.46875
9 0.053125 0.4326171875 0.071875 0.4326171875 0.053125 0.44921875 0.071875 0.44921875
9 0.753125 0.4111328125 0.78359375 0.4111328125 0.753125 0.423828125 0.78359375 0.423828125
9 0.74296875 0.4697265625 0.75 0.4697265625 0.74296875 0.4833984375 0.75 0.4833984375
9 0.9171875 0.4775390625 0.93515625 0.4775390625 0.9171875 0.5087890625 0.93515625 0.5087890625
2 0.44296875 0.4873046875 0.4921875 0.4873046875 0.44296875 0.53125 0.4921875 0.53125
2 0.503125 0.4765625 0.5390625 0.4765625 0.503125 0.51171875 0.5390625 0.51171875
2 0.53046875 0.4794921875 0.54609375 0.4794921875 0.53046875 0.5048828125 0.54609375 0.5048828125
2 0.54375 0.4814453125 0.559375 0.4814453125 0.54375 0.4990234375 0.559375 0.4990234375
2 0.57265625 0.4765625 0.59296875 0.4765625 0.57265625 0.4931640625 0.59296875 0.4931640625
2 0.5546875 0.48046875 0.56640625 0.48046875 0.5546875 0.4970703125 0.56640625 0.4970703125