9 0.83984375 0.3662109375 0.8671875 0.3662109375 0.83984375 0.3837890625 0.8671875 0.3837890625
9 0.81875 0.2802734375 0.8859375 0.2802734375 0.81875 0.365234375 0.8859375 0.365234375
9 0.72578125 0.4423828125 0.73125 0.4423828125 0.72578125 0.4501953125 0.73125 0.4501953125
9 0.7234375 0.404296875 0.73359375 0.404296875 0.7234375 0.44140625 0.73359375 0.44140625
9 0.096875 0.451171875 0.10625 0.451171875 0.096875 0.4580078125 0.10625 0.4580078125
9 0.0875 0.419921875 0.11328125 0.419921875 0.0875 0.451171875 0.11328125 0.451171875
7 0.68828125 0.455078125 0.709375 0.455078125 0.68828125 0.5341796875 0.709375 0.5341796875
7 0.6609375 0.451171875 0.68671875 0.451171875 0.6609375 0.53515625 0.68671875 0.53515625
7 0.63125 0.4599609375 0.659375 0.4599609375 0.63125 0.53515625 0.659375 0.53515625
7 0.5703125 0.4560546875 0.58125 0.4560546875 0.5703125 0.4892578125 0.58125 0.4892578125
7 0.52109375 0.45703125 0.53125 0.45703125 0.52109375 0.48828125 0.53125 0.48828125
7 0.07578125 0.4990234375 0.09453125 0.4990234375 0.07578125 0.5634765625 0.09453125 0.5634765625
7 0.1015625 0.4970703125 0.12109375 0.4970703125 0.1015625 0.5625 0.12109375 0.5625
0 0.97109375 0.5146484375 0.99921875 0.5146484375 0.97109375 0.6318359375 0.99921875 0.6318359375
2 0.86015625 0.486328125 0.99921875 0.486328125 0.86015625 0.5634765625 0.99921875 0.5634765625
2 0.48359375 0.484375 0.6265625 0.484375 0.48359375 0.546875 0.6265625 0.546875
2 0.35625 0.4912109375 0.40859375 0.4912109375 0.35625 0.5390625 0.40859375 0.5390625
2 0.346875 0.4892578125 0.3671875 0.4892578125 0.346875 0.5302734375 0.3671875 0.5302734375
2 0.3359375 0.48046875 0.37890625 0.48046875 0.3359375 0.5263671875 0.37890625 0.5263671875
2 0.32734375 0.4931640625 0.34140625 0.4931640625 0.32734375 0.5244140625 0.34140625 0.5244140625
2 0.315625 0.486328125 0.3421875 0.486328125 0.315625 0.5185546875 0.3421875 0.5185546875
2 0.3015625 0.4873046875 0.3234375 0.4873046875 0.3015625 0.515625 0.3234375 0.515625
2 0.296875 0.4873046875 0.309375 0.4873046875 0.296875 0.5146484375 0.309375 0.5146484375
2 0.2875 0.484375 0.30234375 0.484375 0.2875 0.5126953125 0.30234375 0.5126953125
2 0.28203125 0.4912109375 0.2921875 0.4912109375 0.28203125 0.5087890625 0.2921875 0.5087890625
2 0.27734375 0.490234375 0.28671875 0.490234375 0.27734375 0.5087890625 0.28671875 0.5087890625
2 0.27109375 0.490234375 0.28203125 0.490234375 0.27109375 0.5087890625 0.28203125 0.5087890625
2 0.26484375 0.486328125 0.275 0.486328125 0.26484375 0.501953125 0.275 0.501953125
2 0.2265625 0.517578125 0.34375 0.517578125 0.2265625 0.60546875 0.34375 0.60546875
2 0.21875 0.490234375 0.271875 0.490234375 0.21875 0.5458984375 0.271875 0.5458984375
2 0.2125 0.4892578125 0.23125 0.4892578125 0.2125 0.515625 0.23125 0.515625
2 0.1375 0.486328125 0.19453125 0.486328125 0.1375 0.5537109375 0.19453125 0.5537109375
2 0.16015625 0.48046875 0.19921875 0.48046875 0.16015625 0.53125 0.19921875 0.53125
2 0.1921875 0.4921875 0.20390625 0.4921875 0.1921875 0.51953125 0.20390625 0.51953125
2 0.58359375 0.462890625 0.6578125 0.462890625 0.58359375 0.50390625 0.6578125 0.50390625
2 0.70859375 0.46484375 0.7640625 0.46484375 0.70859375 0.517578125 0.7640625 0.517578125
2 0.19453125 0.4892578125 0.20703125 0.4892578125 0.19453125 0.509765625 0.20703125 0.509765625