4 0.64599609375 0.5091145833333334 0.6591796875 0.5091145833333334 0.64599609375 0.529296875 0.6591796875 0.529296875
4 0.48974609375 0.5345052083333334 0.49853515625 0.5345052083333334 0.48974609375 0.5559895833333334 0.49853515625 0.5559895833333334
4 0.4365234375 0.5123697916666666 0.44775390625 0.5123697916666666 0.4365234375 0.5338541666666666 0.44775390625 0.5338541666666666
7 0.853515625 0.5501302083333334 0.8701171875 0.5501302083333334 0.853515625 0.6139322916666666 0.8701171875 0.6139322916666666
7 0.826171875 0.5390625 0.8515625 0.5390625 0.826171875 0.6223958333333334 0.8515625 0.6223958333333334
7 0.80078125 0.5475260416666666 0.8193359375 0.5475260416666666 0.80078125 0.5904947916666666 0.8193359375 0.5904947916666666
7 0.607421875 0.5572916666666666 0.625 0.5572916666666666 0.607421875 0.6041666666666666 0.625 0.6041666666666666
7 0.19384765625 0.5540364583333334 0.2109375 0.5540364583333334 0.19384765625 0.5904947916666666 0.2109375 0.5904947916666666
7 0.03125 0.5618489583333334 0.05029296875 0.5618489583333334 0.03125 0.6028645833333334 0.05029296875 0.6028645833333334
7 0.1142578125 0.5540364583333334 0.1328125 0.5540364583333334 0.1142578125 0.5983072916666666 0.1328125 0.5983072916666666
7 0.13232421875 0.5598958333333334 0.1533203125 0.5598958333333334 0.13232421875 0.5950520833333334 0.1533203125 0.5950520833333334
7 0.06787109375 0.544921875 0.09716796875 0.544921875 0.06787109375 0.6009114583333334 0.09716796875 0.6009114583333334
7 0.6416015625 0.56640625 0.6572265625 0.56640625 0.6416015625 0.6145833333333334 0.6572265625 0.6145833333333334
0 0.60888671875 0.576171875 0.62646484375 0.576171875 0.60888671875 0.6126302083333334 0.62646484375 0.6126302083333334
2 0.5029296875 0.564453125 0.5859375 0.564453125 0.5029296875 0.6614583333333334 0.5859375 0.6614583333333334
2 0.4658203125 0.5690104166666666 0.49462890625 0.5690104166666666 0.4658203125 0.5970052083333334 0.49462890625 0.5970052083333334
2 0.623046875 0.5677083333333334 0.64599609375 0.5677083333333334 0.623046875 0.60546875 0.64599609375 0.60546875