4 0.5285947712418301 0.5 0.5334967320261438 0.5 0.5285947712418301 0.5107421875 0.5334967320261438 0.5107421875
9 0.8439542483660131 0.404296875 0.880718954248366 0.404296875 0.8439542483660131 0.4453125 0.880718954248366 0.4453125
9 0.8398692810457516 0.4453125 0.886437908496732 0.4453125 0.8398692810457516 0.474609375 0.886437908496732 0.474609375
9 0.19444444444444445 0.43359375 0.23039215686274508 0.43359375 0.19444444444444445 0.474609375 0.23039215686274508 0.474609375
9 0.21160130718954248 0.4775390625 0.22630718954248366 0.4775390625 0.21160130718954248 0.4990234375 0.22630718954248366 0.4990234375
7 0.6870915032679739 0.521484375 0.7009803921568627 0.521484375 0.6870915032679739 0.5771484375 0.7009803921568627 0.5771484375
7 0.6372549019607843 0.5234375 0.6486928104575164 0.5234375 0.6372549019607843 0.5654296875 0.6486928104575164 0.5654296875
7 0.6470588235294118 0.5185546875 0.6552287581699346 0.5185546875 0.6470588235294118 0.5634765625 0.6552287581699346 0.5634765625
7 0.6160130718954249 0.5244140625 0.6315359477124183 0.5244140625 0.6160130718954249 0.5673828125 0.6315359477124183 0.5673828125
7 0.6070261437908496 0.525390625 0.6160130718954249 0.525390625 0.6070261437908496 0.568359375 0.6160130718954249 0.568359375
7 0.3464052287581699 0.5224609375 0.35294117647058826 0.5224609375 0.3464052287581699 0.544921875 0.35294117647058826 0.544921875
7 0.352124183006536 0.5234375 0.35784313725490197 0.5234375 0.352124183006536 0.544921875 0.35784313725490197 0.544921875
7 0.25163398692810457 0.525390625 0.2622549019607843 0.525390625 0.25163398692810457 0.55859375 0.2622549019607843 0.55859375
7 0.2246732026143791 0.5205078125 0.23447712418300654 0.5205078125 0.2246732026143791 0.564453125 0.23447712418300654 0.564453125
7 0.23447712418300654 0.5244140625 0.24428104575163398 0.5244140625 0.23447712418300654 0.56640625 0.24428104575163398 0.56640625
7 0.1772875816993464 0.525390625 0.19444444444444445 0.525390625 0.1772875816993464 0.591796875 0.19444444444444445 0.591796875
7 0.11274509803921569 0.541015625 0.13480392156862744 0.541015625 0.11274509803921569 0.5732421875 0.13480392156862744 0.5732421875
7 0.06535947712418301 0.533203125 0.08986928104575163 0.533203125 0.06535947712418301 0.61328125 0.08986928104575163 0.61328125
7 0.04411764705882353 0.5322265625 0.0661764705882353 0.5322265625 0.04411764705882353 0.6044921875 0.0661764705882353 0.6044921875
0 0.8929738562091504 0.5791015625 0.9812091503267973 0.5791015625 0.8929738562091504 0.6865234375 0.9812091503267973 0.6865234375
5 0.4591503267973856 0.52734375 0.4665032679738562 0.52734375 0.4591503267973856 0.5380859375 0.4665032679738562 0.5380859375
2 0.49019607843137253 0.521484375 0.5163398692810458 0.521484375 0.49019607843137253 0.541015625 0.5163398692810458 0.541015625
2 0.4665032679738562 0.51953125 0.47794117647058826 0.51953125 0.4665032679738562 0.5302734375 0.47794117647058826 0.5302734375
7 0.4599673202614379 0.521484375 0.4665032679738562 0.521484375 0.4599673202614379 0.5322265625 0.4665032679738562 0.5322265625