4 0.31781045751633985 0.4287109375 0.32679738562091504 0.4287109375 0.31781045751633985 0.462890625 0.32679738562091504 0.462890625
4 0.5245098039215687 0.4306640625 0.5334967320261438 0.4306640625 0.5245098039215687 0.4580078125 0.5334967320261438 0.4580078125
4 0.4599673202614379 0.4619140625 0.46486928104575165 0.4619140625 0.4599673202614379 0.4775390625 0.46486928104575165 0.4775390625
4 0.8366013071895425 0.5263671875 0.8439542483660131 0.5263671875 0.8366013071895425 0.5341796875 0.8439542483660131 0.5341796875
9 0.7303921568627451 0.4716796875 0.761437908496732 0.4716796875 0.7303921568627451 0.4794921875 0.761437908496732 0.4794921875
9 0.7303921568627451 0.48046875 0.761437908496732 0.48046875 0.7303921568627451 0.48828125 0.761437908496732 0.48828125
9 0.7303921568627451 0.48828125 0.761437908496732 0.48828125 0.7303921568627451 0.49609375 0.761437908496732 0.49609375
9 0.7303921568627451 0.49609375 0.7606209150326797 0.49609375 0.7303921568627451 0.50390625 0.7606209150326797 0.50390625
9 0.5629084967320261 0.4853515625 0.5727124183006536 0.4853515625 0.5629084967320261 0.4970703125 0.5727124183006536 0.4970703125
9 0.5637254901960784 0.4970703125 0.571078431372549 0.4970703125 0.5637254901960784 0.5107421875 0.571078431372549 0.5107421875
9 0.5 0.4921875 0.5106209150326797 0.4921875 0.5 0.5068359375 0.5106209150326797 0.5068359375
9 0.36519607843137253 0.4833984375 0.3758169934640523 0.4833984375 0.36519607843137253 0.4951171875 0.3758169934640523 0.4951171875
9 0.36437908496732024 0.4951171875 0.3741830065359477 0.4951171875 0.36437908496732024 0.5 0.3741830065359477 0.5
7 0.696078431372549 0.521484375 0.7083333333333334 0.521484375 0.696078431372549 0.5634765625 0.7083333333333334 0.5634765625
7 0.6772875816993464 0.517578125 0.6895424836601307 0.517578125 0.6772875816993464 0.564453125 0.6895424836601307 0.564453125
7 0.6683006535947712 0.5205078125 0.6781045751633987 0.5205078125 0.6683006535947712 0.5654296875 0.6781045751633987 0.5654296875
7 0.6184640522875817 0.515625 0.6282679738562091 0.515625 0.6184640522875817 0.5458984375 0.6282679738562091 0.5458984375
7 0.6021241830065359 0.515625 0.6111111111111112 0.515625 0.6021241830065359 0.54296875 0.6111111111111112 0.54296875
2 0.05555555555555555 0.5302734375 0.21486928104575165 0.5302734375 0.05555555555555555 0.642578125 0.21486928104575165 0.642578125
2 0.1772875816993464 0.521484375 0.26633986928104575 0.521484375 0.1772875816993464 0.609375 0.26633986928104575 0.609375
2 0.33986928104575165 0.517578125 0.39869281045751637 0.517578125 0.33986928104575165 0.57421875 0.39869281045751637 0.57421875
2 0.42483660130718953 0.5068359375 0.4803921568627451 0.5068359375 0.42483660130718953 0.5283203125 0.4803921568627451 0.5283203125
2 0.39950980392156865 0.5283203125 0.5 0.5283203125 0.39950980392156865 0.6201171875 0.5 0.6201171875