9 0.38055555555555554 0.369375 0.42944444444444446 0.369375 0.38055555555555554 0.42625 0.42944444444444446 0.42625
2 0 0.375 0.44222222222222224 0.375 0 0.634375 0.44222222222222224 0.634375
2 0.9338888888888889 0.47625 0.9994444444444445 0.47625 0.9338888888888889 0.524375 0.9994444444444445 0.524375
2 0.4222222222222222 0.4525 0.4911111111111111 0.4525 0.4222222222222222 0.49375 0.4911111111111111 0.49375
2 0.455 0.46625 0.4938888888888889 0.46625 0.455 0.499375 0.4938888888888889 0.499375
2 0.4772222222222222 0.48375 0.5577777777777778 0.48375 0.4772222222222222 0.54625 0.5577777777777778 0.54625
2 0.4938888888888889 0.460625 0.6011111111111112 0.460625 0.4938888888888889 0.51125 0.6011111111111112 0.51125
2 0.5966666666666667 0.450625 0.7533333333333333 0.450625 0.5966666666666667 0.54375 0.7533333333333333 0.54375
2 0.6972222222222222 0.475 0.8938888888888888 0.475 0.6972222222222222 0.558125 0.8938888888888888 0.558125
2 0.6588888888888889 0.51 0.795 0.51 0.6588888888888889 0.551875 0.795 0.551875
2 0.8588888888888889 0.478125 0.9116666666666666 0.478125 0.8588888888888889 0.5075 0.9116666666666666 0.5075
2 0.8811111111111111 0.469375 0.9266666666666666 0.469375 0.8811111111111111 0.494375 0.9266666666666666 0.494375
2 0.8172222222222222 0.47 0.8683333333333333 0.47 0.8172222222222222 0.496875 0.8683333333333333 0.496875
2 0.7488888888888889 0.46125 0.7883333333333333 0.46125 0.7488888888888889 0.475 0.7883333333333333 0.475
2 0.7894444444444444 0.466875 0.8327777777777777 0.466875 0.7894444444444444 0.4825 0.8327777777777777 0.4825
2 0.9672222222222222 0.471875 0.9994444444444445 0.471875 0.9672222222222222 0.49375 0.9994444444444445 0.49375
2 0.9222222222222223 0.471875 0.9444444444444444 0.471875 0.9222222222222223 0.49125 0.9444444444444444 0.49125