4 0.4796875 0.44921875 0.48359375 0.44921875 0.4796875 0.45703125 0.48359375 0.45703125
4 0.4796875 0.45703125 0.4828125 0.45703125 0.4796875 0.462890625 0.4828125 0.462890625
4 0.43828125 0.4287109375 0.44296875 0.4287109375 0.43828125 0.44140625 0.44296875 0.44140625
4 0.38984375 0.42578125 0.39375 0.42578125 0.38984375 0.435546875 0.39375 0.435546875
4 0.32734375 0.4560546875 0.33125 0.4560546875 0.32734375 0.462890625 0.33125 0.462890625
4 0.3265625 0.4677734375 0.33046875 0.4677734375 0.3265625 0.4736328125 0.33046875 0.4736328125
4 0.4125 0.4267578125 0.41796875 0.4267578125 0.4125 0.4384765625 0.41796875 0.4384765625
9 0.3578125 0.4814453125 0.36484375 0.4814453125 0.3578125 0.490234375 0.36484375 0.490234375
9 0.50390625 0.4541015625 0.52109375 0.4541015625 0.50390625 0.4697265625 0.52109375 0.4697265625
9 0.4890625 0.453125 0.4984375 0.453125 0.4890625 0.4658203125 0.4984375 0.4658203125
9 0.4546875 0.44140625 0.46484375 0.44140625 0.4546875 0.4462890625 0.46484375 0.4462890625
9 0.31875 0.44921875 0.33203125 0.44921875 0.31875 0.4560546875 0.33203125 0.4560546875
9 0.36484375 0.453125 0.36953125 0.453125 0.36484375 0.458984375 0.36953125 0.458984375
9 0.46328125 0.4560546875 0.46796875 0.4560546875 0.46328125 0.4609375 0.46796875 0.4609375
9 0.4125 0.46875 0.41796875 0.46875 0.4125 0.4755859375 0.41796875 0.4755859375
9 0.78046875 0.3193359375 0.83359375 0.3193359375 0.78046875 0.369140625 0.83359375 0.369140625
9 0.79609375 0.369140625 0.825 0.369140625 0.79609375 0.4228515625 0.825 0.4228515625
7 0.5609375 0.455078125 0.56875 0.455078125 0.5609375 0.4833984375 0.56875 0.4833984375
2 0 0.509765625 0.08984375 0.509765625 0 0.5830078125 0.08984375 0.5830078125
2 0.12578125 0.490234375 0.1890625 0.490234375 0.12578125 0.548828125 0.1890625 0.548828125
2 0.2328125 0.4921875 0.2703125 0.4921875 0.2328125 0.5263671875 0.2703125 0.5263671875
2 0.30234375 0.4833984375 0.32734375 0.4833984375 0.30234375 0.505859375 0.32734375 0.505859375
2 0.421875 0.47265625 0.43359375 0.47265625 0.421875 0.486328125 0.43359375 0.486328125
2 0.3671875 0.47265625 0.38203125 0.47265625 0.3671875 0.48828125 0.38203125 0.48828125
2 0.38671875 0.4638671875 0.39921875 0.4638671875 0.38671875 0.4765625 0.39921875 0.4765625
2 0.39296875 0.4453125 0.40078125 0.4453125 0.39296875 0.4541015625 0.40078125 0.4541015625
2 0.45 0.451171875 0.45546875 0.451171875 0.45 0.4580078125 0.45546875 0.4580078125
2 0.428125 0.447265625 0.43515625 0.447265625 0.428125 0.455078125 0.43515625 0.455078125
2 0.92109375 0.4287109375 0.996875 0.4287109375 0.92109375 0.466796875 0.996875 0.466796875
2 0.9546875 0.4130859375 0.9890625 0.4130859375 0.9546875 0.431640625 0.9890625 0.431640625
2 0.91953125 0.4169921875 0.94609375 0.4169921875 0.91953125 0.4384765625 0.94609375 0.4384765625
2 0.9015625 0.416015625 0.92421875 0.416015625 0.9015625 0.4365234375 0.92421875 0.4365234375