4 0.13398692810457516 0.529296875 0.14297385620915032 0.529296875 0.13398692810457516 0.546875 0.14297385620915032 0.546875
4 0.13071895424836602 0.408203125 0.14705882352941177 0.408203125 0.13071895424836602 0.458984375 0.14705882352941177 0.458984375
4 0.20833333333333334 0.49609375 0.21323529411764705 0.49609375 0.20833333333333334 0.5048828125 0.21323529411764705 0.5048828125
4 0.29411764705882354 0.5 0.29983660130718953 0.5 0.29411764705882354 0.513671875 0.29983660130718953 0.513671875
4 0.5980392156862745 0.486328125 0.6037581699346405 0.486328125 0.5980392156862745 0.5009765625 0.6037581699346405 0.5009765625
4 0.8611111111111112 0.396484375 0.8758169934640523 0.396484375 0.8611111111111112 0.4462890625 0.8758169934640523 0.4462890625
4 0.8709150326797386 0.52734375 0.8782679738562091 0.52734375 0.8709150326797386 0.5400390625 0.8782679738562091 0.5400390625
4 0.8545751633986928 0.4970703125 0.8619281045751634 0.4970703125 0.8545751633986928 0.5087890625 0.8619281045751634 0.5087890625
4 0.3668300653594771 0.4970703125 0.37173202614379086 0.4970703125 0.3668300653594771 0.5048828125 0.37173202614379086 0.5048828125
4 0.5980392156862745 0.51953125 0.6013071895424836 0.51953125 0.5980392156862745 0.525390625 0.6013071895424836 0.525390625
9 0.12826797385620914 0.4609375 0.1511437908496732 0.4609375 0.12826797385620914 0.48828125 0.1511437908496732 0.48828125
9 0.2647058823529412 0.4873046875 0.27205882352941174 0.4873046875 0.2647058823529412 0.5009765625 0.27205882352941174 0.5009765625
9 0.3741830065359477 0.5009765625 0.38235294117647056 0.5009765625 0.3741830065359477 0.5107421875 0.38235294117647056 0.5107421875
9 0.37254901960784315 0.5107421875 0.3815359477124183 0.5107421875 0.37254901960784315 0.515625 0.3815359477124183 0.515625
9 0.6813725490196079 0.47265625 0.7034313725490197 0.47265625 0.6813725490196079 0.4794921875 0.7034313725490197 0.4794921875
9 0.6813725490196079 0.4794921875 0.7034313725490197 0.4794921875 0.6813725490196079 0.48828125 0.7034313725490197 0.48828125
9 0.6805555555555556 0.4892578125 0.7026143790849673 0.4892578125 0.6805555555555556 0.498046875 0.7026143790849673 0.498046875
9 0.6911764705882353 0.4970703125 0.7107843137254902 0.4970703125 0.6911764705882353 0.505859375 0.7107843137254902 0.505859375
9 0.9632352941176471 0.3779296875 0.9991830065359477 0.3779296875 0.9632352941176471 0.392578125 0.9991830065359477 0.392578125
9 0.9624183006535948 0.392578125 0.9991830065359477 0.392578125 0.9624183006535948 0.408203125 0.9991830065359477 0.408203125
9 0.9722222222222222 0.4091796875 0.9991830065359477 0.4091796875 0.9722222222222222 0.453125 0.9991830065359477 0.453125
9 0.8627450980392157 0.4384765625 0.8937908496732027 0.4384765625 0.8627450980392157 0.4755859375 0.8937908496732027 0.4755859375
9 0.9746732026143791 0.4521484375 0.9991830065359477 0.4521484375 0.9746732026143791 0.4697265625 0.9991830065359477 0.4697265625
9 0.5669934640522876 0.4921875 0.579248366013072 0.4921875 0.5669934640522876 0.49609375 0.579248366013072 0.49609375
7 0.16176470588235295 0.5185546875 0.17973856209150327 0.5185546875 0.16176470588235295 0.6015625 0.17973856209150327 0.6015625
7 0.636437908496732 0.5146484375 0.6446078431372549 0.5146484375 0.636437908496732 0.541015625 0.6446078431372549 0.541015625
7 0.6446078431372549 0.5146484375 0.6511437908496732 0.5146484375 0.6446078431372549 0.5419921875 0.6511437908496732 0.5419921875
7 0.9379084967320261 0.5126953125 0.954248366013072 0.5126953125 0.9379084967320261 0.564453125 0.954248366013072 0.564453125
7 0.9109477124183006 0.51953125 0.9223856209150327 0.51953125 0.9109477124183006 0.564453125 0.9223856209150327 0.564453125
7 0.8856209150326797 0.517578125 0.8978758169934641 0.517578125 0.8856209150326797 0.556640625 0.8978758169934641 0.556640625
7 0.7916666666666666 0.5068359375 0.8071895424836601 0.5068359375 0.7916666666666666 0.5576171875 0.8071895424836601 0.5576171875
7 0.8186274509803921 0.5107421875 0.8316993464052288 0.5107421875 0.8186274509803921 0.5595703125 0.8316993464052288 0.5595703125
7 0.8390522875816994 0.513671875 0.8537581699346405 0.513671875 0.8390522875816994 0.5634765625 0.8537581699346405 0.5634765625
7 0.8545751633986928 0.513671875 0.869281045751634 0.513671875 0.8545751633986928 0.564453125 0.869281045751634 0.564453125
5 0.44199346405228757 0.544921875 0.4599673202614379 0.544921875 0.44199346405228757 0.5732421875 0.4599673202614379 0.5732421875
5 0.5367647058823529 0.541015625 0.5637254901960784 0.541015625 0.5367647058823529 0.5966796875 0.5637254901960784 0.5966796875
2 0.29248366013071897 0.5302734375 0.3839869281045752 0.5302734375 0.29248366013071897 0.6005859375 0.3839869281045752 0.6005859375
2 0.4616013071895425 0.52734375 0.4714052287581699 0.52734375 0.4616013071895425 0.5400390625 0.4714052287581699 0.5400390625
2 0.4665032679738562 0.529296875 0.4795751633986928 0.529296875 0.4665032679738562 0.54296875 0.4795751633986928 0.54296875
2 0.4861111111111111 0.52734375 0.5016339869281046 0.52734375 0.4861111111111111 0.5439453125 0.5016339869281046 0.5439453125
2 0.48284313725490197 0.53125 0.4869281045751634 0.53125 0.48284313725490197 0.5419921875 0.4869281045751634 0.5419921875
2 0.6470588235294118 0.5224609375 0.7393790849673203 0.5224609375 0.6470588235294118 0.5927734375 0.7393790849673203 0.5927734375
7 0.44199346405228757 0.517578125 0.46078431372549017 0.517578125 0.44199346405228757 0.5625 0.46078431372549017 0.5625
7 0.5367647058823529 0.5166015625 0.565359477124183 0.5166015625 0.5367647058823529 0.572265625 0.565359477124183 0.572265625