4 0.096875 0.4267578125 0.115625 0.4267578125 0.096875 0.4501953125 0.115625 0.4501953125
4 0.76796875 0.4052734375 0.78203125 0.4052734375 0.76796875 0.4267578125 0.78203125 0.4267578125
4 0.459375 0.4638671875 0.46796875 0.4638671875 0.459375 0.474609375 0.46796875 0.474609375
9 0.10078125 0.4619140625 0.128125 0.4619140625 0.10078125 0.509765625 0.128125 0.509765625
9 0.75859375 0.4375 0.78984375 0.4375 0.75859375 0.486328125 0.78984375 0.486328125
9 0.76953125 0.5048828125 0.78125 0.5048828125 0.76953125 0.525390625 0.78125 0.525390625
7 0.2578125 0.505859375 0.26875 0.505859375 0.2578125 0.5537109375 0.26875 0.5537109375
0 0.9484375 0.578125 0.99921875 0.578125 0.9484375 0.67578125 0.99921875 0.67578125
2 0.60078125 0.4873046875 0.62578125 0.4873046875 0.60078125 0.5126953125 0.62578125 0.5126953125
2 0.38828125 0.53125 0.47890625 0.53125 0.38828125 0.6123046875 0.47890625 0.6123046875
7 0.9484375 0.4990234375 0.99765625 0.4990234375 0.9484375 0.658203125 0.99765625 0.658203125