7 0.5583333333333333 0.34625 0.6672222222222223 0.34625 0.5583333333333333 0.666875 0.6672222222222223 0.666875
7 0.45555555555555555 0.370625 0.5594444444444444 0.370625 0.45555555555555555 0.675625 0.5594444444444444 0.675625
7 0.43444444444444447 0.425 0.47055555555555556 0.425 0.43444444444444447 0.56125 0.47055555555555556 0.56125
7 0.395 0.419375 0.435 0.419375 0.395 0.565 0.435 0.565
2 0.8655555555555555 0.34375 0.9994444444444445 0.34375 0.8655555555555555 0.705625 0.9994444444444445 0.705625
2 0.6988888888888889 0.42125 0.8822222222222222 0.42125 0.6988888888888889 0.621875 0.8822222222222222 0.621875
2 0.5583333333333333 0.386875 0.8261111111111111 0.386875 0.5583333333333333 0.581875 0.8261111111111111 0.581875
2 0.36 0.43125 0.44666666666666666 0.43125 0.36 0.52 0.44666666666666666 0.52
2 0.32666666666666666 0.44 0.37444444444444447 0.44 0.32666666666666666 0.50875 0.37444444444444447 0.50875
2 0.3011111111111111 0.444375 0.3377777777777778 0.444375 0.3011111111111111 0.498125 0.3377777777777778 0.498125
2 0 0.4225 0.3088888888888889 0.4225 0 0.718125 0.3088888888888889 0.718125