9 0.80703125 0.259765625 0.88125 0.259765625 0.80703125 0.28125 0.88125 0.28125
9 0.8125 0.2958984375 0.87890625 0.2958984375 0.8125 0.3759765625 0.87890625 0.3759765625
9 0.83359375 0.3759765625 0.86015625 0.3759765625 0.83359375 0.390625 0.86015625 0.390625
9 0.81484375 0.4365234375 0.83046875 0.4365234375 0.81484375 0.47265625 0.83046875 0.47265625
9 0.8125 0.4736328125 0.82734375 0.4736328125 0.8125 0.505859375 0.82734375 0.505859375
9 0.26875 0.3916015625 0.290625 0.3916015625 0.26875 0.4208984375 0.290625 0.4208984375
9 0.27421875 0.4208984375 0.28515625 0.4208984375 0.27421875 0.4296875 0.28515625 0.4296875
0 0.56484375 0.5234375 0.62890625 0.5234375 0.56484375 0.5869140625 0.62890625 0.5869140625
0 0.19921875 0.4833984375 0.215625 0.4833984375 0.19921875 0.5234375 0.215625 0.5234375
0 0.2671875 0.4833984375 0.29609375 0.4833984375 0.2671875 0.5185546875 0.29609375 0.5185546875
2 0.81015625 0.5341796875 0.99921875 0.5341796875 0.81015625 0.9951171875 0.99921875 0.9951171875
2 0.68046875 0.455078125 0.75078125 0.455078125 0.68046875 0.525390625 0.75078125 0.525390625
2 0.60859375 0.4677734375 0.6546875 0.4677734375 0.60859375 0.509765625 0.6546875 0.509765625
2 0.640625 0.46484375 0.66640625 0.46484375 0.640625 0.49609375 0.66640625 0.49609375
2 0.6484375 0.4619140625 0.66953125 0.4619140625 0.6484375 0.4912109375 0.66953125 0.4912109375
2 0.6328125 0.4453125 0.64765625 0.4453125 0.6328125 0.4619140625 0.64765625 0.4619140625
2 0.6203125 0.4482421875 0.63828125 0.4482421875 0.6203125 0.4638671875 0.63828125 0.4638671875
2 0.60546875 0.455078125 0.61875 0.455078125 0.60546875 0.4697265625 0.61875 0.4697265625
2 0.58828125 0.4560546875 0.6078125 0.4560546875 0.58828125 0.474609375 0.6078125 0.474609375
2 0.5703125 0.4560546875 0.58984375 0.4560546875 0.5703125 0.48046875 0.58984375 0.48046875
2 0.5640625 0.458984375 0.584375 0.458984375 0.5640625 0.4833984375 0.584375 0.4833984375
2 0.55546875 0.4599609375 0.57265625 0.4599609375 0.55546875 0.484375 0.57265625 0.484375
2 0.54140625 0.458984375 0.5578125 0.458984375 0.54140625 0.486328125 0.5578125 0.486328125
2 0.51953125 0.4560546875 0.5453125 0.4560546875 0.51953125 0.4912109375 0.5453125 0.4912109375
2 0.51171875 0.458984375 0.534375 0.458984375 0.51171875 0.494140625 0.534375 0.494140625
2 0.4828125 0.4599609375 0.52109375 0.4599609375 0.4828125 0.4990234375 0.52109375 0.4990234375
2 0.453125 0.466796875 0.48671875 0.466796875 0.453125 0.5048828125 0.48671875 0.5048828125
2 0.4328125 0.46875 0.46328125 0.46875 0.4328125 0.509765625 0.46328125 0.509765625
2 0.390625 0.46875 0.44375 0.46875 0.390625 0.5166015625 0.44375 0.5166015625
2 0 0.5048828125 0.040625 0.5048828125 0 0.576171875 0.040625 0.576171875
2 0.0625 0.4638671875 0.18515625 0.4638671875 0.0625 0.5205078125 0.18515625 0.5205078125
2 0.1875 0.4541015625 0.26796875 0.4541015625 0.1875 0.5263671875 0.26796875 0.5263671875
2 0.08515625 0.4521484375 0.1953125 0.4521484375 0.08515625 0.4921875 0.1953125 0.4921875
7 0.58671875 0.4892578125 0.62109375 0.4892578125 0.58671875 0.5859375 0.62109375 0.5859375