9 0.00980392156862745 0.57421875 0.08415032679738563 0.57421875 0.00980392156862745 0.6552734375 0.08415032679738563 0.6552734375
9 0.553921568627451 0.484375 0.5678104575163399 0.484375 0.553921568627451 0.498046875 0.5678104575163399 0.498046875
9 0.5522875816993464 0.46484375 0.5686274509803921 0.46484375 0.5522875816993464 0.4833984375 0.5686274509803921 0.4833984375
9 0.5522875816993464 0.447265625 0.5678104575163399 0.447265625 0.5522875816993464 0.4638671875 0.5678104575163399 0.4638671875
9 0.4934640522875817 0.4921875 0.5016339869281046 0.4921875 0.4934640522875817 0.5009765625 0.5016339869281046 0.5009765625
9 0.4934640522875817 0.501953125 0.5 0.501953125 0.4934640522875817 0.5048828125 0.5 0.5048828125
9 0.41830065359477125 0.484375 0.42483660130718953 0.484375 0.41830065359477125 0.494140625 0.42483660130718953 0.494140625
9 0.41911764705882354 0.474609375 0.42401960784313725 0.474609375 0.41911764705882354 0.4833984375 0.42401960784313725 0.4833984375
9 0.41830065359477125 0.4638671875 0.42401960784313725 0.4638671875 0.41830065359477125 0.47265625 0.42401960784313725 0.47265625
9 0.40441176470588236 0.486328125 0.41421568627450983 0.486328125 0.40441176470588236 0.4912109375 0.41421568627450983 0.4912109375
9 0.4068627450980392 0.4765625 0.4125816993464052 0.4765625 0.4068627450980392 0.4853515625 0.4125816993464052 0.4853515625
9 0.5563725490196079 0.42578125 0.5686274509803921 0.42578125 0.5563725490196079 0.4423828125 0.5686274509803921 0.4423828125
7 0.7181372549019608 0.4912109375 0.75 0.4912109375 0.7181372549019608 0.537109375 0.75 0.537109375
7 0.44607843137254904 0.5048828125 0.4534313725490196 0.5048828125 0.44607843137254904 0.52734375 0.4534313725490196 0.52734375
5 0.05555555555555555 0.5458984375 0.25245098039215685 0.5458984375 0.05555555555555555 0.724609375 0.25245098039215685 0.724609375
5 0.1527777777777778 0.5458984375 0.2965686274509804 0.5458984375 0.1527777777777778 0.66796875 0.2965686274509804 0.66796875
5 0.22058823529411764 0.546875 0.33088235294117646 0.546875 0.22058823529411764 0.625 0.33088235294117646 0.625
5 0.2369281045751634 0.52734375 0.35375816993464054 0.52734375 0.2369281045751634 0.6142578125 0.35375816993464054 0.6142578125
5 0.4158496732026144 0.5107421875 0.4338235294117647 0.5107421875 0.4158496732026144 0.5283203125 0.4338235294117647 0.5283203125
5 0.4207516339869281 0.5107421875 0.43709150326797386 0.5107421875 0.4207516339869281 0.525390625 0.43709150326797386 0.525390625
2 0.7124183006535948 0.583984375 0.9991830065359477 0.583984375 0.7124183006535948 0.9990234375 0.9991830065359477 0.9990234375
2 0.6029411764705882 0.529296875 0.8374183006535948 0.529296875 0.6029411764705882 0.7392578125 0.8374183006535948 0.7392578125
2 0.5294117647058824 0.52734375 0.6429738562091504 0.52734375 0.5294117647058824 0.630859375 0.6429738562091504 0.630859375
2 0.5122549019607843 0.513671875 0.6045751633986928 0.513671875 0.5122549019607843 0.59375 0.6045751633986928 0.59375
2 0.5065359477124183 0.5185546875 0.5408496732026143 0.5185546875 0.5065359477124183 0.576171875 0.5408496732026143 0.576171875
2 0.4795751633986928 0.509765625 0.5081699346405228 0.509765625 0.4795751633986928 0.541015625 0.5081699346405228 0.541015625
2 0.4714052287581699 0.50390625 0.4934640522875817 0.50390625 0.4714052287581699 0.52734375 0.4934640522875817 0.52734375
2 0.46405228758169936 0.509765625 0.47630718954248363 0.509765625 0.46405228758169936 0.5263671875 0.47630718954248363 0.5263671875