1 0.2908496732026144 0.3017578125 0.4485294117647059 0.3017578125 0.2908496732026144 0.412109375 0.4485294117647059 0.412109375
1 0.6936274509803921 0.3369140625 0.7941176470588235 0.3369140625 0.6936274509803921 0.451171875 0.7941176470588235 0.451171875
1 0.7704248366013072 0.298828125 0.9991830065359477 0.298828125 0.7704248366013072 0.4951171875 0.9991830065359477 0.4951171875
4 0.13562091503267973 0.0830078125 0.23447712418300654 0.0830078125 0.13562091503267973 0.2353515625 0.23447712418300654 0.2353515625
4 0.36356209150326796 0.2685546875 0.3815359477124183 0.2685546875 0.36356209150326796 0.3251953125 0.3815359477124183 0.3251953125
4 0.3872549019607843 0.2802734375 0.4019607843137255 0.2802734375 0.3872549019607843 0.3291015625 0.4019607843137255 0.3291015625
4 0.9583333333333334 0.2626953125 0.9991830065359477 0.2626953125 0.9583333333333334 0.3544921875 0.9991830065359477 0.3544921875
9 0.16911764705882354 0.24609375 0.2222222222222222 0.24609375 0.16911764705882354 0.3251953125 0.2222222222222222 0.3251953125
7 0.23039215686274508 0.3388671875 0.26633986928104575 0.3388671875 0.23039215686274508 0.45703125 0.26633986928104575 0.45703125
7 0.2589869281045752 0.34765625 0.27532679738562094 0.34765625 0.2589869281045752 0.4365234375 0.27532679738562094 0.4365234375
7 0.2875816993464052 0.3427734375 0.3145424836601307 0.3427734375 0.2875816993464052 0.4541015625 0.3145424836601307 0.4541015625
7 0.27450980392156865 0.34375 0.3112745098039216 0.34375 0.27450980392156865 0.462890625 0.3112745098039216 0.462890625
7 0.3112745098039216 0.34765625 0.3415032679738562 0.34765625 0.3112745098039216 0.4619140625 0.3415032679738562 0.4619140625
7 0.34477124183006536 0.3505859375 0.3627450980392157 0.3505859375 0.34477124183006536 0.4150390625 0.3627450980392157 0.4150390625
7 0 0.275390625 0.08251633986928104 0.275390625 0 0.4013671875 0.08251633986928104 0.4013671875
0 0.35294117647058826 0.3857421875 0.40604575163398693 0.3857421875 0.35294117647058826 0.4267578125 0.40604575163398693 0.4267578125
0 0 0.5302734375 0.15441176470588236 0.5302734375 0 0.923828125 0.15441176470588236 0.923828125
2 0.46078431372549017 0.373046875 0.5563725490196079 0.373046875 0.46078431372549017 0.4326171875 0.5563725490196079 0.4326171875
2 0.5473856209150327 0.359375 0.5816993464052288 0.359375 0.5473856209150327 0.4111328125 0.5816993464052288 0.4111328125
2 0.6535947712418301 0.3984375 0.6870915032679739 0.3984375 0.6535947712418301 0.4296875 0.6870915032679739 0.4296875
7 0.3660130718954248 0.3623046875 0.3839869281045752 0.3623046875 0.3660130718954248 0.4169921875 0.3839869281045752 0.4169921875
7 0 0.3076171875 0.14705882352941177 0.3076171875 0 0.7919921875 0.14705882352941177 0.7919921875