9 0.0546875 0.4287109375 0.0796875 0.4287109375 0.0546875 0.439453125 0.0796875 0.439453125
9 0.04609375 0.3740234375 0.08671875 0.3740234375 0.04609375 0.4296875 0.08671875 0.4296875
0 0.321875 0.5849609375 0.38125 0.5849609375 0.321875 0.732421875 0.38125 0.732421875
0 0.42578125 0.4736328125 0.43046875 0.4736328125 0.42578125 0.4912109375 0.43046875 0.4912109375
2 0.17421875 0.4765625 0.21171875 0.4765625 0.17421875 0.5107421875 0.21171875 0.5107421875
2 0.1828125 0.4794921875 0.28671875 0.4794921875 0.1828125 0.5849609375 0.28671875 0.5849609375
2 0.2265625 0.4658203125 0.271875 0.4658203125 0.2265625 0.4833984375 0.271875 0.4833984375
2 0.27578125 0.4921875 0.3109375 0.4921875 0.27578125 0.5625 0.3109375 0.5625
2 0.29296875 0.48828125 0.3234375 0.48828125 0.29296875 0.5283203125 0.3234375 0.5283203125
2 0.3046875 0.4658203125 0.3609375 0.4658203125 0.3046875 0.513671875 0.3609375 0.513671875
2 0.3546875 0.4765625 0.3796875 0.4765625 0.3546875 0.515625 0.3796875 0.515625
2 0.38046875 0.4697265625 0.4125 0.4697265625 0.38046875 0.4990234375 0.4125 0.4990234375
2 0.39609375 0.4619140625 0.4171875 0.4619140625 0.39609375 0.4873046875 0.4171875 0.4873046875
2 0.4203125 0.4609375 0.4390625 0.4609375 0.4203125 0.4794921875 0.4390625 0.4794921875
2 0.4375 0.462890625 0.45 0.462890625 0.4375 0.4765625 0.45 0.4765625
2 0.440625 0.45703125 0.45703125 0.45703125 0.440625 0.4736328125 0.45703125 0.4736328125
2 0.4546875 0.4580078125 0.46875 0.4580078125 0.4546875 0.47265625 0.46875 0.47265625
2 0.4671875 0.4580078125 0.47890625 0.4580078125 0.4671875 0.4716796875 0.47890625 0.4716796875
2 0.4859375 0.4609375 0.503125 0.4609375 0.4859375 0.494140625 0.503125 0.494140625
2 0.49453125 0.4599609375 0.52734375 0.4599609375 0.49453125 0.498046875 0.52734375 0.498046875
2 0.4984375 0.470703125 0.52109375 0.470703125 0.4984375 0.50390625 0.52109375 0.50390625
2 0.50859375 0.4638671875 0.5421875 0.4638671875 0.50859375 0.5205078125 0.5421875 0.5205078125
2 0.51875 0.4716796875 0.55 0.4716796875 0.51875 0.537109375 0.55 0.537109375
2 0.5328125 0.46484375 0.5828125 0.46484375 0.5328125 0.552734375 0.5828125 0.552734375
2 0.56796875 0.4951171875 0.678125 0.4951171875 0.56796875 0.599609375 0.678125 0.599609375
7 0.30625 0.482421875 0.38671875 0.482421875 0.30625 0.708984375 0.38671875 0.708984375
7 0.5671875 0.484375 0.65234375 0.484375 0.5671875 0.72265625 0.65234375 0.72265625
7 0.4234375 0.4599609375 0.4328125 0.4599609375 0.4234375 0.490234375 0.4328125 0.490234375
6 0.5625 0.4296875 0.6703125 0.4296875 0.5625 0.560546875 0.6703125 0.560546875
10 0.60390625 0.697265625 0.63125 0.697265625 0.60390625 0.7236328125 0.63125 0.7236328125