1 0 0.421875 0.22794117647058823 0.421875 0 0.47265625 0.22794117647058823 0.47265625
4 0.7916666666666666 0.3662109375 0.7998366013071896 0.3662109375 0.7916666666666666 0.400390625 0.7998366013071896 0.400390625
4 0.7630718954248366 0.3779296875 0.7704248366013072 0.3779296875 0.7630718954248366 0.4013671875 0.7704248366013072 0.4013671875
4 0.6944444444444444 0.3984375 0.7001633986928104 0.3984375 0.6944444444444444 0.416015625 0.7001633986928104 0.416015625
4 0.6405228758169934 0.41796875 0.6429738562091504 0.41796875 0.6405228758169934 0.4287109375 0.6429738562091504 0.4287109375
5 0.5302287581699346 0.4638671875 0.5678104575163399 0.4638671875 0.5302287581699346 0.5419921875 0.5678104575163399 0.5419921875
5 0.5964052287581699 0.46875 0.6282679738562091 0.46875 0.5964052287581699 0.52734375 0.6282679738562091 0.52734375
5 0.6266339869281046 0.466796875 0.6421568627450981 0.466796875 0.6266339869281046 0.5107421875 0.6421568627450981 0.5107421875
2 0.7328431372549019 0.40625 0.9093137254901961 0.40625 0.7328431372549019 0.5625 0.9093137254901961 0.5625
2 0.6879084967320261 0.435546875 0.7540849673202614 0.435546875 0.6879084967320261 0.521484375 0.7540849673202614 0.521484375
2 0.6740196078431373 0.4443359375 0.7034313725490197 0.4443359375 0.6740196078431373 0.5029296875 0.7034313725490197 0.5029296875
2 0.5866013071895425 0.4443359375 0.6062091503267973 0.4443359375 0.5866013071895425 0.4775390625 0.6062091503267973 0.4775390625
2 0.5825163398692811 0.4423828125 0.5915032679738562 0.4423828125 0.5825163398692811 0.4541015625 0.5915032679738562 0.4541015625
2 0.5686274509803921 0.4462890625 0.5816993464052288 0.4462890625 0.5686274509803921 0.4833984375 0.5816993464052288 0.4833984375
2 0.511437908496732 0.4453125 0.5784313725490197 0.4453125 0.511437908496732 0.5146484375 0.5784313725490197 0.5146484375
2 0.5138888888888888 0.4365234375 0.5433006535947712 0.4365234375 0.5138888888888888 0.4453125 0.5433006535947712 0.4453125
2 0.4852941176470588 0.451171875 0.5196078431372549 0.451171875 0.4852941176470588 0.4892578125 0.5196078431372549 0.4892578125
2 0.4852941176470588 0.4453125 0.5 0.4453125 0.4852941176470588 0.4521484375 0.5 0.4521484375
2 0.4681372549019608 0.44921875 0.4934640522875817 0.44921875 0.4681372549019608 0.474609375 0.4934640522875817 0.474609375
2 0.4297385620915033 0.45703125 0.48284313725490197 0.45703125 0.4297385620915033 0.5087890625 0.48284313725490197 0.5087890625
2 0.43218954248366015 0.447265625 0.4591503267973856 0.447265625 0.43218954248366015 0.45703125 0.4591503267973856 0.45703125
2 0.4166666666666667 0.4521484375 0.44281045751633985 0.4521484375 0.4166666666666667 0.462890625 0.44281045751633985 0.462890625
2 0.3488562091503268 0.462890625 0.45669934640522875 0.462890625 0.3488562091503268 0.544921875 0.45669934640522875 0.544921875
2 0.36764705882352944 0.4580078125 0.39869281045751637 0.4580078125 0.36764705882352944 0.4677734375 0.39869281045751637 0.4677734375
2 0.39950980392156865 0.45703125 0.4150326797385621 0.45703125 0.39950980392156865 0.462890625 0.4150326797385621 0.462890625
2 0.36356209150326796 0.453125 0.3888888888888889 0.453125 0.36356209150326796 0.4658203125 0.3888888888888889 0.4658203125
2 0.31290849673202614 0.4619140625 0.36764705882352944 0.4619140625 0.31290849673202614 0.5146484375 0.36764705882352944 0.5146484375
2 0.2916666666666667 0.4638671875 0.32679738562091504 0.4638671875 0.2916666666666667 0.498046875 0.32679738562091504 0.498046875
2 0.2638888888888889 0.46875 0.29330065359477125 0.46875 0.2638888888888889 0.4912109375 0.29330065359477125 0.4912109375
2 0 0.458984375 0.39052287581699346 0.458984375 0 0.82421875 0.39052287581699346 0.82421875
7 0.5972222222222222 0.4423828125 0.6274509803921569 0.4423828125 0.5972222222222222 0.5107421875 0.6274509803921569 0.5107421875
7 0.6217320261437909 0.4453125 0.6421568627450981 0.4453125 0.6217320261437909 0.4990234375 0.6421568627450981 0.4990234375
7 0.5343137254901961 0.443359375 0.5661764705882353 0.443359375 0.5343137254901961 0.517578125 0.5661764705882353 0.517578125