4 0.5416666666666666 0.322265625 0.5637254901960784 0.322265625 0.5416666666666666 0.390625 0.5637254901960784 0.390625
4 0.4812091503267974 0.37890625 0.4991830065359477 0.37890625 0.4812091503267974 0.435546875 0.4991830065359477 0.435546875
4 0.010620915032679739 0.365234375 0.029411764705882353 0.365234375 0.010620915032679739 0.4228515625 0.029411764705882353 0.4228515625
4 0.013888888888888888 0.5009765625 0.025326797385620915 0.5009765625 0.013888888888888888 0.521484375 0.025326797385620915 0.521484375
4 0.6764705882352942 0.4853515625 0.684640522875817 0.4853515625 0.6764705882352942 0.494140625 0.684640522875817 0.494140625
4 0.3619281045751634 0.4248046875 0.3700980392156863 0.4248046875 0.3619281045751634 0.4462890625 0.3700980392156863 0.4462890625
9 0.5400326797385621 0.3974609375 0.5751633986928104 0.3974609375 0.5400326797385621 0.4462890625 0.5751633986928104 0.4462890625
9 0.4681372549019608 0.4755859375 0.47794117647058826 0.4755859375 0.4681372549019608 0.48046875 0.47794117647058826 0.48046875
9 0.4681372549019608 0.4619140625 0.47794117647058826 0.4619140625 0.4681372549019608 0.4755859375 0.47794117647058826 0.4755859375
9 0.48366013071895425 0.42578125 0.5245098039215687 0.42578125 0.48366013071895425 0.4541015625 0.5245098039215687 0.4541015625
9 0.5024509803921569 0.376953125 0.5204248366013072 0.376953125 0.5024509803921569 0.421875 0.5204248366013072 0.421875
9 0.12581699346405228 0.4365234375 0.14297385620915032 0.4365234375 0.12581699346405228 0.466796875 0.14297385620915032 0.466796875
9 0.11601307189542484 0.4365234375 0.12581699346405228 0.4365234375 0.11601307189542484 0.46484375 0.12581699346405228 0.46484375
9 0.12254901960784313 0.390625 0.1380718954248366 0.390625 0.12254901960784313 0.431640625 0.1380718954248366 0.431640625
9 0.006535947712418301 0.4208984375 0.03022875816993464 0.4208984375 0.006535947712418301 0.4501953125 0.03022875816993464 0.4501953125
9 0.10212418300653595 0.37109375 0.11274509803921569 0.37109375 0.10212418300653595 0.4111328125 0.11274509803921569 0.4111328125
7 0.7066993464052288 0.4951171875 0.7320261437908496 0.4951171875 0.7066993464052288 0.587890625 0.7320261437908496 0.587890625
5 0.5808823529411765 0.5146484375 0.6454248366013072 0.5146484375 0.5808823529411765 0.5615234375 0.6454248366013072 0.5615234375
5 0.6037581699346405 0.5146484375 0.6609477124183006 0.5146484375 0.6037581699346405 0.556640625 0.6609477124183006 0.556640625
5 0.6151960784313726 0.5107421875 0.6805555555555556 0.5107421875 0.6151960784313726 0.5537109375 0.6805555555555556 0.5537109375
2 0.5187908496732027 0.5009765625 0.5473856209150327 0.5009765625 0.5187908496732027 0.5361328125 0.5473856209150327 0.5361328125
2 0.28594771241830064 0.5458984375 0.440359477124183 0.5458984375 0.28594771241830064 0.6787109375 0.440359477124183 0.6787109375
2 0.2630718954248366 0.490234375 0.27532679738562094 0.490234375 0.2630718954248366 0.509765625 0.27532679738562094 0.509765625
2 0.5669934640522876 0.50390625 0.5955882352941176 0.50390625 0.5669934640522876 0.5361328125 0.5955882352941176 0.5361328125