4 0.5245098039215687 0.4658203125 0.5302287581699346 0.4658203125 0.5245098039215687 0.4853515625 0.5302287581699346 0.4853515625
4 0.511437908496732 0.486328125 0.5163398692810458 0.486328125 0.511437908496732 0.4931640625 0.5163398692810458 0.4931640625
4 0.4035947712418301 0.4931640625 0.4076797385620915 0.4931640625 0.4035947712418301 0.498046875 0.4076797385620915 0.498046875
4 0.42810457516339867 0.4892578125 0.43137254901960786 0.4892578125 0.42810457516339867 0.5 0.43137254901960786 0.5
4 0.4665032679738562 0.5048828125 0.46895424836601307 0.5048828125 0.4665032679738562 0.5078125 0.46895424836601307 0.5078125
4 0.46977124183006536 0.49609375 0.4722222222222222 0.49609375 0.46977124183006536 0.5 0.4722222222222222 0.5
4 0.4681372549019608 0.5 0.47058823529411764 0.5 0.4681372549019608 0.5029296875 0.47058823529411764 0.5029296875
4 0.35130718954248363 0.49609375 0.3562091503267974 0.49609375 0.35130718954248363 0.501953125 0.3562091503267974 0.501953125
4 0.25980392156862747 0.470703125 0.26552287581699346 0.470703125 0.25980392156862747 0.4921875 0.26552287581699346 0.4921875
4 0.26143790849673204 0.5166015625 0.26552287581699346 0.5166015625 0.26143790849673204 0.52734375 0.26552287581699346 0.52734375
4 0.1715686274509804 0.474609375 0.17483660130718953 0.474609375 0.1715686274509804 0.4794921875 0.17483660130718953 0.4794921875
4 0.22058823529411764 0.5078125 0.2246732026143791 0.5078125 0.22058823529411764 0.513671875 0.2246732026143791 0.513671875
9 0.8643790849673203 0.4267578125 0.8937908496732027 0.4267578125 0.8643790849673203 0.4580078125 0.8937908496732027 0.4580078125
9 0.8643790849673203 0.45703125 0.8946078431372549 0.45703125 0.8643790849673203 0.4658203125 0.8946078431372549 0.4658203125
9 0.8063725490196079 0.4208984375 0.8186274509803921 0.4208984375 0.8063725490196079 0.4599609375 0.8186274509803921 0.4599609375
9 0.7295751633986928 0.34375 0.809640522875817 0.34375 0.7295751633986928 0.3642578125 0.809640522875817 0.3642578125
9 0.7279411764705882 0.3701171875 0.8088235294117647 0.3701171875 0.7279411764705882 0.39453125 0.8088235294117647 0.39453125
9 0.7303921568627451 0.4013671875 0.8104575163398693 0.4013671875 0.7303921568627451 0.4248046875 0.8104575163398693 0.4248046875
9 0.7303921568627451 0.431640625 0.8120915032679739 0.431640625 0.7303921568627451 0.4521484375 0.8120915032679739 0.4521484375
9 0.5645424836601307 0.3984375 0.5833333333333334 0.3984375 0.5645424836601307 0.4208984375 0.5833333333333334 0.4208984375
9 0.5678104575163399 0.421875 0.5825163398692811 0.421875 0.5678104575163399 0.4296875 0.5825163398692811 0.4296875
9 0.5612745098039216 0.4462890625 0.5915032679738562 0.4462890625 0.5612745098039216 0.4619140625 0.5915032679738562 0.4619140625
9 0.5645424836601307 0.4560546875 0.5931372549019608 0.4560546875 0.5645424836601307 0.4697265625 0.5931372549019608 0.4697265625
9 0.5016339869281046 0.4912109375 0.5106209150326797 0.4912109375 0.5016339869281046 0.501953125 0.5106209150326797 0.501953125
9 0.18055555555555555 0.4765625 0.19607843137254902 0.4765625 0.18055555555555555 0.484375 0.19607843137254902 0.484375
9 0.3202614379084967 0.49609375 0.32598039215686275 0.49609375 0.3202614379084967 0.5029296875 0.32598039215686275 0.5029296875
7 0.9501633986928104 0.484375 0.994281045751634 0.484375 0.9501633986928104 0.638671875 0.994281045751634 0.638671875
7 0.9109477124183006 0.49609375 0.9566993464052288 0.49609375 0.9109477124183006 0.646484375 0.9566993464052288 0.646484375
7 0.8488562091503268 0.501953125 0.8823529411764706 0.501953125 0.8488562091503268 0.59375 0.8823529411764706 0.59375
7 0.9027777777777778 0.4990234375 0.9264705882352942 0.4990234375 0.9027777777777778 0.5888671875 0.9264705882352942 0.5888671875
7 0.7508169934640523 0.501953125 0.7655228758169934 0.501953125 0.7508169934640523 0.5703125 0.7655228758169934 0.5703125
7 0.5155228758169934 0.513671875 0.5253267973856209 0.513671875 0.5155228758169934 0.537109375 0.5253267973856209 0.537109375
7 0.5245098039215687 0.5126953125 0.5326797385620915 0.5126953125 0.5245098039215687 0.5234375 0.5326797385620915 0.5234375
7 0.4918300653594771 0.5126953125 0.49754901960784315 0.5126953125 0.4918300653594771 0.529296875 0.49754901960784315 0.529296875
7 0.4616013071895425 0.5166015625 0.47058823529411764 0.5166015625 0.4616013071895425 0.5517578125 0.47058823529411764 0.5517578125
7 0.30637254901960786 0.509765625 0.3145424836601307 0.509765625 0.30637254901960786 0.5380859375 0.3145424836601307 0.5380859375
7 0.2704248366013072 0.515625 0.27941176470588236 0.515625 0.2704248366013072 0.5390625 0.27941176470588236 0.5390625
7 0.28513071895424835 0.513671875 0.2916666666666667 0.513671875 0.28513071895424835 0.5400390625 0.2916666666666667 0.5400390625
7 0.3415032679738562 0.501953125 0.3488562091503268 0.501953125 0.3415032679738562 0.5234375 0.3488562091503268 0.5234375
7 0.4714052287581699 0.5107421875 0.47549019607843135 0.5107421875 0.4714052287581699 0.5234375 0.47549019607843135 0.5234375
0 0.7312091503267973 0.5390625 0.7565359477124183 0.5390625 0.7312091503267973 0.5830078125 0.7565359477124183 0.5830078125
13 0.4117647058823529 0.5 0.4452614379084967 0.5 0.4117647058823529 0.5185546875 0.4452614379084967 0.5185546875
5 0.41421568627450983 0.529296875 0.4338235294117647 0.529296875 0.41421568627450983 0.564453125 0.4338235294117647 0.564453125
5 0.37745098039215685 0.52734375 0.39705882352941174 0.52734375 0.37745098039215685 0.5615234375 0.39705882352941174 0.5615234375
5 0.30718954248366015 0.5400390625 0.34967320261437906 0.5400390625 0.30718954248366015 0.626953125 0.34967320261437906 0.626953125
2 0.49836601307189543 0.521484375 0.6225490196078431 0.521484375 0.49836601307189543 0.630859375 0.6225490196078431 0.630859375
2 0.2222222222222222 0.51953125 0.2679738562091503 0.51953125 0.2222222222222222 0.56640625 0.2679738562091503 0.56640625
2 0.1454248366013072 0.5234375 0.26062091503267976 0.5234375 0.1454248366013072 0.615234375 0.26062091503267976 0.615234375
2 0.1184640522875817 0.529296875 0.16666666666666666 0.529296875 0.1184640522875817 0.591796875 0.16666666666666666 0.591796875
2 0 0.5283203125 0.09068627450980392 0.5283203125 0 0.626953125 0.09068627450980392 0.626953125
2 0.12908496732026145 0.5107421875 0.1503267973856209 0.5107421875 0.12908496732026145 0.5283203125 0.1503267973856209 0.5283203125
7 0.7312091503267973 0.5048828125 0.7532679738562091 0.5048828125 0.7312091503267973 0.58203125 0.7532679738562091 0.58203125
7 0.4125816993464052 0.513671875 0.43300653594771243 0.513671875 0.4125816993464052 0.548828125 0.43300653594771243 0.548828125
7 0.37826797385620914 0.5185546875 0.39705882352941174 0.5185546875 0.37826797385620914 0.546875 0.39705882352941174 0.546875
7 0.31290849673202614 0.505859375 0.35049019607843135 0.505859375 0.31290849673202614 0.6025390625 0.35049019607843135 0.6025390625
6 0.696078431372549 0.5302734375 0.7320261437908496 0.5302734375 0.696078431372549 0.6162109375 0.7320261437908496 0.6162109375