4 0.9772222222222222 0.330625 0.9994444444444445 0.330625 0.9772222222222222 0.369375 0.9994444444444445 0.369375
4 0.9688888888888889 0.19375 0.9938888888888889 0.19375 0.9688888888888889 0.28375 0.9938888888888889 0.28375
4 0.9072222222222223 0.175 0.9388888888888889 0.175 0.9072222222222223 0.290625 0.9388888888888889 0.290625
4 0.26722222222222225 0 0.32055555555555554 0 0.26722222222222225 0.06125 0.32055555555555554 0.06125
9 0.15055555555555555 0.43 0.17 0.43 0.15055555555555555 0.44875 0.17 0.44875
9 0.9627777777777777 0.43875 0.9733333333333334 0.43875 0.9627777777777777 0.46 0.9733333333333334 0.46
9 0.9477777777777778 0.411875 0.9683333333333334 0.411875 0.9477777777777778 0.433125 0.9683333333333334 0.433125
9 0.95 0.39125 0.9672222222222222 0.39125 0.95 0.404375 0.9672222222222222 0.404375
9 0.6983333333333334 0.408125 0.7072222222222222 0.408125 0.6983333333333334 0.425625 0.7072222222222222 0.425625
9 0.5816666666666667 0.428125 0.5938888888888889 0.428125 0.5816666666666667 0.445625 0.5938888888888889 0.445625
9 0.365 0.43875 0.395 0.43875 0.365 0.44875 0.395 0.44875
9 0.5922222222222222 0.10125 0.7138888888888889 0.10125 0.5922222222222222 0.145 0.7138888888888889 0.145
7 0.74 0.435 0.7572222222222222 0.435 0.74 0.496875 0.7572222222222222 0.496875
0 0.6561111111111111 0.4675 0.6972222222222222 0.4675 0.6561111111111111 0.503125 0.6972222222222222 0.503125
2 0.18888888888888888 0.44375 0.35 0.44375 0.18888888888888888 0.558125 0.35 0.558125
2 0.38166666666666665 0.46375 0.3938888888888889 0.46375 0.38166666666666665 0.47625 0.3938888888888889 0.47625
2 0.4116666666666667 0.454375 0.44555555555555554 0.454375 0.4116666666666667 0.4875 0.44555555555555554 0.4875
2 0.45944444444444443 0.43625 0.5361111111111111 0.43625 0.45944444444444443 0.513125 0.5361111111111111 0.513125