9 0.2777777777777778 0.4443359375 0.2949346405228758 0.4443359375 0.2777777777777778 0.4638671875 0.2949346405228758 0.4638671875
9 0.4362745098039216 0.384765625 0.46895424836601307 0.384765625 0.4362745098039216 0.3955078125 0.46895424836601307 0.3955078125
9 0.4362745098039216 0.3955078125 0.4681372549019608 0.3955078125 0.4362745098039216 0.404296875 0.4681372549019608 0.404296875
9 0.4362745098039216 0.404296875 0.46895424836601307 0.404296875 0.4362745098039216 0.4140625 0.46895424836601307 0.4140625
9 0.4362745098039216 0.4130859375 0.4681372549019608 0.4130859375 0.4362745098039216 0.4267578125 0.4681372549019608 0.4267578125
9 0.4362745098039216 0.42578125 0.4681372549019608 0.42578125 0.4362745098039216 0.4404296875 0.4681372549019608 0.4404296875
9 0.4362745098039216 0.4404296875 0.4681372549019608 0.4404296875 0.4362745098039216 0.4541015625 0.4681372549019608 0.4541015625
9 0.6805555555555556 0.4287109375 0.7009803921568627 0.4287109375 0.6805555555555556 0.451171875 0.7009803921568627 0.451171875
9 0.7736928104575164 0.4169921875 0.7892156862745098 0.4169921875 0.7736928104575164 0.4306640625 0.7892156862745098 0.4306640625
9 0.9419934640522876 0.4091796875 0.9640522875816994 0.4091796875 0.9419934640522876 0.419921875 0.9640522875816994 0.419921875
9 0.9779411764705882 0.2587890625 0.9991830065359477 0.2587890625 0.9779411764705882 0.287109375 0.9991830065359477 0.287109375
9 0.9779411764705882 0.2919921875 0.9991830065359477 0.2919921875 0.9779411764705882 0.337890625 0.9991830065359477 0.337890625
9 0.8570261437908496 0.1826171875 0.9869281045751634 0.1826171875 0.8570261437908496 0.3212890625 0.9869281045751634 0.3212890625
9 0.9027777777777778 0.318359375 0.9550653594771242 0.318359375 0.9027777777777778 0.3486328125 0.9550653594771242 0.3486328125
9 0.8954248366013072 0.291015625 0.920751633986928 0.291015625 0.8954248366013072 0.333984375 0.920751633986928 0.333984375
9 0.6184640522875817 0.4501953125 0.6388888888888888 0.4501953125 0.6184640522875817 0.45703125 0.6388888888888888 0.45703125
9 0.5784313725490197 0.4521484375 0.5874183006535948 0.4521484375 0.5784313725490197 0.4619140625 0.5874183006535948 0.4619140625
9 0.579248366013072 0.4619140625 0.5857843137254902 0.4619140625 0.579248366013072 0.4658203125 0.5857843137254902 0.4658203125
9 0.15522875816993464 0.4560546875 0.1715686274509804 0.4560546875 0.15522875816993464 0.4677734375 0.1715686274509804 0.4677734375
7 0.6217320261437909 0.4638671875 0.6495098039215687 0.4638671875 0.6217320261437909 0.5224609375 0.6495098039215687 0.5224609375
0 0.6168300653594772 0.486328125 0.6633986928104575 0.486328125 0.6168300653594772 0.5263671875 0.6633986928104575 0.5263671875
2 0.02287581699346405 0.5 0.17401960784313725 0.5 0.02287581699346405 0.5625 0.17401960784313725 0.5625