1 0 0.4912109375 0.0392156862745098 0.4912109375 0 0.54296875 0.0392156862745098 0.54296875
1 0.14705882352941177 0.48046875 0.21486928104575165 0.48046875 0.14705882352941177 0.5263671875 0.21486928104575165 0.5263671875
1 0.21405228758169934 0.4716796875 0.27369281045751637 0.4716796875 0.21405228758169934 0.5107421875 0.27369281045751637 0.5107421875
1 0.26715686274509803 0.4521484375 0.40931372549019607 0.4521484375 0.26715686274509803 0.51953125 0.40931372549019607 0.51953125
4 0.4158496732026144 0.4609375 0.41830065359477125 0.4609375 0.4158496732026144 0.4697265625 0.41830065359477125 0.4697265625
4 0.8913398692810458 0.416015625 0.8946078431372549 0.416015625 0.8913398692810458 0.4248046875 0.8946078431372549 0.4248046875
9 0.7704248366013072 0.41796875 0.7785947712418301 0.41796875 0.7704248366013072 0.4296875 0.7785947712418301 0.4296875
9 0.7704248366013072 0.4287109375 0.7794117647058824 0.4287109375 0.7704248366013072 0.4384765625 0.7794117647058824 0.4384765625
9 0.9820261437908496 0.4130859375 0.9918300653594772 0.4130859375 0.9820261437908496 0.423828125 0.9918300653594772 0.423828125
9 0.9836601307189542 0.421875 0.9910130718954249 0.421875 0.9836601307189542 0.4306640625 0.9910130718954249 0.4306640625
9 0.9354575163398693 0.4140625 0.9477124183006536 0.4140625 0.9354575163398693 0.4208984375 0.9477124183006536 0.4208984375
7 0.477124183006536 0.478515625 0.4852941176470588 0.478515625 0.477124183006536 0.505859375 0.4852941176470588 0.505859375
7 0.4820261437908497 0.4765625 0.48937908496732024 0.4765625 0.4820261437908497 0.5048828125 0.48937908496732024 0.5048828125
7 0.48937908496732024 0.478515625 0.49836601307189543 0.478515625 0.48937908496732024 0.505859375 0.49836601307189543 0.505859375
7 0.4869281045751634 0.4736328125 0.4934640522875817 0.4736328125 0.4869281045751634 0.490234375 0.4934640522875817 0.490234375
7 0.5604575163398693 0.46875 0.5669934640522876 0.46875 0.5604575163398693 0.4912109375 0.5669934640522876 0.4912109375
7 0.5490196078431373 0.470703125 0.5563725490196079 0.470703125 0.5490196078431373 0.4931640625 0.5563725490196079 0.4931640625
7 0.5800653594771242 0.466796875 0.5857843137254902 0.466796875 0.5800653594771242 0.486328125 0.5857843137254902 0.486328125
7 0.7540849673202614 0.4501953125 0.7663398692810458 0.4501953125 0.7540849673202614 0.4892578125 0.7663398692810458 0.4892578125
7 0.7459150326797386 0.4501953125 0.7549019607843137 0.4501953125 0.7459150326797386 0.4833984375 0.7549019607843137 0.4833984375
7 0.7769607843137255 0.4482421875 0.7916666666666666 0.4482421875 0.7769607843137255 0.498046875 0.7916666666666666 0.498046875
7 0.7720588235294118 0.447265625 0.7834967320261438 0.447265625 0.7720588235294118 0.4892578125 0.7834967320261438 0.4892578125
7 0.7875816993464052 0.451171875 0.7990196078431373 0.451171875 0.7875816993464052 0.4912109375 0.7990196078431373 0.4912109375
7 0.795751633986928 0.4482421875 0.8071895424836601 0.4482421875 0.795751633986928 0.4873046875 0.8071895424836601 0.4873046875
7 0.8022875816993464 0.4462890625 0.8104575163398693 0.4462890625 0.8022875816993464 0.46875 0.8104575163398693 0.46875
7 0.8088235294117647 0.447265625 0.8186274509803921 0.447265625 0.8088235294117647 0.4853515625 0.8186274509803921 0.4853515625
7 0.8161764705882353 0.4482421875 0.8251633986928104 0.4482421875 0.8161764705882353 0.486328125 0.8251633986928104 0.486328125
7 0.8235294117647058 0.4482421875 0.8349673202614379 0.4482421875 0.8235294117647058 0.4892578125 0.8349673202614379 0.4892578125
7 0.8382352941176471 0.4443359375 0.8488562091503268 0.4443359375 0.8382352941176471 0.4921875 0.8488562091503268 0.4921875
7 0.8439542483660131 0.4453125 0.8537581699346405 0.4453125 0.8439542483660131 0.484375 0.8537581699346405 0.484375
7 0.8496732026143791 0.4453125 0.8578431372549019 0.4453125 0.8496732026143791 0.474609375 0.8578431372549019 0.474609375
7 0.8594771241830066 0.4482421875 0.8709150326797386 0.4482421875 0.8594771241830066 0.490234375 0.8709150326797386 0.490234375
7 0.8676470588235294 0.44140625 0.8799019607843137 0.44140625 0.8676470588235294 0.486328125 0.8799019607843137 0.486328125
7 0.875 0.44140625 0.8848039215686274 0.44140625 0.875 0.48046875 0.8848039215686274 0.48046875
7 0.8839869281045751 0.44140625 0.8946078431372549 0.44140625 0.8839869281045751 0.4853515625 0.8946078431372549 0.4853515625
7 0.9003267973856209 0.443359375 0.9125816993464052 0.443359375 0.9003267973856209 0.4892578125 0.9125816993464052 0.4892578125
7 0.8970588235294118 0.4404296875 0.9052287581699346 0.4404296875 0.8970588235294118 0.478515625 0.9052287581699346 0.478515625
7 0.9109477124183006 0.44140625 0.9264705882352942 0.44140625 0.9109477124183006 0.4892578125 0.9264705882352942 0.4892578125
7 0.9215686274509803 0.4384765625 0.9338235294117647 0.4384765625 0.9215686274509803 0.4833984375 0.9338235294117647 0.4833984375
7 0.940359477124183 0.4384765625 0.9566993464052288 0.4384765625 0.940359477124183 0.48828125 0.9566993464052288 0.48828125
7 0.954248366013072 0.435546875 0.9681372549019608 0.435546875 0.954248366013072 0.4892578125 0.9681372549019608 0.4892578125
7 0.9746732026143791 0.4326171875 0.9836601307189542 0.4326171875 0.9746732026143791 0.455078125 0.9836601307189542 0.455078125
7 0.9787581699346405 0.435546875 0.9975490196078431 0.435546875 0.9787581699346405 0.486328125 0.9975490196078431 0.486328125
7 0.9926470588235294 0.4326171875 0.9991830065359477 0.4326171875 0.9926470588235294 0.4794921875 0.9991830065359477 0.4794921875
0 0.6053921568627451 0.478515625 0.619281045751634 0.478515625 0.6053921568627451 0.5048828125 0.619281045751634 0.5048828125
5 0.21486928104575165 0.5029296875 0.24673202614379086 0.5029296875 0.21486928104575165 0.533203125 0.24673202614379086 0.533203125
5 0.23366013071895425 0.4990234375 0.2761437908496732 0.4990234375 0.23366013071895425 0.5361328125 0.2761437908496732 0.5361328125
2 0.004901960784313725 0.5107421875 0.10947712418300654 0.5107421875 0.004901960784313725 0.5986328125 0.10947712418300654 0.5986328125
2 0.09477124183006536 0.4970703125 0.16584967320261437 0.4970703125 0.09477124183006536 0.55859375 0.16584967320261437 0.55859375
2 0.19607843137254902 0.484375 0.24101307189542484 0.484375 0.19607843137254902 0.5322265625 0.24101307189542484 0.5322265625
2 0.1854575163398693 0.5029296875 0.20016339869281047 0.5029296875 0.1854575163398693 0.529296875 0.20016339869281047 0.529296875
2 0.4011437908496732 0.48046875 0.47549019607843135 0.48046875 0.4011437908496732 0.513671875 0.47549019607843135 0.513671875
2 0.4991830065359477 0.4736328125 0.5555555555555556 0.4736328125 0.4991830065359477 0.5302734375 0.5555555555555556 0.5302734375
2 0.5866013071895425 0.4697265625 0.6258169934640523 0.4697265625 0.5866013071895425 0.5029296875 0.6258169934640523 0.5029296875
2 0.6151960784313726 0.4638671875 0.6544117647058824 0.4638671875 0.6151960784313726 0.49609375 0.6544117647058824 0.49609375
2 0.6544117647058824 0.4580078125 0.6862745098039216 0.4580078125 0.6544117647058824 0.48828125 0.6862745098039216 0.48828125
2 0.6560457516339869 0.4541015625 0.7532679738562091 0.4541015625 0.6560457516339869 0.5126953125 0.7532679738562091 0.5126953125
7 0.21895424836601307 0.4892578125 0.24019607843137256 0.4892578125 0.21895424836601307 0.5263671875 0.24019607843137256 0.5263671875
7 0.24101307189542484 0.4853515625 0.2638888888888889 0.4853515625 0.24101307189542484 0.53125 0.2638888888888889 0.53125
7 0.6045751633986928 0.4609375 0.6184640522875817 0.4609375 0.6045751633986928 0.5 0.6184640522875817 0.5