4 0.43722222222222223 0.425625 0.44166666666666665 0.425625 0.43722222222222223 0.435625 0.44166666666666665 0.435625
4 0.4638888888888889 0.441875 0.4677777777777778 0.441875 0.4638888888888889 0.449375 0.4677777777777778 0.449375
4 0.3844444444444444 0.4325 0.3883333333333333 0.4325 0.3844444444444444 0.44 0.3883333333333333 0.44
9 0.8166666666666667 0.285 0.8688888888888889 0.285 0.8166666666666667 0.315 0.8688888888888889 0.315
9 0.8161111111111111 0.265625 0.8666666666666667 0.265625 0.8161111111111111 0.275625 0.8666666666666667 0.275625
9 0.7905555555555556 0.155625 0.8794444444444445 0.155625 0.7905555555555556 0.25625 0.8794444444444445 0.25625
9 0.5811111111111111 0.479375 0.6 0.479375 0.5811111111111111 0.499375 0.6 0.499375
9 0.5811111111111111 0.393125 0.605 0.393125 0.5811111111111111 0.400625 0.605 0.400625
9 0.4461111111111111 0.430625 0.4572222222222222 0.430625 0.4461111111111111 0.436875 0.4572222222222222 0.436875
9 0.47 0.436875 0.48 0.436875 0.47 0.445625 0.48 0.445625
9 0.9283333333333333 0.369375 0.9377777777777778 0.369375 0.9283333333333333 0.396875 0.9377777777777778 0.396875
9 0.7827777777777778 0.1625 0.8288888888888889 0.1625 0.7827777777777778 0.25625 0.8288888888888889 0.25625
9 0.8061111111111111 0.268125 0.8288888888888889 0.268125 0.8061111111111111 0.2825 0.8288888888888889 0.2825
9 0.8083333333333333 0.2875 0.8294444444444444 0.2875 0.8083333333333333 0.3225 0.8294444444444444 0.3225
0 0.6422222222222222 0.473125 0.6922222222222222 0.473125 0.6422222222222222 0.57875 0.6922222222222222 0.57875
2 0.45444444444444443 0.45125 0.4816666666666667 0.45125 0.45444444444444443 0.475 0.4816666666666667 0.475
2 0.44166666666666665 0.45875 0.45 0.45875 0.44166666666666665 0.470625 0.45 0.470625
2 0.4255555555555556 0.455 0.4438888888888889 0.455 0.4255555555555556 0.4725 0.4438888888888889 0.4725
2 0.40944444444444444 0.455625 0.41888888888888887 0.455625 0.40944444444444444 0.47125 0.41888888888888887 0.47125
2 0.3983333333333333 0.455 0.41333333333333333 0.455 0.3983333333333333 0.474375 0.41333333333333333 0.474375
2 0.3972222222222222 0.455 0.4061111111111111 0.455 0.3972222222222222 0.475625 0.4061111111111111 0.475625
2 0.37722222222222224 0.454375 0.4011111111111111 0.454375 0.37722222222222224 0.4775 0.4011111111111111 0.4775
2 0.36 0.456875 0.37277777777777776 0.456875 0.36 0.465625 0.37277777777777776 0.465625
2 0.29833333333333334 0.461875 0.31444444444444447 0.461875 0.29833333333333334 0.48 0.31444444444444447 0.48
2 0.2877777777777778 0.464375 0.3 0.464375 0.2877777777777778 0.48125 0.3 0.48125
2 0.27555555555555555 0.464375 0.29055555555555557 0.464375 0.27555555555555555 0.481875 0.29055555555555557 0.481875
2 0.2633333333333333 0.465 0.27944444444444444 0.465 0.2633333333333333 0.484375 0.27944444444444444 0.484375
2 0.245 0.465625 0.27055555555555555 0.465625 0.245 0.486875 0.27055555555555555 0.486875
2 0.21166666666666667 0.45875 0.245 0.45875 0.21166666666666667 0.491875 0.245 0.491875
2 0.17722222222222223 0.46625 0.21944444444444444 0.46625 0.17722222222222223 0.49375 0.21944444444444444 0.49375
2 0 0.4325 0.2222222222222222 0.4325 0 0.668125 0.2222222222222222 0.668125
7 0.6416666666666667 0.4075 0.7005555555555556 0.4075 0.6416666666666667 0.555625 0.7005555555555556 0.555625
6 0.3161111111111111 0.43125 0.35833333333333334 0.43125 0.3161111111111111 0.481875 0.35833333333333334 0.481875
2 0.31666666666666665 0.454375 0.35 0.454375 0.31666666666666665 0.4825 0.35 0.4825