4 0.029444444444444443 0.26625 0.035555555555555556 0.26625 0.029444444444444443 0.299375 0.035555555555555556 0.299375
4 0.06722222222222222 0.293125 0.075 0.293125 0.06722222222222222 0.31875 0.075 0.31875
4 0.09055555555555556 0.38375 0.09777777777777778 0.38375 0.09055555555555556 0.408125 0.09777777777777778 0.408125
4 0.11222222222222222 0.38375 0.11722222222222223 0.38375 0.11222222222222222 0.405625 0.11722222222222223 0.405625
4 0.08944444444444444 0.420625 0.09833333333333333 0.420625 0.08944444444444444 0.43125 0.09833333333333333 0.43125
4 0.5238888888888888 0.371875 0.5322222222222223 0.371875 0.5238888888888888 0.401875 0.5322222222222223 0.401875
4 0.5477777777777778 0.37375 0.5533333333333333 0.37375 0.5477777777777778 0.396875 0.5533333333333333 0.396875
4 0.5405555555555556 0.414375 0.55 0.414375 0.5405555555555556 0.424375 0.55 0.424375
4 0.6738888888888889 0.366875 0.6966666666666667 0.366875 0.6738888888888889 0.39 0.6966666666666667 0.39
4 0.8366666666666667 0.38625 0.8427777777777777 0.38625 0.8366666666666667 0.4 0.8427777777777777 0.4
9 0.07611111111111112 0.34 0.10333333333333333 0.34 0.07611111111111112 0.38375 0.10333333333333333 0.38375
9 0.10222222222222223 0.34625 0.1111111111111111 0.34625 0.10222222222222223 0.3575 0.1111111111111111 0.3575
9 0.07944444444444444 0.411875 0.09833333333333333 0.411875 0.07944444444444444 0.416875 0.09833333333333333 0.416875
9 0.075 0.4325 0.10055555555555555 0.4325 0.075 0.46375 0.10055555555555555 0.46375
9 0.975 0.35625 0.9822222222222222 0.35625 0.975 0.376875 0.9822222222222222 0.376875
0 0.39944444444444444 0.46625 0.43555555555555553 0.46625 0.39944444444444444 0.530625 0.43555555555555553 0.530625
7 0.3988888888888889 0.423125 0.435 0.423125 0.3988888888888889 0.53 0.435 0.53