4 0.22111111111111112 0.36375 0.2311111111111111 0.36375 0.22111111111111112 0.394375 0.2311111111111111 0.394375
4 0.5133333333333333 0.4075 0.5233333333333333 0.4075 0.5133333333333333 0.45125 0.5233333333333333 0.45125
4 0.5016666666666667 0.426875 0.5066666666666667 0.426875 0.5016666666666667 0.45375 0.5066666666666667 0.45375
4 0.7711111111111111 0.150625 0.7877777777777778 0.150625 0.7711111111111111 0.218125 0.7877777777777778 0.218125
9 0.24 0.356875 0.2638888888888889 0.356875 0.24 0.38875 0.2638888888888889 0.38875
9 0.3327777777777778 0.358125 0.3572222222222222 0.358125 0.3327777777777778 0.389375 0.3572222222222222 0.389375
9 0.495 0.385 0.5272222222222223 0.385 0.495 0.3975 0.5272222222222223 0.3975
9 0.505 0.46375 0.5188888888888888 0.46375 0.505 0.48 0.5188888888888888 0.48
9 0.9738888888888889 0.485625 0.9816666666666667 0.485625 0.9738888888888889 0.498125 0.9816666666666667 0.498125
9 0.495 0.494375 0.5094444444444445 0.494375 0.495 0.505625 0.5094444444444445 0.505625
9 0.39111111111111113 0.49125 0.4033333333333333 0.49125 0.39111111111111113 0.499375 0.4033333333333333 0.499375
9 0.3927777777777778 0.499375 0.4 0.499375 0.3927777777777778 0.515625 0.4 0.515625
2 0 0.419375 0.13555555555555557 0.419375 0 0.64875 0.13555555555555557 0.64875
2 0.8816666666666667 0.505625 0.9066666666666666 0.505625 0.8816666666666667 0.516875 0.9066666666666666 0.516875
2 0.47888888888888886 0.488125 0.6227777777777778 0.488125 0.47888888888888886 0.545625 0.6227777777777778 0.545625