4 0.888671875 0.3079427083333333 0.92236328125 0.3079427083333333 0.888671875 0.4016927083333333 0.92236328125 0.4016927083333333
4 0.70361328125 0.4544270833333333 0.71923828125 0.4544270833333333 0.70361328125 0.48046875 0.71923828125 0.48046875
4 0.69970703125 0.3502604166666667 0.72265625 0.3502604166666667 0.69970703125 0.392578125 0.72265625 0.392578125
4 0.40576171875 0.212890625 0.4287109375 0.212890625 0.40576171875 0.24609375 0.4287109375 0.24609375
4 0.134765625 0.4479166666666667 0.15380859375 0.4479166666666667 0.134765625 0.4759114583333333 0.15380859375 0.4759114583333333
9 0.93603515625 0.396484375 0.9619140625 0.396484375 0.93603515625 0.4166666666666667 0.9619140625 0.4166666666666667
9 0.685546875 0.4309895833333333 0.724609375 0.4309895833333333 0.685546875 0.451171875 0.724609375 0.451171875
9 0.4580078125 0.21419270833333334 0.494140625 0.21419270833333334 0.4580078125 0.26171875 0.494140625 0.26171875
9 0.13916015625 0.513671875 0.15673828125 0.513671875 0.13916015625 0.5325520833333334 0.15673828125 0.5325520833333334
9 0.67333984375 0.2819010416666667 0.72216796875 0.2819010416666667 0.67333984375 0.3118489583333333 0.72216796875 0.3118489583333333
7 0.87353515625 0.4856770833333333 0.90869140625 0.4856770833333333 0.87353515625 0.564453125 0.90869140625 0.564453125
2 0.61962890625 0.5221354166666666 0.96826171875 0.5221354166666666 0.61962890625 0.7018229166666666 0.96826171875 0.7018229166666666