4 0.5938888888888889 0.335625 0.6133333333333333 0.335625 0.5938888888888889 0.375625 0.6133333333333333 0.375625
4 0.4822222222222222 0.389375 0.48944444444444446 0.389375 0.4822222222222222 0.403125 0.48944444444444446 0.403125
4 0.4072222222222222 0.25 0.43444444444444447 0.25 0.4072222222222222 0.30875 0.43444444444444447 0.30875
4 0.12944444444444445 0.216875 0.15833333333333333 0.216875 0.12944444444444445 0.28125 0.15833333333333333 0.28125
4 0.34444444444444444 0.4425 0.35055555555555556 0.4425 0.34444444444444444 0.45 0.35055555555555556 0.45
9 0.4061111111111111 0.375625 0.41888888888888887 0.375625 0.4061111111111111 0.39 0.41888888888888887 0.39
9 0.3466666666666667 0.438125 0.3561111111111111 0.438125 0.3466666666666667 0.4425 0.3561111111111111 0.4425
7 0.9705555555555555 0.365 0.9994444444444445 0.365 0.9705555555555555 0.52625 0.9994444444444445 0.52625
7 0.9238888888888889 0.386875 0.9633333333333334 0.386875 0.9238888888888889 0.508125 0.9633333333333334 0.508125
7 0.8955555555555555 0.376875 0.9272222222222222 0.376875 0.8955555555555555 0.51125 0.9272222222222222 0.51125
7 0.024444444444444446 0.441875 0.04388888888888889 0.441875 0.024444444444444446 0.48 0.04388888888888889 0.48
7 0.04833333333333333 0.446875 0.06277777777777778 0.446875 0.04833333333333333 0.479375 0.06277777777777778 0.479375
7 0.04055555555555555 0.448125 0.052222222222222225 0.448125 0.04055555555555555 0.478125 0.052222222222222225 0.478125
7 0.6761111111111111 0.430625 0.69 0.430625 0.6761111111111111 0.48125 0.69 0.48125
2 0.1938888888888889 0.439375 0.2827777777777778 0.439375 0.1938888888888889 0.5125 0.2827777777777778 0.5125