9 0.66 0.358125 0.6766666666666666 0.358125 0.66 0.385 0.6766666666666666 0.385
9 0.9561111111111111 0.4275 0.9683333333333334 0.4275 0.9561111111111111 0.45125 0.9683333333333334 0.45125
9 0.3438888888888889 0.4275 0.34944444444444445 0.4275 0.3438888888888889 0.43625 0.34944444444444445 0.43625
9 0.35833333333333334 0.429375 0.3638888888888889 0.429375 0.35833333333333334 0.438125 0.3638888888888889 0.438125
9 0.3422222222222222 0.416875 0.35055555555555556 0.416875 0.3422222222222222 0.42625 0.35055555555555556 0.42625
7 0.1272222222222222 0.4325 0.14888888888888888 0.4325 0.1272222222222222 0.505625 0.14888888888888888 0.505625
7 0 0.42375 0.021111111111111112 0.42375 0 0.49375 0.021111111111111112 0.49375
7 0.059444444444444446 0.425625 0.06888888888888889 0.425625 0.059444444444444446 0.450625 0.06888888888888889 0.450625
7 0.5355555555555556 0.4425 0.5477777777777778 0.4425 0.5355555555555556 0.469375 0.5477777777777778 0.469375
7 0.4288888888888889 0.446875 0.43555555555555553 0.446875 0.4288888888888889 0.47125 0.43555555555555553 0.47125
7 0.27444444444444444 0.43625 0.29 0.43625 0.27444444444444444 0.485625 0.29 0.485625
0 0.03333333333333333 0.453125 0.085 0.453125 0.03333333333333333 0.500625 0.085 0.500625
0 0.3055555555555556 0.445 0.3333333333333333 0.445 0.3055555555555556 0.490625 0.3333333333333333 0.490625
0 0.6994444444444444 0.453125 0.74 0.453125 0.6994444444444444 0.5125 0.74 0.5125
0 0.665 0.43625 0.6972222222222222 0.43625 0.665 0.51625 0.6972222222222222 0.51625
0 0.6333333333333333 0.450625 0.6611111111111111 0.450625 0.6333333333333333 0.515 0.6611111111111111 0.515
0 0.6516666666666666 0.450625 0.6722222222222223 0.450625 0.6516666666666666 0.51375 0.6722222222222223 0.51375
0 0.6088888888888889 0.44875 0.6311111111111111 0.44875 0.6088888888888889 0.5 0.6311111111111111 0.5
0 0.6261111111111111 0.443125 0.6372222222222222 0.443125 0.6261111111111111 0.496875 0.6372222222222222 0.496875
0 0.5861111111111111 0.44625 0.6083333333333333 0.44625 0.5861111111111111 0.493125 0.6083333333333333 0.493125
0 0.5605555555555556 0.450625 0.59 0.450625 0.5605555555555556 0.484375 0.59 0.484375
0 0.25277777777777777 0.451875 0.275 0.451875 0.25277777777777777 0.49 0.275 0.49
0 0.24388888888888888 0.458125 0.26722222222222225 0.458125 0.24388888888888888 0.503125 0.26722222222222225 0.503125
0 0.23444444444444446 0.454375 0.2577777777777778 0.454375 0.23444444444444446 0.49625 0.2577777777777778 0.49625
2 0.48444444444444446 0.455 0.49444444444444446 0.455 0.48444444444444446 0.463125 0.49444444444444446 0.463125
2 0.4122222222222222 0.4475 0.43 0.4475 0.4122222222222222 0.46625 0.43 0.46625
2 0.4116666666666667 0.449375 0.42333333333333334 0.449375 0.4116666666666667 0.47 0.42333333333333334 0.47
2 0.3938888888888889 0.446875 0.41388888888888886 0.446875 0.3938888888888889 0.471875 0.41388888888888886 0.471875
2 0.39 0.45 0.4038888888888889 0.45 0.39 0.473125 0.4038888888888889 0.473125
2 0.36666666666666664 0.4475 0.39666666666666667 0.4475 0.36666666666666664 0.47625 0.39666666666666667 0.47625
2 0.3244444444444444 0.44875 0.37 0.44875 0.3244444444444444 0.48375 0.37 0.48375