4 0.5228758169934641 0.4794921875 0.5253267973856209 0.4794921875 0.5228758169934641 0.4873046875 0.5253267973856209 0.4873046875
4 0.2222222222222222 0.458984375 0.22712418300653595 0.458984375 0.2222222222222222 0.4755859375 0.22712418300653595 0.4755859375
9 0.7859477124183006 0.392578125 0.8145424836601307 0.392578125 0.7859477124183006 0.4267578125 0.8145424836601307 0.4267578125
9 0.7900326797385621 0.4267578125 0.8104575163398693 0.4267578125 0.7900326797385621 0.447265625 0.8104575163398693 0.447265625
9 0.8088235294117647 0.4462890625 0.8357843137254902 0.4462890625 0.8088235294117647 0.466796875 0.8357843137254902 0.466796875
9 0.6601307189542484 0.43359375 0.670751633986928 0.43359375 0.6601307189542484 0.4482421875 0.670751633986928 0.4482421875
9 0.6617647058823529 0.44921875 0.670751633986928 0.44921875 0.6617647058823529 0.462890625 0.670751633986928 0.462890625
9 0.6609477124183006 0.462890625 0.6723856209150327 0.462890625 0.6609477124183006 0.478515625 0.6723856209150327 0.478515625
9 0.5996732026143791 0.4873046875 0.6478758169934641 0.4873046875 0.5996732026143791 0.51171875 0.6478758169934641 0.51171875
9 0.548202614379085 0.484375 0.5923202614379085 0.484375 0.548202614379085 0.509765625 0.5923202614379085 0.509765625
7 0.7696078431372549 0.4873046875 0.7810457516339869 0.4873046875 0.7696078431372549 0.54296875 0.7810457516339869 0.54296875
7 0.7916666666666666 0.482421875 0.7998366013071896 0.482421875 0.7916666666666666 0.5244140625 0.7998366013071896 0.5244140625
13 0.44607843137254904 0.453125 0.511437908496732 0.453125 0.44607843137254904 0.5185546875 0.511437908496732 0.5185546875
5 0.6830065359477124 0.5087890625 0.7205882352941176 0.5087890625 0.6830065359477124 0.533203125 0.7205882352941176 0.533203125
2 0.5049019607843137 0.5 0.5212418300653595 0.5 0.5049019607843137 0.5224609375 0.5212418300653595 0.5224609375
2 0.3888888888888889 0.50390625 0.5375816993464052 0.50390625 0.3888888888888889 0.6611328125 0.5375816993464052 0.6611328125
2 0.3758169934640523 0.505859375 0.43137254901960786 0.505859375 0.3758169934640523 0.55859375 0.43137254901960786 0.55859375
2 0.28431372549019607 0.513671875 0.39624183006535946 0.513671875 0.28431372549019607 0.5966796875 0.39624183006535946 0.5966796875
2 0.33905228758169936 0.5 0.35784313725490197 0.5 0.33905228758169936 0.513671875 0.35784313725490197 0.513671875
2 0.315359477124183 0.49609375 0.3431372549019608 0.49609375 0.315359477124183 0.513671875 0.3431372549019608 0.513671875
2 0.2965686274509804 0.5029296875 0.3202614379084967 0.5029296875 0.2965686274509804 0.5205078125 0.3202614379084967 0.5205078125
2 0.25980392156862747 0.5 0.3014705882352941 0.5 0.25980392156862747 0.53125 0.3014705882352941 0.53125