9 0.013071895424836602 0.140625 0.05392156862745098 0.140625 0.013071895424836602 0.2216796875 0.05392156862745098 0.2216796875
9 0.1388888888888889 0.2744140625 0.1715686274509804 0.2744140625 0.1388888888888889 0.3134765625 0.1715686274509804 0.3134765625
7 0.440359477124183 0.3828125 0.45098039215686275 0.3828125 0.440359477124183 0.419921875 0.45098039215686275 0.419921875
7 0.44607843137254904 0.3857421875 0.46078431372549017 0.3857421875 0.44607843137254904 0.421875 0.46078431372549017 0.421875
7 0.4583333333333333 0.3896484375 0.47058823529411764 0.3896484375 0.4583333333333333 0.421875 0.47058823529411764 0.421875
7 0.5138888888888888 0.3896484375 0.5326797385620915 0.3896484375 0.5138888888888888 0.4404296875 0.5326797385620915 0.4404296875
7 0.5326797385620915 0.39453125 0.5498366013071896 0.39453125 0.5326797385620915 0.4423828125 0.5498366013071896 0.4423828125
7 0.6029411764705882 0.3984375 0.619281045751634 0.3984375 0.6029411764705882 0.443359375 0.619281045751634 0.443359375
7 0.886437908496732 0.41015625 0.940359477124183 0.41015625 0.886437908496732 0.5703125 0.940359477124183 0.5703125
7 0.7720588235294118 0.4140625 0.7834967320261438 0.4140625 0.7720588235294118 0.4755859375 0.7834967320261438 0.4755859375
0 0.2581699346405229 0.3994140625 0.2949346405228758 0.3994140625 0.2581699346405229 0.4755859375 0.2949346405228758 0.4755859375
0 0.3022875816993464 0.4052734375 0.3954248366013072 0.4052734375 0.3022875816993464 0.482421875 0.3954248366013072 0.482421875
0 0.6282679738562091 0.4013671875 0.7230392156862745 0.4013671875 0.6282679738562091 0.478515625 0.7230392156862745 0.478515625
0 0.6968954248366013 0.39453125 0.8218954248366013 0.39453125 0.6968954248366013 0.5126953125 0.8218954248366013 0.5126953125
0 0.4852941176470588 0.3505859375 0.6339869281045751 0.3505859375 0.4852941176470588 0.595703125 0.6339869281045751 0.595703125
2 0 0.4111328125 0.016339869281045753 0.4111328125 0 0.455078125 0.016339869281045753 0.455078125
2 0.010620915032679739 0.3505859375 0.2647058823529412 0.3505859375 0.010620915032679739 0.5029296875 0.2647058823529412 0.5029296875
7 0.7736928104575164 0.4013671875 0.8071895424836601 0.4013671875 0.7736928104575164 0.5126953125 0.8071895424836601 0.5126953125