4 0.434640522875817 0.4765625 0.4395424836601307 0.4765625 0.434640522875817 0.4853515625 0.4395424836601307 0.4853515625
4 0.48447712418300654 0.4755859375 0.48856209150326796 0.4755859375 0.48447712418300654 0.484375 0.48856209150326796 0.484375
4 0.545751633986928 0.4658203125 0.5498366013071896 0.4658203125 0.545751633986928 0.4736328125 0.5498366013071896 0.4736328125
9 0.06862745098039216 0.4755859375 0.08905228758169935 0.4755859375 0.06862745098039216 0.4921875 0.08905228758169935 0.4921875
9 0.06944444444444445 0.4619140625 0.08905228758169935 0.4619140625 0.06944444444444445 0.474609375 0.08905228758169935 0.474609375
9 0.06535947712418301 0.4306640625 0.0923202614379085 0.4306640625 0.06535947712418301 0.4619140625 0.0923202614379085 0.4619140625
9 0.23774509803921567 0.46875 0.25163398692810457 0.46875 0.23774509803921567 0.49609375 0.25163398692810457 0.49609375
9 0.6176470588235294 0.4580078125 0.6266339869281046 0.4580078125 0.6176470588235294 0.4677734375 0.6266339869281046 0.4677734375
9 0.6160130718954249 0.4453125 0.6274509803921569 0.4453125 0.6160130718954249 0.458984375 0.6274509803921569 0.458984375
9 0.6102941176470589 0.4755859375 0.6274509803921569 0.4755859375 0.6102941176470589 0.4873046875 0.6274509803921569 0.4873046875
7 0.2679738562091503 0.5185546875 0.2785947712418301 0.5185546875 0.2679738562091503 0.544921875 0.2785947712418301 0.544921875
7 0.28104575163398693 0.513671875 0.2916666666666667 0.513671875 0.28104575163398693 0.5556640625 0.2916666666666667 0.5556640625
7 0.8472222222222222 0.50390625 0.8668300653594772 0.50390625 0.8472222222222222 0.58203125 0.8668300653594772 0.58203125
7 0.8651960784313726 0.5068359375 0.8848039215686274 0.5068359375 0.8651960784313726 0.5849609375 0.8848039215686274 0.5849609375
7 0.24754901960784315 0.5107421875 0.2581699346405229 0.5107421875 0.24754901960784315 0.541015625 0.2581699346405229 0.541015625
5 0.48856209150326796 0.5302734375 0.5236928104575164 0.5302734375 0.48856209150326796 0.5927734375 0.5236928104575164 0.5927734375
2 0.5204248366013072 0.4833984375 0.5367647058823529 0.4833984375 0.5204248366013072 0.501953125 0.5367647058823529 0.501953125
2 0.5122549019607843 0.4765625 0.5269607843137255 0.4765625 0.5122549019607843 0.4951171875 0.5269607843137255 0.4951171875
2 0.4534313725490196 0.4931640625 0.47058823529411764 0.4931640625 0.4534313725490196 0.513671875 0.47058823529411764 0.513671875
2 0.4665032679738562 0.490234375 0.47549019607843135 0.490234375 0.4665032679738562 0.50390625 0.47549019607843135 0.50390625
2 0.4150326797385621 0.4931640625 0.4411764705882353 0.4931640625 0.4150326797385621 0.517578125 0.4411764705882353 0.517578125
2 0.41094771241830064 0.51171875 0.4477124183006536 0.51171875 0.41094771241830064 0.544921875 0.4477124183006536 0.544921875
2 0.3349673202614379 0.5166015625 0.3815359477124183 0.5166015625 0.3349673202614379 0.5625 0.3815359477124183 0.5625
2 0.1977124183006536 0.537109375 0.2965686274509804 0.537109375 0.1977124183006536 0.6044921875 0.2965686274509804 0.6044921875
2 0.4820261437908497 0.5048828125 0.5098039215686274 0.5048828125 0.4820261437908497 0.5224609375 0.5098039215686274 0.5224609375
2 0.47549019607843135 0.51953125 0.5228758169934641 0.51953125 0.47549019607843135 0.56640625 0.5228758169934641 0.56640625
2 0 0.59765625 0.10130718954248366 0.59765625 0 0.8212890625 0.10130718954248366 0.8212890625
7 0.4910130718954248 0.51953125 0.5155228758169934 0.51953125 0.4910130718954248 0.58203125 0.5155228758169934 0.58203125
6 0.8218954248366013 0.5234375 0.8464052287581699 0.5234375 0.8218954248366013 0.5888671875 0.8464052287581699 0.5888671875
6 0.7998366013071896 0.533203125 0.8178104575163399 0.533203125 0.7998366013071896 0.583984375 0.8178104575163399 0.583984375