4 0.04 0.323125 0.057777777777777775 0.323125 0.04 0.353125 0.057777777777777775 0.353125
4 0.051666666666666666 0.229375 0.06833333333333333 0.229375 0.051666666666666666 0.289375 0.06833333333333333 0.289375
4 0.23444444444444446 0.34625 0.25722222222222224 0.34625 0.23444444444444446 0.3675 0.25722222222222224 0.3675
4 0.24444444444444444 0.259375 0.2627777777777778 0.259375 0.24444444444444444 0.3175 0.2627777777777778 0.3175
4 0.8644444444444445 0.3625 0.8833333333333333 0.3625 0.8644444444444445 0.38375 0.8833333333333333 0.38375
4 0.8627777777777778 0.2775 0.8772222222222222 0.2775 0.8627777777777778 0.331875 0.8772222222222222 0.331875
9 0.01888888888888889 0.3 0.03611111111111111 0.3 0.01888888888888889 0.32375 0.03611111111111111 0.32375
9 0.35944444444444446 0.4475 0.37277777777777776 0.4475 0.35944444444444446 0.46875 0.37277777777777776 0.46875
9 0.5216666666666666 0.44625 0.5272222222222223 0.44625 0.5216666666666666 0.449375 0.5272222222222223 0.449375
9 0.5211111111111111 0.4375 0.5283333333333333 0.4375 0.5211111111111111 0.44625 0.5283333333333333 0.44625
9 0.8605555555555555 0.346875 0.9238888888888889 0.346875 0.8605555555555555 0.363125 0.9238888888888889 0.363125
7 0 0.40875 0.015 0.40875 0 0.47125 0.015 0.47125
7 0.025 0.38375 0.05 0.38375 0.025 0.48375 0.05 0.48375
7 0.04111111111111111 0.39125 0.06722222222222222 0.39125 0.04111111111111111 0.499375 0.06722222222222222 0.499375
7 0.06 0.39375 0.07777777777777778 0.39375 0.06 0.483125 0.07777777777777778 0.483125
7 0.07444444444444444 0.384375 0.11444444444444445 0.384375 0.07444444444444444 0.501875 0.11444444444444445 0.501875
7 0.31 0.430625 0.3283333333333333 0.430625 0.31 0.481875 0.3283333333333333 0.481875
7 0.2866666666666667 0.43625 0.29555555555555557 0.43625 0.2866666666666667 0.461875 0.29555555555555557 0.461875
7 0.5755555555555556 0.40625 0.6011111111111112 0.40625 0.5755555555555556 0.453125 0.6011111111111112 0.453125
7 0.6238888888888889 0.403125 0.6488888888888888 0.403125 0.6238888888888889 0.4475 0.6488888888888888 0.4475
0 0.125 0.428125 0.17833333333333334 0.428125 0.125 0.47125 0.17833333333333334 0.47125
0 0.17888888888888888 0.434375 0.22 0.434375 0.17888888888888888 0.47375 0.22 0.47375
13 0.47833333333333333 0.441875 0.4888888888888889 0.441875 0.47833333333333333 0.455625 0.4888888888888889 0.455625
2 0.33 0.4375 0.4111111111111111 0.4375 0.33 0.49 0.4111111111111111 0.49
2 0.3711111111111111 0.43 0.42055555555555557 0.43 0.3711111111111111 0.485625 0.42055555555555557 0.485625
2 0.41 0.435 0.43444444444444447 0.435 0.41 0.47875 0.43444444444444447 0.47875
2 0.4216666666666667 0.445 0.445 0.445 0.4216666666666667 0.478125 0.445 0.478125
2 0.43833333333333335 0.450625 0.45 0.450625 0.43833333333333335 0.473125 0.45 0.473125
2 0.44055555555555553 0.443125 0.4572222222222222 0.443125 0.44055555555555553 0.469375 0.4572222222222222 0.469375
2 0.4527777777777778 0.448125 0.46444444444444444 0.448125 0.4527777777777778 0.4625 0.46444444444444444 0.4625
2 0.4672222222222222 0.45375 0.48 0.45375 0.4672222222222222 0.46625 0.48 0.46625
2 0.48777777777777775 0.451875 0.49944444444444447 0.451875 0.48777777777777775 0.468125 0.49944444444444447 0.468125
2 0.49777777777777776 0.444375 0.5277777777777778 0.444375 0.49777777777777776 0.474375 0.5277777777777778 0.474375
2 0.5272222222222223 0.453125 0.5438888888888889 0.453125 0.5272222222222223 0.47125 0.5438888888888889 0.47125
2 0.5411111111111111 0.4525 0.555 0.4525 0.5411111111111111 0.475 0.555 0.475
2 0.5511111111111111 0.45 0.5644444444444444 0.45 0.5511111111111111 0.476875 0.5644444444444444 0.476875
2 0.5611111111111111 0.429375 0.6111111111111112 0.429375 0.5611111111111111 0.4675 0.6111111111111112 0.4675
2 0.5544444444444444 0.39375 0.9311111111111111 0.39375 0.5544444444444444 0.560625 0.9311111111111111 0.560625
7 0.7322222222222222 0.416875 0.7572222222222222 0.416875 0.7322222222222222 0.45375 0.7572222222222222 0.45375
3 0.2688888888888889 0.445625 0.2838888888888889 0.445625 0.2688888888888889 0.49 0.2838888888888889 0.49