9 0.5855555555555556 0.393125 0.6033333333333334 0.393125 0.5855555555555556 0.4125 0.6033333333333334 0.4125
9 0.30722222222222223 0.374375 0.3277777777777778 0.374375 0.30722222222222223 0.393125 0.3277777777777778 0.393125
7 0.8127777777777778 0.31625 0.9566666666666667 0.31625 0.8127777777777778 0.72625 0.9566666666666667 0.72625
7 0.895 0.405625 0.9772222222222222 0.405625 0.895 0.631875 0.9772222222222222 0.631875
7 0.7111111111111111 0.43125 0.7766666666666666 0.43125 0.7111111111111111 0.54375 0.7766666666666666 0.54375
7 0.705 0.430625 0.7516666666666667 0.430625 0.705 0.536875 0.7516666666666667 0.536875
7 0.6716666666666666 0.444375 0.7116666666666667 0.444375 0.6716666666666666 0.550625 0.7116666666666667 0.550625
7 0.63 0.399375 0.6727777777777778 0.399375 0.63 0.555 0.6727777777777778 0.555
7 0.6766666666666666 0.42375 0.7038888888888889 0.42375 0.6766666666666666 0.45625 0.7038888888888889 0.45625
7 0.5477777777777778 0.44375 0.5672222222222222 0.44375 0.5477777777777778 0.49 0.5672222222222222 0.49
7 0.5594444444444444 0.435625 0.5716666666666667 0.435625 0.5594444444444444 0.45375 0.5716666666666667 0.45375
7 0.53 0.43375 0.55 0.43375 0.53 0.490625 0.55 0.490625
0 0.5538888888888889 0.45125 0.6361111111111111 0.45125 0.5538888888888889 0.52125 0.6361111111111111 0.52125
2 0.47555555555555556 0.440625 0.5311111111111111 0.440625 0.47555555555555556 0.48625 0.5311111111111111 0.48625
2 0.4672222222222222 0.440625 0.49666666666666665 0.440625 0.4672222222222222 0.501875 0.49666666666666665 0.501875
2 0.3616666666666667 0.41375 0.4766666666666667 0.41375 0.3616666666666667 0.53625 0.4766666666666667 0.53625
7 0.5911111111111111 0.406875 0.63 0.406875 0.5911111111111111 0.49875 0.63 0.49875