9 0.6397058823529411 0.4404296875 0.6552287581699346 0.4404296875 0.6397058823529411 0.4609375 0.6552287581699346 0.4609375
9 0.6413398692810458 0.4609375 0.6527777777777778 0.4609375 0.6413398692810458 0.4716796875 0.6527777777777778 0.4716796875
9 0.125 0.4619140625 0.1388888888888889 0.4619140625 0.125 0.478515625 0.1388888888888889 0.478515625
9 0.12663398692810457 0.478515625 0.1380718954248366 0.478515625 0.12663398692810457 0.48828125 0.1380718954248366 0.48828125
9 0.6535947712418301 0.4716796875 0.6674836601307189 0.4716796875 0.6535947712418301 0.484375 0.6674836601307189 0.484375
7 0.8872549019607843 0.4072265625 0.920751633986928 0.4072265625 0.8872549019607843 0.4970703125 0.920751633986928 0.4970703125
7 0.9109477124183006 0.396484375 0.9477124183006536 0.396484375 0.9109477124183006 0.498046875 0.9477124183006536 0.498046875
2 0.4477124183006536 0.5048828125 0.4673202614379085 0.5048828125 0.4477124183006536 0.52734375 0.4673202614379085 0.52734375
2 0.4297385620915033 0.5068359375 0.4550653594771242 0.5068359375 0.4297385620915033 0.5322265625 0.4550653594771242 0.5322265625
2 0.34558823529411764 0.509765625 0.3709150326797386 0.509765625 0.34558823529411764 0.5322265625 0.3709150326797386 0.5322265625
2 0.2761437908496732 0.5126953125 0.3088235294117647 0.5126953125 0.2761437908496732 0.5361328125 0.3088235294117647 0.5361328125
2 0.30392156862745096 0.5107421875 0.31781045751633985 0.5107421875 0.30392156862745096 0.529296875 0.31781045751633985 0.529296875
2 0.3194444444444444 0.51171875 0.33986928104575165 0.51171875 0.3194444444444444 0.5263671875 0.33986928104575165 0.5263671875
2 0.17483660130718953 0.51953125 0.2426470588235294 0.51953125 0.17483660130718953 0.5654296875 0.2426470588235294 0.5654296875
2 0.10866013071895425 0.51171875 0.13316993464052287 0.51171875 0.10866013071895425 0.525390625 0.13316993464052287 0.525390625
2 0.3741830065359477 0.5068359375 0.39215686274509803 0.5068359375 0.3741830065359477 0.5234375 0.39215686274509803 0.5234375