4 0 0.04296875 0.03758169934640523 0.04296875 0 0.0908203125 0.03758169934640523 0.0908203125
4 0.2369281045751634 0.2841796875 0.2549019607843137 0.2841796875 0.2369281045751634 0.3251953125 0.2549019607843137 0.3251953125
4 0.7132352941176471 0.244140625 0.7426470588235294 0.244140625 0.7132352941176471 0.3232421875 0.7426470588235294 0.3232421875
4 0.0024509803921568627 0.236328125 0.025326797385620915 0.236328125 0.0024509803921568627 0.296875 0.025326797385620915 0.296875
9 0.22630718954248366 0.4384765625 0.2508169934640523 0.4384765625 0.22630718954248366 0.4677734375 0.2508169934640523 0.4677734375
9 0.5089869281045751 0.3388671875 0.5294117647058824 0.3388671875 0.5089869281045751 0.3740234375 0.5294117647058824 0.3740234375
9 0.5065359477124183 0.390625 0.5228758169934641 0.390625 0.5065359477124183 0.408203125 0.5228758169934641 0.408203125
9 0.7124183006535948 0.32421875 0.7361111111111112 0.32421875 0.7124183006535948 0.3515625 0.7361111111111112 0.3515625
7 0.10049019607843138 0.3896484375 0.136437908496732 0.3896484375 0.10049019607843138 0.4765625 0.136437908496732 0.4765625
7 0.1642156862745098 0.4052734375 0.19526143790849673 0.4052734375 0.1642156862745098 0.478515625 0.19526143790849673 0.478515625
0 0 0.421875 0.06944444444444445 0.421875 0 0.5625 0.06944444444444445 0.5625
5 0.5326797385620915 0.4453125 0.5694444444444444 0.4453125 0.5326797385620915 0.482421875 0.5694444444444444 0.482421875
2 0.548202614379085 0.4443359375 0.5800653594771242 0.4443359375 0.548202614379085 0.4765625 0.5800653594771242 0.4765625
2 0.5833333333333334 0.4267578125 0.6454248366013072 0.4267578125 0.5833333333333334 0.4912109375 0.6454248366013072 0.4912109375
2 0.6462418300653595 0.4501953125 0.6658496732026143 0.4501953125 0.6462418300653595 0.4716796875 0.6658496732026143 0.4716796875
2 0.7728758169934641 0.4560546875 0.8431372549019608 0.4560546875 0.7728758169934641 0.5126953125 0.8431372549019608 0.5126953125
2 0.7230392156862745 0.455078125 0.7475490196078431 0.455078125 0.7230392156862745 0.4814453125 0.7475490196078431 0.4814453125
7 0 0.341796875 0.07598039215686274 0.341796875 0 0.5478515625 0.07598039215686274 0.5478515625