7 0.5055555555555555 0.451875 0.5238888888888888 0.451875 0.5055555555555555 0.49125 0.5238888888888888 0.49125
7 0.07333333333333333 0.43 0.11 0.43 0.07333333333333333 0.546875 0.11 0.546875
2 0.6477777777777778 0.418125 0.8644444444444445 0.418125 0.6477777777777778 0.598125 0.8644444444444445 0.598125
2 0.44166666666666665 0.4525 0.4861111111111111 0.4525 0.44166666666666665 0.488125 0.4861111111111111 0.488125
2 0.43277777777777776 0.45 0.4666666666666667 0.45 0.43277777777777776 0.481875 0.4666666666666667 0.481875
2 0.39 0.451875 0.42 0.451875 0.39 0.484375 0.42 0.484375
2 0.2627777777777778 0.451875 0.3438888888888889 0.451875 0.2627777777777778 0.520625 0.3438888888888889 0.520625
2 0.2594444444444444 0.449375 0.2838888888888889 0.449375 0.2594444444444444 0.47375 0.2838888888888889 0.47375
2 0.18611111111111112 0.45125 0.21222222222222223 0.45125 0.18611111111111112 0.4825 0.21222222222222223 0.4825
2 0.14722222222222223 0.443125 0.18666666666666668 0.443125 0.14722222222222223 0.4975 0.18666666666666668 0.4975
2 0.03277777777777778 0.454375 0.051111111111111114 0.454375 0.03277777777777778 0.483125 0.051111111111111114 0.483125