4 0.9109477124183006 0.4248046875 0.9133986928104575 0.4248046875 0.9109477124183006 0.4326171875 0.9133986928104575 0.4326171875
4 0.8978758169934641 0.419921875 0.9011437908496732 0.419921875 0.8978758169934641 0.4267578125 0.9011437908496732 0.4267578125
4 0.934640522875817 0.4267578125 0.9370915032679739 0.4267578125 0.934640522875817 0.4326171875 0.9370915032679739 0.4326171875
4 0.8823529411764706 0.4228515625 0.8880718954248366 0.4228515625 0.8823529411764706 0.4296875 0.8880718954248366 0.4296875
4 0.477124183006536 0.2001953125 0.5040849673202614 0.2001953125 0.477124183006536 0.2431640625 0.5040849673202614 0.2431640625
9 0.40522875816993464 0.2412109375 0.5016339869281046 0.2412109375 0.40522875816993464 0.271484375 0.5016339869281046 0.271484375
9 0.42892156862745096 0.1943359375 0.4861111111111111 0.1943359375 0.42892156862745096 0.2392578125 0.4861111111111111 0.2392578125
9 0.5882352941176471 0.345703125 0.6356209150326797 0.345703125 0.5882352941176471 0.375 0.6356209150326797 0.375
9 0.5906862745098039 0.3759765625 0.5988562091503268 0.3759765625 0.5906862745098039 0.38671875 0.5988562091503268 0.38671875
7 0.37826797385620914 0.2802734375 0.6274509803921569 0.2802734375 0.37826797385620914 0.896484375 0.6274509803921569 0.896484375
5 0.6053921568627451 0.482421875 0.9754901960784313 0.482421875 0.6053921568627451 0.91015625 0.9754901960784313 0.91015625
2 0.7900326797385621 0.4306640625 0.9991830065359477 0.4306640625 0.7900326797385621 0.6064453125 0.9991830065359477 0.6064453125
2 0.6879084967320261 0.4228515625 0.8088235294117647 0.4228515625 0.6879084967320261 0.505859375 0.8088235294117647 0.505859375
2 0.6388888888888888 0.3955078125 0.7181372549019608 0.3955078125 0.6388888888888888 0.47265625 0.7181372549019608 0.47265625
2 0.6176470588235294 0.41015625 0.6519607843137255 0.41015625 0.6176470588235294 0.4609375 0.6519607843137255 0.4609375
2 0.5923202614379085 0.404296875 0.6348039215686274 0.404296875 0.5923202614379085 0.4482421875 0.6348039215686274 0.4482421875