4 0.8744444444444445 0.05625 0.9305555555555556 0.05625 0.8744444444444445 0.21 0.9305555555555556 0.21
4 0.9222222222222223 0.0275 0.9844444444444445 0.0275 0.9222222222222223 0.16875 0.9844444444444445 0.16875
4 0.4716666666666667 0.259375 0.48333333333333334 0.259375 0.4716666666666667 0.2975 0.48333333333333334 0.2975
4 0.6177777777777778 0.348125 0.63 0.348125 0.6177777777777778 0.385 0.63 0.385
4 0.9088888888888889 0.253125 0.9327777777777778 0.253125 0.9088888888888889 0.306875 0.9327777777777778 0.306875
4 0.8927777777777778 0.33125 0.9088888888888889 0.33125 0.8927777777777778 0.371875 0.9088888888888889 0.371875
4 0.8977777777777778 0.394375 0.9144444444444444 0.394375 0.8977777777777778 0.411875 0.9144444444444444 0.411875
4 0.32055555555555554 0.356875 0.3322222222222222 0.356875 0.32055555555555554 0.39375 0.3322222222222222 0.39375
4 0.3194444444444444 0.40875 0.32944444444444443 0.40875 0.3194444444444444 0.42625 0.32944444444444443 0.42625
4 0.04388888888888889 0.3425 0.06055555555555556 0.3425 0.04388888888888889 0.381875 0.06055555555555556 0.381875
4 0.03833333333333333 0.405625 0.05444444444444444 0.405625 0.03833333333333333 0.42375 0.05444444444444444 0.42375
7 0.8644444444444445 0.433125 0.8933333333333333 0.433125 0.8644444444444445 0.500625 0.8933333333333333 0.500625
7 0.9877777777777778 0.424375 0.9994444444444445 0.424375 0.9877777777777778 0.5125 0.9994444444444445 0.5125
7 0.7872222222222223 0.439375 0.8172222222222222 0.439375 0.7872222222222223 0.52125 0.8172222222222222 0.52125
7 0.010555555555555556 0.45125 0.021666666666666667 0.45125 0.010555555555555556 0.47 0.021666666666666667 0.47
7 0.06944444444444445 0.44875 0.08611111111111111 0.44875 0.06944444444444445 0.508125 0.08611111111111111 0.508125
7 0.05722222222222222 0.45125 0.07111111111111111 0.45125 0.05722222222222222 0.47125 0.07111111111111111 0.47125
7 0.08777777777777777 0.45 0.10166666666666667 0.45 0.08777777777777777 0.47125 0.10166666666666667 0.47125
7 0.10666666666666667 0.450625 0.12333333333333334 0.450625 0.10666666666666667 0.47125 0.12333333333333334 0.47125
7 0.10444444444444445 0.45 0.11166666666666666 0.45 0.10444444444444445 0.46875 0.11166666666666666 0.46875
7 0.1288888888888889 0.4475 0.14 0.4475 0.1288888888888889 0.46625 0.14 0.46625
7 0.13833333333333334 0.44625 0.15055555555555555 0.44625 0.13833333333333334 0.46625 0.15055555555555555 0.46625
7 0.14944444444444444 0.445625 0.16777777777777778 0.445625 0.14944444444444444 0.47125 0.16777777777777778 0.47125
7 0.22111111111111112 0.446875 0.2388888888888889 0.446875 0.22111111111111112 0.500625 0.2388888888888889 0.500625
7 0.205 0.451875 0.22277777777777777 0.451875 0.205 0.50125 0.22277777777777777 0.50125
7 0.24722222222222223 0.4475 0.26555555555555554 0.4475 0.24722222222222223 0.500625 0.26555555555555554 0.500625
7 0.27111111111111114 0.449375 0.2833333333333333 0.449375 0.27111111111111114 0.4975 0.2833333333333333 0.4975
0 0.4211111111111111 0.4575 0.43333333333333335 0.4575 0.4211111111111111 0.479375 0.43333333333333335 0.479375
0 0.006111111111111111 0.4675 0.02722222222222222 0.4675 0.006111111111111111 0.513125 0.02722222222222222 0.513125
0 0.03944444444444444 0.4675 0.056666666666666664 0.4675 0.03944444444444444 0.50875 0.056666666666666664 0.50875
0 0.05 0.475625 0.06833333333333333 0.475625 0.05 0.515625 0.06833333333333333 0.515625
0 0.2816666666666667 0.470625 0.31722222222222224 0.470625 0.2816666666666667 0.520625 0.31722222222222224 0.520625
0 0.3611111111111111 0.475625 0.38555555555555554 0.475625 0.3611111111111111 0.516875 0.38555555555555554 0.516875
0 0.2427777777777778 0.4675 0.25555555555555554 0.4675 0.2427777777777778 0.5 0.25555555555555554 0.5
0 0.3933333333333333 0.459375 0.405 0.459375 0.3933333333333333 0.4875 0.405 0.4875
2 0.4533333333333333 0.42625 0.8427777777777777 0.42625 0.4533333333333333 0.735 0.8427777777777777 0.735
2 0.42944444444444446 0.458125 0.4483333333333333 0.458125 0.42944444444444446 0.475 0.4483333333333333 0.475
2 0.4438888888888889 0.458125 0.45555555555555555 0.458125 0.4438888888888889 0.47375 0.45555555555555555 0.47375
2 0.32055555555555554 0.465 0.34944444444444445 0.465 0.32055555555555554 0.499375 0.34944444444444445 0.499375
7 0.28444444444444444 0.444375 0.315 0.444375 0.28444444444444444 0.5125 0.315 0.5125
7 0.3638888888888889 0.4525 0.3883333333333333 0.4525 0.3638888888888889 0.50875 0.3883333333333333 0.50875