1 0.1738888888888889 0.431875 0.24722222222222223 0.431875 0.1738888888888889 0.488125 0.24722222222222223 0.488125
9 0.6533333333333333 0.425 0.6661111111111111 0.425 0.6533333333333333 0.44875 0.6661111111111111 0.44875
5 0.3827777777777778 0.465625 0.42333333333333334 0.465625 0.3827777777777778 0.53125 0.42333333333333334 0.53125
2 0.4722222222222222 0.43875 0.5188888888888888 0.43875 0.4722222222222222 0.485 0.5188888888888888 0.485
2 0.45 0.45375 0.4711111111111111 0.45375 0.45 0.473125 0.4711111111111111 0.473125
2 0.41333333333333333 0.455 0.4311111111111111 0.455 0.41333333333333333 0.4825 0.4311111111111111 0.4825
2 0.42833333333333334 0.455 0.43666666666666665 0.455 0.42833333333333334 0.469375 0.43666666666666665 0.469375
2 0.3372222222222222 0.453125 0.3844444444444444 0.453125 0.3372222222222222 0.505625 0.3844444444444444 0.505625
2 0.2911111111111111 0.458125 0.3038888888888889 0.458125 0.2911111111111111 0.470625 0.3038888888888889 0.470625
2 0.2833333333333333 0.458125 0.2911111111111111 0.458125 0.2833333333333333 0.468125 0.2911111111111111 0.468125
2 0.27166666666666667 0.455625 0.2811111111111111 0.455625 0.27166666666666667 0.466875 0.2811111111111111 0.466875
2 0.265 0.45875 0.27166666666666667 0.45875 0.265 0.46625 0.27166666666666667 0.46625
7 0.3827777777777778 0.424375 0.42333333333333334 0.424375 0.3827777777777778 0.518125 0.42333333333333334 0.518125