9 0.74296875 0.3466796875 0.77578125 0.3466796875 0.74296875 0.4208984375 0.77578125 0.4208984375
7 0.5984375 0.5029296875 0.646875 0.5029296875 0.5984375 0.7138671875 0.646875 0.7138671875
7 0.6828125 0.4384765625 0.7046875 0.4384765625 0.6828125 0.5009765625 0.7046875 0.5009765625
7 0.9375 0.466796875 0.9796875 0.466796875 0.9375 0.591796875 0.9796875 0.591796875
7 0.9109375 0.44921875 0.95078125 0.44921875 0.9109375 0.587890625 0.95078125 0.587890625
7 0.28125 0.4609375 0.3078125 0.4609375 0.28125 0.5615234375 0.3078125 0.5615234375
7 0.25390625 0.4677734375 0.2765625 0.4677734375 0.25390625 0.5634765625 0.2765625 0.5634765625
7 0.1203125 0.4619140625 0.1453125 0.4619140625 0.1203125 0.498046875 0.1453125 0.498046875
0 0.246875 0.51953125 0.2875 0.51953125 0.246875 0.611328125 0.2875 0.611328125
0 0.2 0.5302734375 0.2453125 0.5302734375 0.2 0.6142578125 0.2453125 0.6142578125
0 0.1703125 0.5087890625 0.203125 0.5087890625 0.1703125 0.591796875 0.203125 0.591796875
0 0.21171875 0.5078125 0.246875 0.5078125 0.21171875 0.578125 0.246875 0.578125
0 0.96015625 0.521484375 0.99921875 0.521484375 0.96015625 0.619140625 0.99921875 0.619140625
0 0.98515625 0.53125 0.99921875 0.53125 0.98515625 0.61328125 0.99921875 0.61328125
0 0.92578125 0.529296875 0.99921875 0.529296875 0.92578125 0.6142578125 0.99921875 0.6142578125
2 0.053125 0.4951171875 0.19765625 0.4951171875 0.053125 0.58203125 0.19765625 0.58203125
2 0 0.4931640625 0.0578125 0.4931640625 0 0.5625 0.0578125 0.5625