9 0.85703125 0.4326171875 0.8671875 0.4326171875 0.85703125 0.4609375 0.8671875 0.4609375
9 0.59375 0.439453125 0.60390625 0.439453125 0.59375 0.4482421875 0.60390625 0.4482421875
9 0.5125 0.4501953125 0.51953125 0.4501953125 0.5125 0.458984375 0.51953125 0.458984375
9 0.38046875 0.4423828125 0.38671875 0.4423828125 0.38046875 0.453125 0.38671875 0.453125
9 0.3859375 0.46875 0.390625 0.46875 0.3859375 0.4765625 0.390625 0.4765625
9 0.203125 0.4287109375 0.23359375 0.4287109375 0.203125 0.4384765625 0.23359375 0.4384765625
7 0.6234375 0.4697265625 0.64609375 0.4697265625 0.6234375 0.537109375 0.64609375 0.537109375
7 0.4171875 0.4658203125 0.4234375 0.4658203125 0.4171875 0.4833984375 0.4234375 0.4833984375
7 0.4375 0.466796875 0.44296875 0.466796875 0.4375 0.4833984375 0.44296875 0.4833984375
7 0.28203125 0.474609375 0.296875 0.474609375 0.28203125 0.5244140625 0.296875 0.5244140625
7 0.29140625 0.4765625 0.31015625 0.4765625 0.29140625 0.5263671875 0.31015625 0.5263671875
7 0.26796875 0.4765625 0.28359375 0.4765625 0.26796875 0.5244140625 0.28359375 0.5244140625
7 0.05859375 0.49609375 0.0859375 0.49609375 0.05859375 0.6015625 0.0859375 0.6015625
7 0.025 0.4951171875 0.053125 0.4951171875 0.025 0.6064453125 0.053125 0.6064453125
7 0 0.4931640625 0.02734375 0.4931640625 0 0.6083984375 0.02734375 0.6083984375
2 0.9328125 0.6318359375 0.99921875 0.6318359375 0.9328125 0.7958984375 0.99921875 0.7958984375
2 0.74765625 0.4921875 0.99921875 0.4921875 0.74765625 0.720703125 0.99921875 0.720703125
2 0.74375 0.4853515625 0.8921875 0.4853515625 0.74375 0.564453125 0.8921875 0.564453125
2 0.56171875 0.4794921875 0.61875 0.4794921875 0.56171875 0.5380859375 0.61875 0.5380859375
2 0.54296875 0.4775390625 0.5796875 0.4775390625 0.54296875 0.517578125 0.5796875 0.517578125
2 0.53671875 0.4736328125 0.56796875 0.4736328125 0.53671875 0.5126953125 0.56796875 0.5126953125
2 0.53203125 0.474609375 0.54375 0.474609375 0.53203125 0.5048828125 0.54375 0.5048828125
2 0.52109375 0.4716796875 0.540625 0.4716796875 0.52109375 0.4990234375 0.540625 0.4990234375
2 0.50546875 0.4677734375 0.52421875 0.4677734375 0.50546875 0.4892578125 0.52421875 0.4892578125
2 0.49765625 0.4677734375 0.50859375 0.4677734375 0.49765625 0.4853515625 0.50859375 0.4853515625
2 0.49375 0.466796875 0.50078125 0.466796875 0.49375 0.4853515625 0.50078125 0.4853515625
2 0.4890625 0.46484375 0.496875 0.46484375 0.4890625 0.48046875 0.496875 0.48046875
2 0.45546875 0.466796875 0.47890625 0.466796875 0.45546875 0.4912109375 0.47890625 0.4912109375
2 0.334375 0.4658203125 0.39296875 0.4658203125 0.334375 0.501953125 0.39296875 0.501953125
7 0.34140625 0.4658203125 0.35703125 0.4658203125 0.34140625 0.521484375 0.35703125 0.521484375
10 0.34765625 0.51953125 0.3546875 0.51953125 0.34765625 0.5234375 0.3546875 0.5234375
1 0.42421875 0.462890625 0.45234375 0.462890625 0.42421875 0.4765625 0.45234375 0.4765625