9 0.3655555555555556 0.436875 0.37777777777777777 0.436875 0.3655555555555556 0.4625 0.37777777777777777 0.4625
9 0.33 0.45 0.3411111111111111 0.45 0.33 0.46875 0.3411111111111111 0.46875
9 0.2816666666666667 0.435 0.3038888888888889 0.435 0.2816666666666667 0.455625 0.3038888888888889 0.455625
9 0.11166666666666666 0.41125 0.11722222222222223 0.41125 0.11166666666666666 0.434375 0.11722222222222223 0.434375
9 0.9805555555555555 0.485 0.9861111111111112 0.485 0.9805555555555555 0.50625 0.9861111111111112 0.50625
9 0.39611111111111114 0.46875 0.40055555555555555 0.46875 0.39611111111111114 0.475 0.40055555555555555 0.475
7 0.8861111111111111 0.455 0.9088888888888889 0.455 0.8861111111111111 0.534375 0.9088888888888889 0.534375
7 0.86 0.428125 0.9044444444444445 0.428125 0.86 0.53625 0.9044444444444445 0.53625
7 0.845 0.435625 0.8711111111111111 0.435625 0.845 0.533125 0.8711111111111111 0.533125
7 0.8038888888888889 0.439375 0.8377777777777777 0.439375 0.8038888888888889 0.5325 0.8377777777777777 0.5325
7 0.7855555555555556 0.4575 0.8083333333333333 0.4575 0.7855555555555556 0.53375 0.8083333333333333 0.53375
7 0.7072222222222222 0.4575 0.7211111111111111 0.4575 0.7072222222222222 0.504375 0.7211111111111111 0.504375
7 0.6783333333333333 0.446875 0.7022222222222222 0.446875 0.6783333333333333 0.510625 0.7022222222222222 0.510625
7 0.6644444444444444 0.46125 0.6805555555555556 0.46125 0.6644444444444444 0.51 0.6805555555555556 0.51
7 0.6538888888888889 0.464375 0.6666666666666666 0.464375 0.6538888888888889 0.5075 0.6666666666666666 0.5075
7 0.6444444444444445 0.469375 0.6544444444444445 0.469375 0.6444444444444445 0.505 0.6544444444444445 0.505
7 0.6288888888888889 0.464375 0.6427777777777778 0.464375 0.6288888888888889 0.508125 0.6427777777777778 0.508125
7 0.6088888888888889 0.461875 0.6222222222222222 0.461875 0.6088888888888889 0.506875 0.6222222222222222 0.506875
7 0.6177777777777778 0.469375 0.6288888888888889 0.469375 0.6177777777777778 0.504375 0.6288888888888889 0.504375
7 0.33555555555555555 0.478125 0.3411111111111111 0.478125 0.33555555555555555 0.49125 0.3411111111111111 0.49125
2 0.44222222222222224 0.445 0.5938888888888889 0.445 0.44222222222222224 0.57625 0.5938888888888889 0.57625
2 0.425 0.4775 0.44277777777777777 0.4775 0.425 0.49625 0.44277777777777777 0.49625
2 0.44166666666666665 0.475 0.45444444444444443 0.475 0.44166666666666665 0.48875 0.45444444444444443 0.48875