4 0.31277777777777777 0.393125 0.3227777777777778 0.393125 0.31277777777777777 0.4175 0.3227777777777778 0.4175
4 0.36 0.30625 0.37277777777777776 0.30625 0.36 0.34 0.37277777777777776 0.34
4 0.43555555555555553 0.34125 0.44555555555555554 0.34125 0.43555555555555553 0.365625 0.44555555555555554 0.365625
4 0.20277777777777778 0.3875 0.21333333333333335 0.3875 0.20277777777777778 0.41375 0.21333333333333335 0.41375
4 0.20055555555555554 0.425 0.21 0.425 0.20055555555555554 0.435625 0.21 0.435625
7 0.6372222222222222 0.42125 0.6505555555555556 0.42125 0.6372222222222222 0.475625 0.6505555555555556 0.475625
7 0.6211111111111111 0.416875 0.6355555555555555 0.416875 0.6211111111111111 0.480625 0.6355555555555555 0.480625
7 0.5355555555555556 0.43375 0.5411111111111111 0.43375 0.5355555555555556 0.46875 0.5411111111111111 0.46875
7 0.5288888888888889 0.43625 0.5355555555555556 0.43625 0.5288888888888889 0.466875 0.5355555555555556 0.466875
7 0.5494444444444444 0.431875 0.5577777777777778 0.431875 0.5494444444444444 0.465 0.5577777777777778 0.465
7 0.5566666666666666 0.43375 0.565 0.43375 0.5566666666666666 0.4675 0.565 0.4675
7 0.5644444444444444 0.43375 0.5761111111111111 0.43375 0.5644444444444444 0.46875 0.5761111111111111 0.46875
7 0.7722222222222223 0.415 0.7855555555555556 0.415 0.7722222222222223 0.44875 0.7855555555555556 0.44875
2 0.9277777777777778 0.41 0.9472222222222222 0.41 0.9277777777777778 0.43 0.9472222222222222 0.43
2 0.9111111111111111 0.40625 0.9472222222222222 0.40625 0.9111111111111111 0.429375 0.9472222222222222 0.429375
2 0.8855555555555555 0.409375 0.9122222222222223 0.409375 0.8855555555555555 0.423125 0.9122222222222223 0.423125
2 0.8611111111111112 0.410625 0.9138888888888889 0.410625 0.8611111111111112 0.45625 0.9138888888888889 0.45625
2 0.4677777777777778 0.440625 0.48833333333333334 0.440625 0.4677777777777778 0.458125 0.48833333333333334 0.458125
2 0.45611111111111113 0.441875 0.46555555555555556 0.441875 0.45611111111111113 0.45375 0.46555555555555556 0.45375
2 0.43222222222222223 0.4425 0.43944444444444447 0.4425 0.43222222222222223 0.4525 0.43944444444444447 0.4525
2 0.42777777777777776 0.444375 0.435 0.444375 0.42777777777777776 0.45625 0.435 0.45625
2 0.4022222222222222 0.445625 0.41333333333333333 0.445625 0.4022222222222222 0.46 0.41333333333333333 0.46
2 0.4116666666666667 0.441875 0.4311111111111111 0.441875 0.4116666666666667 0.46125 0.4311111111111111 0.46125
2 0.3438888888888889 0.443125 0.41333333333333333 0.443125 0.3438888888888889 0.4775 0.41333333333333333 0.4775
2 0.25222222222222224 0.433125 0.3238888888888889 0.433125 0.25222222222222224 0.4975 0.3238888888888889 0.4975
2 0.44222222222222224 0.4425 0.45055555555555554 0.4425 0.44222222222222224 0.451875 0.45055555555555554 0.451875
2 0.6355555555555555 0.413125 0.7261111111111112 0.413125 0.6355555555555555 0.455 0.7261111111111112 0.455
2 0.01 0.45375 0.04777777777777778 0.45375 0.01 0.475 0.04777777777777778 0.475