1 0.4911111111111111 0.433125 0.5211111111111111 0.433125 0.4911111111111111 0.473125 0.5211111111111111 0.473125
4 0.5394444444444444 0.4125 0.5472222222222223 0.4125 0.5394444444444444 0.42 0.5472222222222223 0.42
4 0.37333333333333335 0.4175 0.38166666666666665 0.4175 0.37333333333333335 0.425625 0.38166666666666665 0.425625
9 0.31666666666666665 0.42375 0.3244444444444444 0.42375 0.31666666666666665 0.436875 0.3244444444444444 0.436875
9 0.5377777777777778 0.42375 0.5483333333333333 0.42375 0.5377777777777778 0.4375 0.5483333333333333 0.4375
9 0.5844444444444444 0.405625 0.5944444444444444 0.405625 0.5844444444444444 0.42625 0.5944444444444444 0.42625
9 0.6466666666666666 0.426875 0.6522222222222223 0.426875 0.6466666666666666 0.435625 0.6522222222222223 0.435625
9 0.37333333333333335 0.428125 0.3827777777777778 0.428125 0.37333333333333335 0.441875 0.3827777777777778 0.441875
7 0.5966666666666667 0.44875 0.605 0.44875 0.5966666666666667 0.475625 0.605 0.475625
7 0.605 0.4475 0.6105555555555555 0.4475 0.605 0.47 0.6105555555555555 0.47
7 0.6338888888888888 0.445625 0.6477777777777778 0.445625 0.6338888888888888 0.48625 0.6477777777777778 0.48625
7 0.66 0.439375 0.6811111111111111 0.439375 0.66 0.49625 0.6811111111111111 0.49625
7 0.7038888888888889 0.4325 0.7233333333333334 0.4325 0.7038888888888889 0.49875 0.7233333333333334 0.49875
7 0.8177777777777778 0.423125 0.83 0.423125 0.8177777777777778 0.459375 0.83 0.459375
7 0.83 0.425 0.8405555555555555 0.425 0.83 0.439375 0.8405555555555555 0.439375
7 0.84 0.425 0.8505555555555555 0.425 0.84 0.43875 0.8505555555555555 0.43875
2 0 0.435 0.07555555555555556 0.435 0 0.60625 0.07555555555555556 0.60625
2 0.10444444444444445 0.46125 0.2427777777777778 0.46125 0.10444444444444445 0.558125 0.2427777777777778 0.558125
2 0.2127777777777778 0.450625 0.295 0.450625 0.2127777777777778 0.529375 0.295 0.529375
2 0.2816666666666667 0.44875 0.34555555555555556 0.44875 0.2816666666666667 0.509375 0.34555555555555556 0.509375
2 0.3433333333333333 0.456875 0.37722222222222224 0.456875 0.3433333333333333 0.494375 0.37722222222222224 0.494375
2 0.36777777777777776 0.45875 0.4027777777777778 0.45875 0.36777777777777776 0.48 0.4027777777777778 0.48
2 0.41388888888888886 0.453125 0.43666666666666665 0.453125 0.41388888888888886 0.47375 0.43666666666666665 0.47375
2 0.4461111111111111 0.453125 0.4627777777777778 0.453125 0.4461111111111111 0.46875 0.4627777777777778 0.46875
2 0.4388888888888889 0.456875 0.4461111111111111 0.456875 0.4388888888888889 0.468125 0.4461111111111111 0.468125
2 0.4622222222222222 0.444375 0.5061111111111111 0.444375 0.4622222222222222 0.486875 0.5061111111111111 0.486875
2 0.5394444444444444 0.44625 0.5966666666666667 0.44625 0.5394444444444444 0.499375 0.5966666666666667 0.499375
2 0.7894444444444444 0.34875 0.9994444444444445 0.34875 0.7894444444444444 0.668125 0.9994444444444445 0.668125
3 0.6883333333333334 0.471875 0.7044444444444444 0.471875 0.6883333333333334 0.51125 0.7044444444444444 0.51125