9 0.57890625 0.4287109375 0.58515625 0.4287109375 0.57890625 0.4365234375 0.58515625 0.4365234375
9 0.58046875 0.4365234375 0.58359375 0.4365234375 0.58046875 0.4384765625 0.58359375 0.4384765625
7 0.8734375 0.51953125 0.97109375 0.51953125 0.8734375 0.9091796875 0.97109375 0.9091796875
7 0.9609375 0.53125 0.99921875 0.53125 0.9609375 0.849609375 0.99921875 0.849609375
0 0.51796875 0.4658203125 0.52265625 0.4658203125 0.51796875 0.478515625 0.52265625 0.478515625
0 0.53359375 0.4638671875 0.53671875 0.4638671875 0.53359375 0.4765625 0.53671875 0.4765625
2 0 0.484375 0.12421875 0.484375 0 0.5712890625 0.12421875 0.5712890625
2 0 0.4521484375 0.078125 0.4521484375 0 0.48828125 0.078125 0.48828125
2 0.07734375 0.453125 0.18359375 0.453125 0.07734375 0.521484375 0.18359375 0.521484375
2 0.14296875 0.4736328125 0.26171875 0.4736328125 0.14296875 0.5263671875 0.26171875 0.5263671875
2 0 0.5771484375 0.1203125 0.5771484375 0 0.8583984375 0.1203125 0.8583984375
2 0.04140625 0.5234375 0.2390625 0.5234375 0.04140625 0.7373046875 0.2390625 0.7373046875
2 0.17265625 0.4833984375 0.33671875 0.4833984375 0.17265625 0.666015625 0.33671875 0.666015625
2 0.23671875 0.4609375 0.30078125 0.4609375 0.23671875 0.4892578125 0.30078125 0.4892578125
2 0.34296875 0.4814453125 0.42421875 0.4814453125 0.34296875 0.5576171875 0.42421875 0.5576171875
2 0.35234375 0.4609375 0.3828125 0.4609375 0.35234375 0.482421875 0.3828125 0.482421875
2 0.409375 0.4619140625 0.45703125 0.4619140625 0.409375 0.51953125 0.45703125 0.51953125
2 0.44921875 0.4677734375 0.478125 0.4677734375 0.44921875 0.5048828125 0.478125 0.5048828125
2 0.459375 0.4638671875 0.4875 0.4638671875 0.459375 0.4951171875 0.4875 0.4951171875
2 0.46015625 0.45703125 0.49140625 0.45703125 0.46015625 0.494140625 0.49140625 0.494140625
2 0.48671875 0.4619140625 0.496875 0.4619140625 0.48671875 0.48828125 0.496875 0.48828125
2 0.48515625 0.4521484375 0.5078125 0.4521484375 0.48515625 0.4794921875 0.5078125 0.4794921875
2 0.5046875 0.453125 0.5125 0.453125 0.5046875 0.4716796875 0.5125 0.4716796875
2 0.50078125 0.4482421875 0.515625 0.4482421875 0.50078125 0.4677734375 0.515625 0.4677734375
2 0.51484375 0.4462890625 0.52421875 0.4462890625 0.51484375 0.458984375 0.52421875 0.458984375
2 0.5375 0.447265625 0.54375 0.447265625 0.5375 0.455078125 0.54375 0.455078125
2 0.54375 0.4462890625 0.55625 0.4462890625 0.54375 0.4580078125 0.55625 0.4580078125
2 0.56796875 0.4501953125 0.5859375 0.4501953125 0.56796875 0.4716796875 0.5859375 0.4716796875
2 0.57265625 0.4541015625 0.5921875 0.4541015625 0.57265625 0.4765625 0.5921875 0.4765625
2 0.57421875 0.4580078125 0.5890625 0.4580078125 0.57421875 0.4775390625 0.5890625 0.4775390625
2 0.5796875 0.4609375 0.58984375 0.4609375 0.5796875 0.4833984375 0.58984375 0.4833984375
2 0.584375 0.4560546875 0.61171875 0.4560546875 0.584375 0.4892578125 0.61171875 0.4892578125
2 0.58828125 0.462890625 0.6078125 0.462890625 0.58828125 0.4931640625 0.6078125 0.4931640625
2 0.59609375 0.466796875 0.60859375 0.466796875 0.59609375 0.4951171875 0.60859375 0.4951171875
2 0.6 0.458984375 0.640625 0.458984375 0.6 0.505859375 0.640625 0.505859375
2 0.615625 0.47265625 0.6359375 0.47265625 0.615625 0.5166015625 0.6359375 0.5166015625
2 0.625 0.466796875 0.6828125 0.466796875 0.625 0.529296875 0.6828125 0.529296875
2 0.53828125 0.4580078125 0.5671875 0.4580078125 0.53828125 0.4892578125 0.5671875 0.4892578125
2 0.7671875 0.51953125 0.91328125 0.51953125 0.7671875 0.6650390625 0.91328125 0.6650390625
2 0.84140625 0.5439453125 0.99921875 0.5439453125 0.84140625 0.75 0.99921875 0.75
2 0.17578125 0.4560546875 0.20078125 0.4560546875 0.17578125 0.494140625 0.20078125 0.494140625
2 0.07421875 0.447265625 0.11796875 0.447265625 0.07421875 0.4775390625 0.11796875 0.4775390625
7 0.51640625 0.4541015625 0.525 0.4541015625 0.51640625 0.4755859375 0.525 0.4755859375
7 0.53125 0.4521484375 0.53828125 0.4521484375 0.53125 0.4736328125 0.53828125 0.4736328125