1 0.4632352941176471 0.390625 0.4852941176470588 0.390625 0.4632352941176471 0.4091796875 0.4852941176470588 0.4091796875
4 0.7687908496732027 0.171875 0.8227124183006536 0.171875 0.7687908496732027 0.3173828125 0.8227124183006536 0.3173828125
4 0.7393790849673203 0.2294921875 0.7769607843137255 0.2294921875 0.7393790849673203 0.3427734375 0.7769607843137255 0.3427734375
9 0.4264705882352941 0.380859375 0.434640522875817 0.380859375 0.4264705882352941 0.390625 0.434640522875817 0.390625
9 0.42810457516339867 0.396484375 0.434640522875817 0.396484375 0.42810457516339867 0.40625 0.434640522875817 0.40625
9 0.43709150326797386 0.3828125 0.44199346405228757 0.3828125 0.43709150326797386 0.3876953125 0.44199346405228757 0.3876953125
9 0.43709150326797386 0.3876953125 0.44199346405228757 0.3876953125 0.43709150326797386 0.3916015625 0.44199346405228757 0.3916015625
9 0.7973856209150327 0.4736328125 0.8243464052287581 0.4736328125 0.7973856209150327 0.5048828125 0.8243464052287581 0.5048828125
7 0.30800653594771243 0.390625 0.32107843137254904 0.390625 0.30800653594771243 0.4345703125 0.32107843137254904 0.4345703125
7 0.3333333333333333 0.3896484375 0.3545751633986928 0.3896484375 0.3333333333333333 0.435546875 0.3545751633986928 0.435546875
7 0.3700980392156863 0.396484375 0.3831699346405229 0.396484375 0.3700980392156863 0.435546875 0.3831699346405229 0.435546875
7 0.4068627450980392 0.3984375 0.4158496732026144 0.3984375 0.4068627450980392 0.4228515625 0.4158496732026144 0.4228515625
13 0.6870915032679739 0.3720703125 0.7761437908496732 0.3720703125 0.6870915032679739 0.46484375 0.7761437908496732 0.46484375
2 0.10947712418300654 0.4111328125 0.32679738562091504 0.4111328125 0.10947712418300654 0.5546875 0.32679738562091504 0.5546875
2 0.9828431372549019 0.4658203125 0.9991830065359477 0.4658203125 0.9828431372549019 0.537109375 0.9991830065359477 0.537109375
2 0.7892156862745098 0.39453125 0.9893790849673203 0.39453125 0.7892156862745098 0.5625 0.9893790849673203 0.5625
2 0.6633986928104575 0.416015625 0.7475490196078431 0.416015625 0.6633986928104575 0.48046875 0.7475490196078431 0.48046875
2 0.6168300653594772 0.40625 0.6683006535947712 0.40625 0.6168300653594772 0.45703125 0.6683006535947712 0.45703125
2 0.6470588235294118 0.3955078125 0.6887254901960784 0.3955078125 0.6470588235294118 0.4267578125 0.6887254901960784 0.4267578125
2 0.6004901960784313 0.4140625 0.6225490196078431 0.4140625 0.6004901960784313 0.44921875 0.6225490196078431 0.44921875
2 0.5816993464052288 0.4140625 0.6086601307189542 0.4140625 0.5816993464052288 0.4423828125 0.6086601307189542 0.4423828125
2 0.5718954248366013 0.4140625 0.5874183006535948 0.4140625 0.5718954248366013 0.4384765625 0.5874183006535948 0.4384765625
2 0.559640522875817 0.412109375 0.576797385620915 0.412109375 0.559640522875817 0.4345703125 0.576797385620915 0.4345703125
2 0.5408496732026143 0.412109375 0.5588235294117647 0.412109375 0.5408496732026143 0.4287109375 0.5588235294117647 0.4287109375
2 0.5 0.40625 0.5130718954248366 0.40625 0.5 0.4228515625 0.5130718954248366 0.4228515625
2 0.5351307189542484 0.4091796875 0.5473856209150327 0.4091796875 0.5351307189542484 0.423828125 0.5473856209150327 0.423828125
2 0.4223856209150327 0.408203125 0.5040849673202614 0.408203125 0.4223856209150327 0.4833984375 0.5040849673202614 0.4833984375
2 0.4877450980392157 0.400390625 0.5032679738562091 0.400390625 0.4877450980392157 0.419921875 0.5032679738562091 0.419921875
2 0.2777777777777778 0.3505859375 0.3088235294117647 0.3505859375 0.2777777777777778 0.373046875 0.3088235294117647 0.373046875
2 0.2549019607843137 0.3681640625 0.28594771241830064 0.3681640625 0.2549019607843137 0.392578125 0.28594771241830064 0.392578125