1 0.7587890625 0.427734375 0.9716796875 0.427734375 0.7587890625 0.529296875 0.9716796875 0.529296875
1 0.650390625 0.4674479166666667 0.7509765625 0.4674479166666667 0.650390625 0.5266927083333334 0.7509765625 0.5266927083333334
1 0.5224609375 0.46875 0.60107421875 0.46875 0.5224609375 0.564453125 0.60107421875 0.564453125
1 0.404296875 0.5006510416666666 0.51513671875 0.5006510416666666 0.404296875 0.5358072916666666 0.51513671875 0.5358072916666666
7 0.7685546875 0.4908854166666667 0.7978515625 0.4908854166666667 0.7685546875 0.611328125 0.7978515625 0.611328125
7 0.7451171875 0.4850260416666667 0.77490234375 0.4850260416666667 0.7451171875 0.6119791666666666 0.77490234375 0.6119791666666666
7 0.68896484375 0.4921875 0.712890625 0.4921875 0.68896484375 0.591796875 0.712890625 0.591796875
7 0.71435546875 0.486328125 0.73876953125 0.486328125 0.71435546875 0.5885416666666666 0.73876953125 0.5885416666666666
7 0.6484375 0.5006510416666666 0.67138671875 0.5006510416666666 0.6484375 0.5670572916666666 0.67138671875 0.5670572916666666
7 0.6279296875 0.509765625 0.64501953125 0.509765625 0.6279296875 0.5611979166666666 0.64501953125 0.5611979166666666
7 0.14892578125 0.548828125 0.16015625 0.548828125 0.14892578125 0.6022135416666666 0.16015625 0.6022135416666666
7 0.1064453125 0.564453125 0.1171875 0.564453125 0.1064453125 0.5963541666666666 0.1171875 0.5963541666666666
2 0.9189453125 0.4869791666666667 0.96875 0.4869791666666667 0.9189453125 0.5950520833333334 0.96875 0.5950520833333334
2 0.865234375 0.4505208333333333 0.96875 0.4505208333333333 0.865234375 0.5690104166666666 0.96875 0.5690104166666666
2 0.4541015625 0.521484375 0.4970703125 0.521484375 0.4541015625 0.5638020833333334 0.4970703125 0.5638020833333334
2 0.419921875 0.5188802083333334 0.44970703125 0.5188802083333334 0.419921875 0.5546875 0.44970703125 0.5546875