1 0.37166666666666665 0.4325 0.4638888888888889 0.4325 0.37166666666666665 0.491875 0.4638888888888889 0.491875
9 0.7655555555555555 0.426875 0.7716666666666666 0.426875 0.7655555555555555 0.439375 0.7716666666666666 0.439375
7 0.9061111111111111 0.444375 0.9188888888888889 0.444375 0.9061111111111111 0.475 0.9188888888888889 0.475
7 0.8605555555555555 0.443125 0.8694444444444445 0.443125 0.8605555555555555 0.471875 0.8694444444444445 0.471875
7 0.8505555555555555 0.445625 0.86 0.445625 0.8505555555555555 0.4725 0.86 0.4725
7 0.8394444444444444 0.44625 0.8461111111111111 0.44625 0.8394444444444444 0.473125 0.8461111111111111 0.473125
0 0.7922222222222223 0.465 0.8488888888888889 0.465 0.7922222222222223 0.55625 0.8488888888888889 0.55625
2 0 0.44 0.06 0.44 0 0.53 0.06 0.53
2 0.034444444444444444 0.4525 0.07277777777777777 0.4525 0.034444444444444444 0.51625 0.07277777777777777 0.51625
2 0.06111111111111111 0.456875 0.11277777777777778 0.456875 0.06111111111111111 0.511875 0.11277777777777778 0.511875
2 0.10388888888888889 0.431875 0.1988888888888889 0.431875 0.10388888888888889 0.52375 0.1988888888888889 0.52375
2 0.1827777777777778 0.44125 0.2627777777777778 0.44125 0.1827777777777778 0.5 0.2627777777777778 0.5
2 0.31166666666666665 0.455625 0.3761111111111111 0.455625 0.31166666666666665 0.499375 0.3761111111111111 0.499375
2 0.4633333333333333 0.44125 0.5905555555555555 0.44125 0.4633333333333333 0.551875 0.5905555555555555 0.551875
2 0.56 0.43875 0.6144444444444445 0.43875 0.56 0.501875 0.6144444444444445 0.501875
2 0.6155555555555555 0.446875 0.6555555555555556 0.446875 0.6155555555555555 0.48375 0.6555555555555556 0.48375
2 0.6394444444444445 0.463125 0.6561111111111111 0.463125 0.6394444444444445 0.484375 0.6561111111111111 0.484375
2 0.6527777777777778 0.4475 0.7166666666666667 0.4475 0.6527777777777778 0.48625 0.7166666666666667 0.48625
2 0.6727777777777778 0.45375 0.7238888888888889 0.45375 0.6727777777777778 0.49 0.7238888888888889 0.49
7 0.7877777777777778 0.40875 0.8416666666666667 0.40875 0.7877777777777778 0.54625 0.8416666666666667 0.54625
6 0.6877777777777778 0.475625 0.7866666666666666 0.475625 0.6877777777777778 0.513125 0.7866666666666666 0.513125