9 0.06796875 0.4453125 0.0890625 0.4453125 0.06796875 0.4541015625 0.0890625 0.4541015625
9 0.059375 0.3984375 0.09609375 0.3984375 0.059375 0.4443359375 0.09609375 0.4443359375
7 0 0.5087890625 0.0125 0.5087890625 0 0.62890625 0.0125 0.62890625
0 0.2703125 0.6142578125 0.34140625 0.6142578125 0.2703125 0.783203125 0.34140625 0.783203125
2 0.13515625 0.4873046875 0.1796875 0.4873046875 0.13515625 0.5146484375 0.1796875 0.5146484375
2 0.1921875 0.4775390625 0.2328125 0.4775390625 0.1921875 0.4970703125 0.2328125 0.4970703125
2 0.1703125 0.490234375 0.259375 0.490234375 0.1703125 0.580078125 0.259375 0.580078125
2 0.25 0.5 0.27578125 0.5 0.25 0.5498046875 0.27578125 0.5498046875
2 0.26015625 0.4970703125 0.28828125 0.4970703125 0.26015625 0.5263671875 0.28828125 0.5263671875
2 0.2703125 0.4736328125 0.3203125 0.4736328125 0.2703125 0.5224609375 0.3203125 0.5224609375
2 0.31484375 0.486328125 0.3375 0.486328125 0.31484375 0.5224609375 0.3375 0.5224609375
2 0.325 0.4833984375 0.34765625 0.4833984375 0.325 0.5107421875 0.34765625 0.5107421875
2 0.33828125 0.48046875 0.359375 0.48046875 0.33828125 0.5068359375 0.359375 0.5068359375
2 0.34921875 0.474609375 0.3671875 0.474609375 0.34921875 0.49609375 0.3671875 0.49609375
2 0.3625 0.474609375 0.40859375 0.474609375 0.3625 0.5087890625 0.40859375 0.5087890625
2 0.39140625 0.4677734375 0.4109375 0.4677734375 0.39140625 0.482421875 0.4109375 0.482421875
2 0.4109375 0.46875 0.4234375 0.46875 0.4109375 0.482421875 0.4234375 0.482421875
2 0.42265625 0.46875 0.43203125 0.46875 0.42265625 0.48046875 0.43203125 0.48046875
2 0.540625 0.4970703125 0.6 0.4970703125 0.540625 0.5849609375 0.6 0.5849609375
2 0.47890625 0.4716796875 0.51953125 0.4716796875 0.47890625 0.55078125 0.51953125 0.55078125
2 0.4671875 0.4736328125 0.49453125 0.4736328125 0.4671875 0.5400390625 0.49453125 0.5400390625
2 0.45703125 0.474609375 0.478125 0.474609375 0.45703125 0.5234375 0.478125 0.5234375
2 0.44921875 0.478515625 0.46796875 0.478515625 0.44921875 0.509765625 0.46796875 0.509765625
2 0.44453125 0.46875 0.47734375 0.46875 0.44453125 0.5068359375 0.47734375 0.5068359375
2 0.4359375 0.4716796875 0.4515625 0.4716796875 0.4359375 0.5029296875 0.4515625 0.5029296875
7 0.2578125 0.4912109375 0.34765625 0.4912109375 0.2578125 0.7578125 0.34765625 0.7578125
7 0.49140625 0.46875 0.56171875 0.46875 0.49140625 0.7392578125 0.56171875 0.7392578125
6 0.521875 0.4404296875 0.59375 0.4404296875 0.521875 0.505859375 0.59375 0.505859375
10 0.51484375 0.728515625 0.5453125 0.728515625 0.51484375 0.7509765625 0.5453125 0.7509765625