4 0.9101307189542484 0.26171875 0.9436274509803921 0.26171875 0.9101307189542484 0.37109375 0.9436274509803921 0.37109375
4 0.48284313725490197 0.4345703125 0.4861111111111111 0.4345703125 0.48284313725490197 0.4482421875 0.4861111111111111 0.4482421875
4 0.9035947712418301 0.490234375 0.9174836601307189 0.490234375 0.9035947712418301 0.541015625 0.9174836601307189 0.541015625
9 0.8921568627450981 0.4013671875 0.9411764705882353 0.4013671875 0.8921568627450981 0.4384765625 0.9411764705882353 0.4384765625
9 0.548202614379085 0.4140625 0.5661764705882353 0.4140625 0.548202614379085 0.421875 0.5661764705882353 0.421875
9 0.5473856209150327 0.4228515625 0.5669934640522876 0.4228515625 0.5473856209150327 0.435546875 0.5669934640522876 0.435546875
9 0.548202614379085 0.435546875 0.5661764705882353 0.435546875 0.548202614379085 0.4443359375 0.5661764705882353 0.4443359375
9 0.5522875816993464 0.4091796875 0.559640522875817 0.4091796875 0.5522875816993464 0.4140625 0.559640522875817 0.4140625
9 0.4910130718954248 0.447265625 0.49673202614379086 0.447265625 0.4910130718954248 0.45703125 0.49673202614379086 0.45703125
9 0.7271241830065359 0.4482421875 0.7581699346405228 0.4482421875 0.7271241830065359 0.48046875 0.7581699346405228 0.48046875
7 0.22303921568627452 0.47265625 0.23284313725490197 0.47265625 0.22303921568627452 0.4873046875 0.23284313725490197 0.4873046875
7 0.6854575163398693 0.470703125 0.7034313725490197 0.470703125 0.6854575163398693 0.513671875 0.7034313725490197 0.513671875
7 0.6552287581699346 0.47265625 0.670751633986928 0.47265625 0.6552287581699346 0.50390625 0.670751633986928 0.50390625
7 0.6274509803921569 0.474609375 0.6446078431372549 0.474609375 0.6274509803921569 0.50390625 0.6446078431372549 0.50390625
7 0.5351307189542484 0.466796875 0.5433006535947712 0.466796875 0.5351307189542484 0.5029296875 0.5433006535947712 0.5029296875
5 0.5620915032679739 0.470703125 0.5735294117647058 0.470703125 0.5620915032679739 0.498046875 0.5735294117647058 0.498046875
2 0 0.4951171875 0.11601307189542484 0.4951171875 0 0.5869140625 0.11601307189542484 0.5869140625
2 0.08986928104575163 0.4833984375 0.1772875816993464 0.4833984375 0.08986928104575163 0.5458984375 0.1772875816993464 0.5458984375
2 0.14133986928104575 0.4755859375 0.20098039215686275 0.4755859375 0.14133986928104575 0.5341796875 0.20098039215686275 0.5341796875
2 0.1977124183006536 0.4873046875 0.2622549019607843 0.4873046875 0.1977124183006536 0.52734375 0.2622549019607843 0.52734375
2 0.23284313725490197 0.4794921875 0.27369281045751637 0.4794921875 0.23284313725490197 0.50390625 0.27369281045751637 0.50390625
2 0.2622549019607843 0.478515625 0.28921568627450983 0.478515625 0.2622549019607843 0.494140625 0.28921568627450983 0.494140625
2 0.2769607843137255 0.4775390625 0.2949346405228758 0.4775390625 0.2769607843137255 0.494140625 0.2949346405228758 0.494140625
2 0.28104575163398693 0.4697265625 0.30800653594771243 0.4697265625 0.28104575163398693 0.4931640625 0.30800653594771243 0.4931640625
2 0.30637254901960786 0.4755859375 0.3194444444444444 0.4755859375 0.30637254901960786 0.4912109375 0.3194444444444444 0.4912109375
2 0.4991830065359477 0.4755859375 0.5326797385620915 0.4755859375 0.4991830065359477 0.5078125 0.5326797385620915 0.5078125
2 0.48856209150326796 0.4697265625 0.5245098039215687 0.4697265625 0.48856209150326796 0.5078125 0.5245098039215687 0.5078125
2 0.352124183006536 0.494140625 0.4934640522875817 0.494140625 0.352124183006536 0.62890625 0.4934640522875817 0.62890625
2 0.5473856209150327 0.5029296875 0.761437908496732 0.5029296875 0.5473856209150327 0.6845703125 0.761437908496732 0.6845703125