9 0.315359477124183 0.4599609375 0.34068627450980393 0.4599609375 0.315359477124183 0.4736328125 0.34068627450980393 0.4736328125
9 0.31781045751633985 0.4296875 0.34068627450980393 0.4296875 0.31781045751633985 0.4609375 0.34068627450980393 0.4609375
9 0.35130718954248363 0.4794921875 0.37826797385620914 0.4794921875 0.35130718954248363 0.4892578125 0.37826797385620914 0.4892578125
9 0.35130718954248363 0.46875 0.37826797385620914 0.46875 0.35130718954248363 0.4775390625 0.37826797385620914 0.4775390625
9 0.3872549019607843 0.427734375 0.39869281045751637 0.427734375 0.3872549019607843 0.4462890625 0.39869281045751637 0.4462890625
9 0.3880718954248366 0.44921875 0.39869281045751637 0.44921875 0.3880718954248366 0.4677734375 0.39869281045751637 0.4677734375
9 0.3880718954248366 0.46875 0.397875816993464 0.46875 0.3880718954248366 0.490234375 0.397875816993464 0.490234375
9 0.5245098039215687 0.490234375 0.5375816993464052 0.490234375 0.5245098039215687 0.5048828125 0.5375816993464052 0.5048828125
9 0.5179738562091504 0.4853515625 0.5269607843137255 0.4853515625 0.5179738562091504 0.4970703125 0.5269607843137255 0.4970703125
9 0.5179738562091504 0.4970703125 0.5236928104575164 0.4970703125 0.5179738562091504 0.505859375 0.5236928104575164 0.505859375
7 0.45669934640522875 0.51171875 0.4681372549019608 0.51171875 0.45669934640522875 0.5498046875 0.4681372549019608 0.5498046875
0 0.2900326797385621 0.5400390625 0.33986928104575165 0.5400390625 0.2900326797385621 0.607421875 0.33986928104575165 0.607421875
0 0.3700980392156863 0.5244140625 0.39052287581699346 0.5244140625 0.3700980392156863 0.541015625 0.39052287581699346 0.541015625
5 0.39052287581699346 0.5244140625 0.4272875816993464 0.5244140625 0.39052287581699346 0.552734375 0.4272875816993464 0.552734375
5 0.4011437908496732 0.521484375 0.43300653594771243 0.521484375 0.4011437908496732 0.546875 0.43300653594771243 0.546875
2 0.5098039215686274 0.5185546875 0.5833333333333334 0.5185546875 0.5098039215686274 0.58984375 0.5833333333333334 0.58984375
2 0.494281045751634 0.509765625 0.5310457516339869 0.509765625 0.494281045751634 0.552734375 0.5310457516339869 0.552734375
2 0.48366013071895425 0.517578125 0.5032679738562091 0.517578125 0.48366013071895425 0.546875 0.5032679738562091 0.546875
2 0.42401960784313725 0.5185546875 0.45751633986928103 0.5185546875 0.42401960784313725 0.5380859375 0.45751633986928103 0.5380859375