1 0.5490196078431373 0.4677734375 0.5972222222222222 0.4677734375 0.5490196078431373 0.51171875 0.5972222222222222 0.51171875
4 0.6797385620915033 0.3798828125 0.6952614379084967 0.3798828125 0.6797385620915033 0.427734375 0.6952614379084967 0.427734375
4 0.696078431372549 0.5 0.7026143790849673 0.5 0.696078431372549 0.513671875 0.7026143790849673 0.513671875
4 0.5269607843137255 0.44140625 0.5334967320261438 0.44140625 0.5269607843137255 0.4609375 0.5334967320261438 0.4609375
4 0.5138888888888888 0.4716796875 0.5196078431372549 0.4716796875 0.5138888888888888 0.4794921875 0.5196078431372549 0.4794921875
4 0.6168300653594772 0.4755859375 0.6241830065359477 0.4755859375 0.6168300653594772 0.4853515625 0.6241830065359477 0.4853515625
4 0.4477124183006536 0.455078125 0.45098039215686275 0.455078125 0.4477124183006536 0.466796875 0.45098039215686275 0.466796875
4 0.32107843137254904 0.4677734375 0.3243464052287582 0.4677734375 0.32107843137254904 0.4775390625 0.3243464052287582 0.4775390625
4 0.3137254901960784 0.453125 0.31781045751633985 0.453125 0.3137254901960784 0.4658203125 0.31781045751633985 0.4658203125
4 0.272875816993464 0.431640625 0.2785947712418301 0.431640625 0.272875816993464 0.451171875 0.2785947712418301 0.451171875
4 0.21160130718954248 0.5 0.21895424836601307 0.5 0.21160130718954248 0.521484375 0.21895424836601307 0.521484375
4 0.20588235294117646 0.3779296875 0.21895424836601307 0.3779296875 0.20588235294117646 0.4228515625 0.21895424836601307 0.4228515625
4 0.16830065359477125 0.47265625 0.17238562091503268 0.47265625 0.16830065359477125 0.4794921875 0.17238562091503268 0.4794921875
4 0.04330065359477124 0.41796875 0.051470588235294115 0.41796875 0.04330065359477124 0.439453125 0.051470588235294115 0.439453125
4 0.049019607843137254 0.4609375 0.05310457516339869 0.4609375 0.049019607843137254 0.46875 0.05310457516339869 0.46875
9 0.565359477124183 0.462890625 0.5743464052287581 0.462890625 0.565359477124183 0.474609375 0.5743464052287581 0.474609375
9 0.5310457516339869 0.4619140625 0.5424836601307189 0.4619140625 0.5310457516339869 0.4765625 0.5424836601307189 0.4765625
9 0.6854575163398693 0.3388671875 0.7173202614379085 0.3388671875 0.6854575163398693 0.3759765625 0.7173202614379085 0.3759765625
9 0.6870915032679739 0.431640625 0.7165032679738562 0.431640625 0.6870915032679739 0.4658203125 0.7165032679738562 0.4658203125
9 0.8513071895424836 0.3828125 0.8856209150326797 0.3828125 0.8513071895424836 0.4326171875 0.8856209150326797 0.4326171875
9 0.8521241830065359 0.435546875 0.8848039215686274 0.435546875 0.8521241830065359 0.4677734375 0.8848039215686274 0.4677734375
9 0.5285947712418301 0.416015625 0.5416666666666666 0.416015625 0.5285947712418301 0.4306640625 0.5416666666666666 0.4306640625
9 0.5294117647058824 0.4306640625 0.5424836601307189 0.4306640625 0.5294117647058824 0.439453125 0.5424836601307189 0.439453125
9 0.2696078431372549 0.4521484375 0.2834967320261438 0.4521484375 0.2696078431372549 0.46875 0.2834967320261438 0.46875
9 0.19852941176470587 0.427734375 0.22140522875816993 0.427734375 0.19852941176470587 0.4541015625 0.22140522875816993 0.4541015625
9 0.19852941176470587 0.455078125 0.2181372549019608 0.455078125 0.19852941176470587 0.4716796875 0.2181372549019608 0.4716796875
9 0.05392156862745098 0.4404296875 0.06209150326797386 0.4404296875 0.05392156862745098 0.4580078125 0.06209150326797386 0.4580078125
9 0.049019607843137254 0.3876953125 0.05473856209150327 0.3876953125 0.049019607843137254 0.40625 0.05473856209150327 0.40625
9 0.049836601307189546 0.40625 0.05473856209150327 0.40625 0.049836601307189546 0.416015625 0.05473856209150327 0.416015625
7 0.8643790849673203 0.4921875 0.8995098039215687 0.4921875 0.8643790849673203 0.6416015625 0.8995098039215687 0.6416015625
7 0.8218954248366013 0.48828125 0.8611111111111112 0.48828125 0.8218954248366013 0.61328125 0.8611111111111112 0.61328125
7 0.7859477124183006 0.4833984375 0.8186274509803921 0.4833984375 0.7859477124183006 0.578125 0.8186274509803921 0.578125
7 0.8186274509803921 0.4931640625 0.8316993464052288 0.4931640625 0.8186274509803921 0.564453125 0.8316993464052288 0.564453125
7 0.761437908496732 0.4970703125 0.7875816993464052 0.4970703125 0.761437908496732 0.5791015625 0.7875816993464052 0.5791015625
7 0.7344771241830066 0.498046875 0.7565359477124183 0.498046875 0.7344771241830066 0.576171875 0.7565359477124183 0.576171875
7 0.6560457516339869 0.4990234375 0.684640522875817 0.4990234375 0.6560457516339869 0.5849609375 0.684640522875817 0.5849609375
7 0.6258169934640523 0.49609375 0.6576797385620915 0.49609375 0.6258169934640523 0.5849609375 0.6576797385620915 0.5849609375
7 0.6527777777777778 0.50390625 0.6748366013071896 0.50390625 0.6527777777777778 0.5751953125 0.6748366013071896 0.5751953125
7 0.6258169934640523 0.4970703125 0.6560457516339869 0.4970703125 0.6258169934640523 0.5810546875 0.6560457516339869 0.5810546875
7 0.5857843137254902 0.4853515625 0.5972222222222222 0.4853515625 0.5857843137254902 0.5302734375 0.5972222222222222 0.5302734375
7 0.5285947712418301 0.4873046875 0.5367647058823529 0.4873046875 0.5285947712418301 0.5185546875 0.5367647058823529 0.5185546875
7 0.47467320261437906 0.4970703125 0.5040849673202614 0.4970703125 0.47467320261437906 0.5703125 0.5040849673202614 0.5703125
7 0.3553921568627451 0.494140625 0.37336601307189543 0.494140625 0.3553921568627451 0.5302734375 0.37336601307189543 0.5302734375
7 0.4477124183006536 0.4833984375 0.4550653594771242 0.4833984375 0.4477124183006536 0.5078125 0.4550653594771242 0.5078125
7 0.4354575163398693 0.4853515625 0.44607843137254904 0.4853515625 0.4354575163398693 0.5087890625 0.44607843137254904 0.5087890625
7 0.3202614379084967 0.4892578125 0.3276143790849673 0.4892578125 0.3202614379084967 0.5078125 0.3276143790849673 0.5078125
7 0.17401960784313725 0.4794921875 0.18627450980392157 0.4794921875 0.17401960784313725 0.5283203125 0.18627450980392157 0.5283203125
7 0.1527777777777778 0.4833984375 0.1650326797385621 0.4833984375 0.1527777777777778 0.52734375 0.1650326797385621 0.52734375
7 0.13725490196078433 0.4794921875 0.1511437908496732 0.4794921875 0.13725490196078433 0.52734375 0.1511437908496732 0.52734375
7 0.12254901960784313 0.4755859375 0.136437908496732 0.4755859375 0.12254901960784313 0.51953125 0.136437908496732 0.51953125
7 0.1119281045751634 0.486328125 0.12254901960784313 0.486328125 0.1119281045751634 0.5419921875 0.12254901960784313 0.5419921875
7 0.08905228758169935 0.4833984375 0.11274509803921569 0.4833984375 0.08905228758169935 0.5654296875 0.11274509803921569 0.5654296875
7 0.0727124183006536 0.50390625 0.0915032679738562 0.50390625 0.0727124183006536 0.56640625 0.0915032679738562 0.56640625
7 0.08006535947712418 0.48046875 0.08905228758169935 0.48046875 0.08006535947712418 0.50390625 0.08905228758169935 0.50390625
7 0.029411764705882353 0.4833984375 0.049836601307189546 0.4833984375 0.029411764705882353 0.560546875 0.049836601307189546 0.560546875
7 0.0024509803921568627 0.4775390625 0.018790849673202614 0.4775390625 0.0024509803921568627 0.5556640625 0.018790849673202614 0.5556640625
0 0.7581699346405228 0.5361328125 0.8366013071895425 0.5361328125 0.7581699346405228 0.6298828125 0.8366013071895425 0.6298828125
13 0.3668300653594771 0.45703125 0.41013071895424835 0.45703125 0.3668300653594771 0.5205078125 0.41013071895424835 0.5205078125
5 0.22794117647058823 0.48828125 0.27450980392156865 0.48828125 0.22794117647058823 0.5263671875 0.27450980392156865 0.5263671875
5 0.2434640522875817 0.4912109375 0.2834967320261438 0.4912109375 0.2434640522875817 0.5263671875 0.2834967320261438 0.5263671875
5 0.18137254901960784 0.48828125 0.20915032679738563 0.48828125 0.18137254901960784 0.5126953125 0.20915032679738563 0.5126953125
2 0.20098039215686275 0.5244140625 0.4264705882352941 0.5244140625 0.20098039215686275 0.7021484375 0.4264705882352941 0.7021484375
2 0.3831699346405229 0.5087890625 0.48447712418300654 0.5087890625 0.3831699346405229 0.6201171875 0.48447712418300654 0.6201171875
2 0.35049019607843135 0.4873046875 0.3660130718954248 0.4873046875 0.35049019607843135 0.5068359375 0.3660130718954248 0.5068359375
2 0.3374183006535948 0.48828125 0.3480392156862745 0.48828125 0.3374183006535948 0.5009765625 0.3480392156862745 0.5009765625
2 0.3333333333333333 0.4873046875 0.3415032679738562 0.4873046875 0.3333333333333333 0.5 0.3415032679738562 0.5
2 0.2630718954248366 0.48828125 0.28104575163398693 0.48828125 0.2630718954248366 0.5078125 0.28104575163398693 0.5078125
2 0.28431372549019607 0.48828125 0.29820261437908496 0.48828125 0.28431372549019607 0.5048828125 0.29820261437908496 0.5048828125
2 0.2965686274509804 0.490234375 0.3055555555555556 0.490234375 0.2965686274509804 0.501953125 0.3055555555555556 0.501953125