4 0.5334967320261438 0.3935546875 0.5392156862745098 0.3935546875 0.5334967320261438 0.3994140625 0.5392156862745098 0.3994140625
4 0.9109477124183006 0.4248046875 0.9133986928104575 0.4248046875 0.9109477124183006 0.43359375 0.9133986928104575 0.43359375
4 0.8913398692810458 0.4248046875 0.8937908496732027 0.4248046875 0.8913398692810458 0.431640625 0.8937908496732027 0.431640625
4 0.9174836601307189 0.4287109375 0.9199346405228758 0.4287109375 0.9174836601307189 0.43359375 0.9199346405228758 0.43359375
4 0.9003267973856209 0.4287109375 0.9019607843137255 0.4287109375 0.9003267973856209 0.435546875 0.9019607843137255 0.435546875
9 0.40522875816993464 0.2412109375 0.5008169934640523 0.2412109375 0.40522875816993464 0.271484375 0.5008169934640523 0.271484375
9 0.42810457516339867 0.193359375 0.4861111111111111 0.193359375 0.42810457516339867 0.2392578125 0.4861111111111111 0.2392578125
9 0.477124183006536 0.1982421875 0.5040849673202614 0.1982421875 0.477124183006536 0.2392578125 0.5040849673202614 0.2392578125
9 0.5882352941176471 0.3447265625 0.6356209150326797 0.3447265625 0.5882352941176471 0.3740234375 0.6356209150326797 0.3740234375
9 0.5906862745098039 0.3759765625 0.5988562091503268 0.3759765625 0.5906862745098039 0.38671875 0.5988562091503268 0.38671875
7 0.40032679738562094 0.314453125 0.6094771241830066 0.314453125 0.40032679738562094 0.900390625 0.6094771241830066 0.900390625
7 0.9468954248366013 0.4287109375 0.9730392156862745 0.4287109375 0.9468954248366013 0.4970703125 0.9730392156862745 0.4970703125
7 0.9836601307189542 0.4443359375 0.9991830065359477 0.4443359375 0.9836601307189542 0.486328125 0.9991830065359477 0.486328125
5 0.5522875816993464 0.44921875 0.9746732026143791 0.44921875 0.5522875816993464 0.91015625 0.9746732026143791 0.91015625
2 0.5874183006535948 0.4033203125 0.6405228758169934 0.4033203125 0.5874183006535948 0.4462890625 0.6405228758169934 0.4462890625
2 0.9183006535947712 0.484375 0.9991830065359477 0.484375 0.9183006535947712 0.6474609375 0.9991830065359477 0.6474609375