9 0.6822222222222222 0.3175 0.7011111111111111 0.3175 0.6822222222222222 0.346875 0.7011111111111111 0.346875
9 0.5838888888888889 0.3775 0.5966666666666667 0.3775 0.5838888888888889 0.389375 0.5966666666666667 0.389375
9 0.5888888888888889 0.3675 0.5966666666666667 0.3675 0.5888888888888889 0.381875 0.5966666666666667 0.381875
0 0.7205555555555555 0.4275 0.7872222222222223 0.4275 0.7205555555555555 0.488125 0.7872222222222223 0.488125
2 0.5111111111111111 0.41 0.5566666666666666 0.41 0.5111111111111111 0.44375 0.5566666666666666 0.44375
2 0.4905555555555556 0.41125 0.5166666666666667 0.41125 0.4905555555555556 0.435 0.5166666666666667 0.435
2 0.40166666666666667 0.4125 0.41833333333333333 0.4125 0.40166666666666667 0.431875 0.41833333333333333 0.431875
2 0.3761111111111111 0.411875 0.3977777777777778 0.411875 0.3761111111111111 0.436875 0.3977777777777778 0.436875
2 0.34833333333333333 0.41125 0.3811111111111111 0.41125 0.34833333333333333 0.43875 0.3811111111111111 0.43875
2 0.29388888888888887 0.40625 0.3461111111111111 0.40625 0.29388888888888887 0.45125 0.3461111111111111 0.45125
2 0.22666666666666666 0.4075 0.2961111111111111 0.4075 0.22666666666666666 0.461875 0.2961111111111111 0.461875
2 0.10444444444444445 0.38625 0.22666666666666666 0.38625 0.10444444444444445 0.476875 0.22666666666666666 0.476875
3 0.9766666666666667 0.44125 0.9994444444444445 0.44125 0.9766666666666667 0.54375 0.9994444444444445 0.54375