0 0.6630859375 0.5826822916666666 0.69384765625 0.5826822916666666 0.6630859375 0.6783854166666666 0.69384765625 0.6783854166666666
0 0.611328125 0.5729166666666666 0.630859375 0.5729166666666666 0.611328125 0.6595052083333334 0.630859375 0.6595052083333334
5 0.89404296875 0.6770833333333334 0.96923828125 0.6770833333333334 0.89404296875 0.8268229166666666 0.96923828125 0.8268229166666666
2 0.03173828125 0.5279947916666666 0.2275390625 0.5279947916666666 0.03173828125 0.7454427083333334 0.2275390625 0.7454427083333334
2 0.2080078125 0.5078125 0.3466796875 0.5078125 0.2080078125 0.6549479166666666 0.3466796875 0.6549479166666666
2 0.3447265625 0.5240885416666666 0.43408203125 0.5240885416666666 0.3447265625 0.603515625 0.43408203125 0.603515625
2 0.3974609375 0.51171875 0.458984375 0.51171875 0.3974609375 0.5865885416666666 0.458984375 0.5865885416666666
2 0.45556640625 0.5240885416666666 0.484375 0.5240885416666666 0.45556640625 0.5755208333333334 0.484375 0.5755208333333334
2 0.4609375 0.5110677083333334 0.5009765625 0.5110677083333334 0.4609375 0.5638020833333334 0.5009765625 0.5638020833333334
2 0.517578125 0.5221354166666666 0.53857421875 0.5221354166666666 0.517578125 0.5436197916666666 0.53857421875 0.5436197916666666
2 0.50537109375 0.5182291666666666 0.51953125 0.5182291666666666 0.50537109375 0.5481770833333334 0.51953125 0.5481770833333334
2 0.498046875 0.5182291666666666 0.51220703125 0.5182291666666666 0.498046875 0.5494791666666666 0.51220703125 0.5494791666666666
2 0.54296875 0.525390625 0.5517578125 0.525390625 0.54296875 0.537109375 0.5517578125 0.537109375
2 0.53564453125 0.5221354166666666 0.544921875 0.5221354166666666 0.53564453125 0.5416666666666666 0.544921875 0.5416666666666666
2 0.548828125 0.5240885416666666 0.5595703125 0.5240885416666666 0.548828125 0.537109375 0.5595703125 0.537109375
2 0.77490234375 0.5364583333333334 0.9677734375 0.5364583333333334 0.77490234375 0.748046875 0.9677734375 0.748046875
2 0.70849609375 0.4973958333333333 0.85693359375 0.4973958333333333 0.70849609375 0.6764322916666666 0.85693359375 0.6764322916666666
2 0.68896484375 0.5286458333333334 0.732421875 0.5286458333333334 0.68896484375 0.603515625 0.732421875 0.603515625
2 0.6416015625 0.51953125 0.662109375 0.51953125 0.6416015625 0.5768229166666666 0.662109375 0.5768229166666666
2 0.5927734375 0.5260416666666666 0.60107421875 0.5260416666666666 0.5927734375 0.5416666666666666 0.60107421875 0.5416666666666666
7 0.59912109375 0.5110677083333334 0.64013671875 0.5110677083333334 0.59912109375 0.6490885416666666 0.64013671875 0.6490885416666666
7 0.6533203125 0.501953125 0.69921875 0.501953125 0.6533203125 0.6595052083333334 0.69921875 0.6595052083333334