7 0.3877777777777778 0.455625 0.40055555555555555 0.455625 0.3877777777777778 0.486875 0.40055555555555555 0.486875
7 0.5066666666666667 0.445 0.5316666666666666 0.445 0.5066666666666667 0.516875 0.5316666666666666 0.516875
2 0 0.440625 0.04722222222222222 0.440625 0 0.53375 0.04722222222222222 0.53375
2 0.03333333333333333 0.4325 0.235 0.4325 0.03333333333333333 0.53875 0.235 0.53875
2 0.18888888888888888 0.455625 0.3038888888888889 0.455625 0.18888888888888888 0.524375 0.3038888888888889 0.524375
2 0.2683333333333333 0.45625 0.3277777777777778 0.45625 0.2683333333333333 0.5125 0.3277777777777778 0.5125
2 0.42944444444444446 0.45875 0.5122222222222222 0.45875 0.42944444444444446 0.505625 0.5122222222222222 0.505625
2 0.5466666666666666 0.455625 0.6222222222222222 0.455625 0.5466666666666666 0.525625 0.6222222222222222 0.525625
2 0.6072222222222222 0.43125 0.8416666666666667 0.43125 0.6072222222222222 0.541875 0.8416666666666667 0.541875
2 0.8194444444444444 0.4425 0.9372222222222222 0.4425 0.8194444444444444 0.519375 0.9372222222222222 0.519375
2 0.8727777777777778 0.4575 0.9994444444444445 0.4575 0.8727777777777778 0.5375 0.9994444444444445 0.5375
2 0.9466666666666667 0.4575 0.9994444444444445 0.4575 0.9466666666666667 0.54375 0.9994444444444445 0.54375