4 0.01328125 0.4541015625 0.02578125 0.4541015625 0.01328125 0.474609375 0.02578125 0.474609375
4 0.04609375 0.400390625 0.06171875 0.400390625 0.04609375 0.4443359375 0.06171875 0.4443359375
4 0.25078125 0.38671875 0.27265625 0.38671875 0.25078125 0.44140625 0.27265625 0.44140625
4 0.47578125 0.4365234375 0.4875 0.4365234375 0.47578125 0.453125 0.4875 0.453125
4 0.7046875 0.3720703125 0.72734375 0.3720703125 0.7046875 0.4248046875 0.72734375 0.4248046875
9 0.25703125 0.44140625 0.2765625 0.44140625 0.25703125 0.4775390625 0.2765625 0.4775390625
9 0.70625 0.4248046875 0.72578125 0.4248046875 0.70625 0.458984375 0.72578125 0.458984375
7 0.0625 0.494140625 0.09453125 0.494140625 0.0625 0.58203125 0.09453125 0.58203125
7 0.9 0.4619140625 0.92421875 0.4619140625 0.9 0.5439453125 0.92421875 0.5439453125
7 0.31640625 0.474609375 0.33203125 0.474609375 0.31640625 0.529296875 0.33203125 0.529296875
7 0.3328125 0.478515625 0.3453125 0.478515625 0.3328125 0.5224609375 0.3453125 0.5224609375
0 0.8546875 0.5234375 0.89140625 0.5234375 0.8546875 0.599609375 0.89140625 0.599609375
2 0.6109375 0.462890625 0.63671875 0.462890625 0.6109375 0.4873046875 0.63671875 0.4873046875
7 0.8546875 0.4619140625 0.89140625 0.4619140625 0.8546875 0.5830078125 0.89140625 0.5830078125
2 0.459375 0.4912109375 0.5125 0.4912109375 0.459375 0.5361328125 0.5125 0.5361328125