4 0.73984375 0.3681640625 0.76015625 0.3681640625 0.73984375 0.427734375 0.76015625 0.427734375
4 0.5875 0.4462890625 0.59140625 0.4462890625 0.5875 0.451171875 0.59140625 0.451171875
4 0.48515625 0.4560546875 0.4890625 0.4560546875 0.48515625 0.4609375 0.4890625 0.4609375
4 0.45625 0.4501953125 0.46171875 0.4501953125 0.45625 0.45703125 0.46171875 0.45703125
4 0.1828125 0.3662109375 0.209375 0.3662109375 0.1828125 0.4384765625 0.209375 0.4384765625
4 0.6109375 0.4287109375 0.61875 0.4287109375 0.6109375 0.4384765625 0.61875 0.4384765625
0 0.871875 0.537109375 0.90234375 0.537109375 0.871875 0.61328125 0.90234375 0.61328125
0 0.7546875 0.5576171875 0.79765625 0.5576171875 0.7546875 0.654296875 0.79765625 0.654296875
2 0.521875 0.466796875 0.56015625 0.466796875 0.521875 0.5048828125 0.56015625 0.5048828125
2 0.51015625 0.4697265625 0.57109375 0.4697265625 0.51015625 0.4970703125 0.57109375 0.4970703125
7 0.7546875 0.5087890625 0.79765625 0.5087890625 0.7546875 0.6474609375 0.79765625 0.6474609375