9 0.7322222222222222 0.26625 0.78 0.26625 0.7322222222222222 0.28625 0.78 0.28625
9 0.7955555555555556 0.243125 0.8477777777777777 0.243125 0.7955555555555556 0.26375 0.8477777777777777 0.26375
9 0.7761111111111111 0.144375 0.8616666666666667 0.144375 0.7761111111111111 0.2425 0.8616666666666667 0.2425
9 0.775 0.2125 0.8627777777777778 0.2125 0.775 0.3 0.8627777777777778 0.3
9 0.12277777777777778 0.36 0.1527777777777778 0.36 0.12277777777777778 0.371875 0.1527777777777778 0.371875
9 0.22944444444444445 0.39 0.2588888888888889 0.39 0.22944444444444445 0.426875 0.2588888888888889 0.426875
7 0.6605555555555556 0.426875 0.6894444444444444 0.426875 0.6605555555555556 0.51125 0.6894444444444444 0.51125
7 0.6966666666666667 0.424375 0.7211111111111111 0.424375 0.6966666666666667 0.50625 0.7211111111111111 0.50625
7 0.6888888888888889 0.424375 0.7072222222222222 0.424375 0.6888888888888889 0.506875 0.7072222222222222 0.506875
2 0.21611111111111111 0.323125 0.5405555555555556 0.323125 0.21611111111111111 0.678125 0.5405555555555556 0.678125
3 0.8966666666666666 0.48 0.9383333333333334 0.48 0.8966666666666666 0.58375 0.9383333333333334 0.58375