4 0.048828125 0.4134114583333333 0.0771484375 0.4134114583333333 0.048828125 0.4895833333333333 0.0771484375 0.4895833333333333
4 0.892578125 0.4166666666666667 0.91650390625 0.4166666666666667 0.892578125 0.490234375 0.91650390625 0.490234375
9 0.0634765625 0.4921875 0.083984375 0.4921875 0.0634765625 0.5403645833333334 0.083984375 0.5403645833333334
9 0.88427734375 0.494140625 0.91015625 0.494140625 0.88427734375 0.5442708333333334 0.91015625 0.5442708333333334
2 0.34619140625 0.57421875 0.3896484375 0.57421875 0.34619140625 0.61328125 0.3896484375 0.61328125
2 0.38525390625 0.4993489583333333 0.48583984375 0.4993489583333333 0.38525390625 0.6276041666666666 0.48583984375 0.6276041666666666
2 0.5478515625 0.5657552083333334 0.5888671875 0.5657552083333334 0.5478515625 0.6087239583333334 0.5888671875 0.6087239583333334
2 0.6572265625 0.5670572916666666 0.70751953125 0.5670572916666666 0.6572265625 0.6184895833333334 0.70751953125 0.6184895833333334
2 0.64794921875 0.5709635416666666 0.66259765625 0.5709635416666666 0.64794921875 0.6100260416666666 0.66259765625 0.6100260416666666
2 0.71533203125 0.56640625 0.78662109375 0.56640625 0.71533203125 0.640625 0.78662109375 0.640625
3 0.86572265625 0.60546875 0.8779296875 0.60546875 0.86572265625 0.6490885416666666 0.8779296875 0.6490885416666666