4 0.7511111111111111 0.43125 0.7605555555555555 0.43125 0.7511111111111111 0.441875 0.7605555555555555 0.441875
4 0.75 0.403125 0.7572222222222222 0.403125 0.75 0.420625 0.7572222222222222 0.420625
4 0.6938888888888889 0.40875 0.7016666666666667 0.40875 0.6938888888888889 0.42875 0.7016666666666667 0.42875
4 0.5938888888888889 0.380625 0.6044444444444445 0.380625 0.5938888888888889 0.409375 0.6044444444444445 0.409375
4 0.5605555555555556 0.406875 0.5677777777777778 0.406875 0.5605555555555556 0.425 0.5677777777777778 0.425
4 0.5638888888888889 0.431875 0.5683333333333334 0.431875 0.5638888888888889 0.445625 0.5683333333333334 0.445625
4 0.5527777777777778 0.441875 0.5577777777777778 0.441875 0.5527777777777778 0.451875 0.5577777777777778 0.451875
4 0.4677777777777778 0.360625 0.47444444444444445 0.360625 0.4677777777777778 0.379375 0.47444444444444445 0.379375
4 0.40055555555555555 0.3575 0.4077777777777778 0.3575 0.40055555555555555 0.3775 0.4077777777777778 0.3775
4 0.3433333333333333 0.308125 0.35388888888888886 0.308125 0.3433333333333333 0.340625 0.35388888888888886 0.340625
4 0.24944444444444444 0.321875 0.26055555555555554 0.321875 0.24944444444444444 0.3525 0.26055555555555554 0.3525
4 0.22555555555555556 0.41875 0.2311111111111111 0.41875 0.22555555555555556 0.441875 0.2311111111111111 0.441875
4 0.18555555555555556 0.420625 0.19277777777777777 0.420625 0.18555555555555556 0.43875 0.19277777777777777 0.43875
4 0.09722222222222222 0.408125 0.10277777777777777 0.408125 0.09722222222222222 0.42875 0.10277777777777777 0.42875
9 0.8227777777777778 0.318125 0.8494444444444444 0.318125 0.8227777777777778 0.3375 0.8494444444444444 0.3375
9 0.8205555555555556 0.27125 0.8488888888888889 0.27125 0.8205555555555556 0.3175 0.8488888888888889 0.3175
9 0.7905555555555556 0.396875 0.7961111111111111 0.396875 0.7905555555555556 0.411875 0.7961111111111111 0.411875
9 0.79 0.37 0.8016666666666666 0.37 0.79 0.39625 0.8016666666666666 0.39625
9 0.7172222222222222 0.4225 0.7244444444444444 0.4225 0.7172222222222222 0.43375 0.7244444444444444 0.43375
9 0.7138888888888889 0.398125 0.7272222222222222 0.398125 0.7138888888888889 0.4225 0.7272222222222222 0.4225
9 0.7238888888888889 0.375 0.7338888888888889 0.375 0.7238888888888889 0.393125 0.7338888888888889 0.393125
9 0.7233333333333334 0.341875 0.7322222222222222 0.341875 0.7233333333333334 0.370625 0.7322222222222222 0.370625
9 0.7194444444444444 0.289375 0.7327777777777778 0.289375 0.7194444444444444 0.33875 0.7327777777777778 0.33875
9 0.6227777777777778 0.406875 0.6444444444444445 0.406875 0.6227777777777778 0.419375 0.6444444444444445 0.419375
9 0.6222222222222222 0.395625 0.645 0.395625 0.6222222222222222 0.406875 0.645 0.406875
9 0.6155555555555555 0.43625 0.62 0.43625 0.6155555555555555 0.443125 0.62 0.443125
9 0.6133333333333333 0.424375 0.6216666666666667 0.424375 0.6133333333333333 0.436875 0.6216666666666667 0.436875
9 0.5327777777777778 0.38 0.5716666666666667 0.38 0.5327777777777778 0.389375 0.5716666666666667 0.389375
9 0.41388888888888886 0.358125 0.4266666666666667 0.358125 0.41388888888888886 0.374375 0.4266666666666667 0.374375
9 0.08277777777777778 0.36625 0.13722222222222222 0.36625 0.08277777777777778 0.38375 0.13722222222222222 0.38375
9 0.865 0.395625 0.8722222222222222 0.395625 0.865 0.41 0.8722222222222222 0.41
9 0.865 0.37375 0.8733333333333333 0.37375 0.865 0.39625 0.8733333333333333 0.39625
7 0.34555555555555556 0.453125 0.35555555555555557 0.453125 0.34555555555555556 0.478125 0.35555555555555557 0.478125
2 0.46944444444444444 0.4475 0.5466666666666666 0.4475 0.46944444444444444 0.51375 0.5466666666666666 0.51375
2 0.4661111111111111 0.4575 0.48 0.4575 0.4661111111111111 0.4725 0.48 0.4725
2 0.4438888888888889 0.455 0.4683333333333333 0.455 0.4438888888888889 0.479375 0.4683333333333333 0.479375
2 0.38222222222222224 0.45875 0.4127777777777778 0.45875 0.38222222222222224 0.48375 0.4127777777777778 0.48375