4 0.5228758169934641 0.3505859375 0.5326797385620915 0.3505859375 0.5228758169934641 0.3681640625 0.5326797385620915 0.3681640625
4 0.8831699346405228 0.4228515625 0.8872549019607843 0.4228515625 0.8831699346405228 0.4306640625 0.8872549019607843 0.4306640625
4 0.9109477124183006 0.4248046875 0.9142156862745098 0.4248046875 0.9109477124183006 0.43359375 0.9142156862745098 0.43359375
9 0.4297385620915033 0.1953125 0.4861111111111111 0.1953125 0.4297385620915033 0.2392578125 0.4861111111111111 0.2392578125
9 0.40441176470588236 0.2431640625 0.5016339869281046 0.2431640625 0.40441176470588236 0.271484375 0.5016339869281046 0.271484375
9 0.5882352941176471 0.345703125 0.6356209150326797 0.345703125 0.5882352941176471 0.375 0.6356209150326797 0.375
9 0.5138888888888888 0.3720703125 0.5220588235294118 0.3720703125 0.5138888888888888 0.3818359375 0.5220588235294118 0.3818359375
9 0.5130718954248366 0.3818359375 0.5212418300653595 0.3818359375 0.5130718954248366 0.38671875 0.5212418300653595 0.38671875
9 0.5906862745098039 0.3759765625 0.5988562091503268 0.3759765625 0.5906862745098039 0.38671875 0.5988562091503268 0.38671875
7 0.5547385620915033 0.3828125 0.5915032679738562 0.3828125 0.5547385620915033 0.484375 0.5915032679738562 0.484375
7 0.5751633986928104 0.349609375 0.8169934640522876 0.349609375 0.5751633986928104 0.8974609375 0.8169934640522876 0.8974609375
5 0.5490196078431373 0.4755859375 0.9787581699346405 0.4755859375 0.5490196078431373 0.9130859375 0.9787581699346405 0.9130859375
2 0.5163398692810458 0.390625 0.5604575163398693 0.390625 0.5163398692810458 0.427734375 0.5604575163398693 0.427734375
2 0.6127450980392157 0.3974609375 0.678921568627451 0.3974609375 0.6127450980392157 0.458984375 0.678921568627451 0.458984375
2 0.7352941176470589 0.4345703125 0.7679738562091504 0.4345703125 0.7352941176470589 0.474609375 0.7679738562091504 0.474609375
2 0.553921568627451 0.3974609375 0.5931372549019608 0.3974609375 0.553921568627451 0.43359375 0.5931372549019608 0.43359375