1 0.4011437908496732 0.4921875 0.42483660130718953 0.4921875 0.4011437908496732 0.5146484375 0.42483660130718953 0.5146484375
1 0.434640522875817 0.48046875 0.4534313725490196 0.48046875 0.434640522875817 0.5087890625 0.4534313725490196 0.5087890625
4 0.6013071895424836 0.4853515625 0.6045751633986928 0.4853515625 0.6013071895424836 0.494140625 0.6045751633986928 0.494140625
9 0.8962418300653595 0.412109375 0.9256535947712419 0.412109375 0.8962418300653595 0.447265625 0.9256535947712419 0.447265625
9 0.9019607843137255 0.451171875 0.9093137254901961 0.451171875 0.9019607843137255 0.4599609375 0.9093137254901961 0.4599609375
9 0.696078431372549 0.4619140625 0.7116013071895425 0.4619140625 0.696078431372549 0.4794921875 0.7116013071895425 0.4794921875
9 0.6437908496732027 0.484375 0.6527777777777778 0.484375 0.6437908496732027 0.494140625 0.6527777777777778 0.494140625
7 0.7271241830065359 0.4697265625 0.7524509803921569 0.4697265625 0.7271241830065359 0.5224609375 0.7524509803921569 0.5224609375
13 0.3790849673202614 0.4970703125 0.397875816993464 0.4970703125 0.3790849673202614 0.51953125 0.397875816993464 0.51953125
5 0.5024509803921569 0.5263671875 0.5196078431372549 0.5263671875 0.5024509803921569 0.5556640625 0.5196078431372549 0.5556640625
2 0.9052287581699346 0.591796875 0.9991830065359477 0.591796875 0.9052287581699346 0.76953125 0.9991830065359477 0.76953125
2 0.6527777777777778 0.52734375 0.7875816993464052 0.52734375 0.6527777777777778 0.6376953125 0.7875816993464052 0.6376953125
2 0.5727124183006536 0.509765625 0.6184640522875817 0.509765625 0.5727124183006536 0.560546875 0.6184640522875817 0.560546875
2 0.5228758169934641 0.515625 0.5849673202614379 0.515625 0.5228758169934641 0.5830078125 0.5849673202614379 0.5830078125
2 0.46977124183006536 0.5078125 0.5081699346405228 0.5078125 0.46977124183006536 0.544921875 0.5081699346405228 0.544921875
2 0.3815359477124183 0.513671875 0.4820261437908497 0.513671875 0.3815359477124183 0.62890625 0.4820261437908497 0.62890625
2 0.3602941176470588 0.5068359375 0.38235294117647056 0.5068359375 0.3602941176470588 0.52734375 0.38235294117647056 0.52734375
2 0.3423202614379085 0.5078125 0.3602941176470588 0.5078125 0.3423202614379085 0.5234375 0.3602941176470588 0.5234375
2 0.20588235294117646 0.513671875 0.2826797385620915 0.513671875 0.20588235294117646 0.56640625 0.2826797385620915 0.56640625
2 0.2426470588235294 0.505859375 0.27941176470588236 0.505859375 0.2426470588235294 0.529296875 0.27941176470588236 0.529296875
2 0.0988562091503268 0.509765625 0.16666666666666666 0.509765625 0.0988562091503268 0.5576171875 0.16666666666666666 0.5576171875
2 0 0.513671875 0.08333333333333333 0.513671875 0 0.5693359375 0.08333333333333333 0.5693359375
7 0.5032679738562091 0.5087890625 0.5204248366013072 0.5087890625 0.5032679738562091 0.544921875 0.5204248366013072 0.544921875