4 0.8616666666666667 0.35375 0.88 0.35375 0.8616666666666667 0.373125 0.88 0.373125
4 0.8272222222222222 0.353125 0.8422222222222222 0.353125 0.8272222222222222 0.37375 0.8422222222222222 0.37375
4 0.8216666666666667 0.27875 0.8383333333333334 0.27875 0.8216666666666667 0.32625 0.8383333333333334 0.32625
4 0.6483333333333333 0.3 0.6622222222222223 0.3 0.6483333333333333 0.343125 0.6622222222222223 0.343125
9 0.3227777777777778 0.398125 0.3288888888888889 0.398125 0.3227777777777778 0.40875 0.3288888888888889 0.40875
9 0.5322222222222223 0.403125 0.5377777777777778 0.403125 0.5322222222222223 0.411875 0.5377777777777778 0.411875
9 0.5311111111111111 0.3925 0.5377777777777778 0.3925 0.5311111111111111 0.403125 0.5377777777777778 0.403125
9 0.5294444444444445 0.376875 0.5383333333333333 0.376875 0.5294444444444445 0.39 0.5383333333333333 0.39
9 0.6438888888888888 0.35375 0.6783333333333333 0.35375 0.6438888888888888 0.36625 0.6783333333333333 0.36625
0 0.30833333333333335 0.43875 0.38166666666666665 0.43875 0.30833333333333335 0.491875 0.38166666666666665 0.491875
13 0.6027777777777777 0.391875 0.6594444444444445 0.391875 0.6027777777777777 0.451875 0.6594444444444445 0.451875
13 0.6594444444444445 0.38 0.7277777777777777 0.38 0.6594444444444445 0.41375 0.7277777777777777 0.41375
13 0.805 0.375625 0.8788888888888889 0.375625 0.805 0.403125 0.8788888888888889 0.403125
2 0.69 0.4025 0.9994444444444445 0.4025 0.69 0.535 0.9994444444444445 0.535
2 0.33166666666666667 0.4225 0.405 0.4225 0.33166666666666667 0.480625 0.405 0.480625
2 0.3461111111111111 0.401875 0.4022222222222222 0.401875 0.3461111111111111 0.435625 0.4022222222222222 0.435625
2 0.39944444444444444 0.420625 0.4211111111111111 0.420625 0.39944444444444444 0.455625 0.4211111111111111 0.455625
2 0.405 0.4125 0.43666666666666665 0.4125 0.405 0.449375 0.43666666666666665 0.449375
2 0.42277777777777775 0.401875 0.4338888888888889 0.401875 0.42277777777777775 0.4125 0.4338888888888889 0.4125
2 0.49277777777777776 0.416875 0.53 0.416875 0.49277777777777776 0.4525 0.53 0.4525
2 0.48055555555555557 0.418125 0.49833333333333335 0.418125 0.48055555555555557 0.443125 0.49833333333333335 0.443125
2 0.4766666666666667 0.410625 0.4922222222222222 0.410625 0.4766666666666667 0.428125 0.4922222222222222 0.428125
2 0.475 0.40625 0.49 0.40625 0.475 0.423125 0.49 0.423125
2 0.4711111111111111 0.4025 0.48277777777777775 0.4025 0.4711111111111111 0.415 0.48277777777777775 0.415
2 0.45166666666666666 0.4125 0.4666666666666667 0.4125 0.45166666666666666 0.428125 0.4666666666666667 0.428125
2 0.4538888888888889 0.406875 0.4661111111111111 0.406875 0.4538888888888889 0.414375 0.4661111111111111 0.414375
2 0.46055555555555555 0.37375 0.4672222222222222 0.37375 0.46055555555555555 0.38 0.4672222222222222 0.38
2 0.4672222222222222 0.385 0.47444444444444445 0.385 0.4672222222222222 0.393125 0.47444444444444445 0.393125
7 0.33111111111111113 0.40125 0.3622222222222222 0.40125 0.33111111111111113 0.488125 0.3622222222222222 0.488125
3 0.19 0.439375 0.205 0.439375 0.19 0.47625 0.205 0.47625