9 0.6988888888888889 0.42375 0.7016666666666667 0.42375 0.6988888888888889 0.439375 0.7016666666666667 0.439375
9 0.5561111111111111 0.42875 0.575 0.42875 0.5561111111111111 0.450625 0.575 0.450625
9 0.5166666666666667 0.439375 0.5216666666666666 0.439375 0.5166666666666667 0.4475 0.5216666666666666 0.4475
9 0.17833333333333334 0.4125 0.19444444444444445 0.4125 0.17833333333333334 0.42 0.19444444444444445 0.42
9 0.3233333333333333 0.42375 0.335 0.42375 0.3233333333333333 0.44375 0.335 0.44375
7 0.8388888888888889 0.4275 0.8666666666666667 0.4275 0.8388888888888889 0.4625 0.8666666666666667 0.4625
13 0.3377777777777778 0.4275 0.3938888888888889 0.4275 0.3377777777777778 0.498125 0.3938888888888889 0.498125
2 0.7866666666666666 0.42625 0.9994444444444445 0.42625 0.7866666666666666 0.71375 0.9994444444444445 0.71375
2 0.685 0.45375 0.8783333333333333 0.45375 0.685 0.611875 0.8783333333333333 0.611875
2 0.4483333333333333 0.466875 0.5644444444444444 0.466875 0.4483333333333333 0.506875 0.5644444444444444 0.506875
2 0.43 0.464375 0.4722222222222222 0.464375 0.43 0.49875 0.4722222222222222 0.49875
2 0.47944444444444445 0.458125 0.5111111111111111 0.458125 0.47944444444444445 0.475625 0.5111111111111111 0.475625
2 0.39222222222222225 0.4625 0.4033333333333333 0.4625 0.39222222222222225 0.48625 0.4033333333333333 0.48625
2 0.3983333333333333 0.46375 0.41555555555555557 0.46375 0.3983333333333333 0.4825 0.41555555555555557 0.4825
2 0.4088888888888889 0.459375 0.42388888888888887 0.459375 0.4088888888888889 0.4775 0.42388888888888887 0.4775
2 0.19277777777777777 0.466875 0.3161111111111111 0.466875 0.19277777777777777 0.515 0.3161111111111111 0.515
2 0 0.4725 0.03944444444444444 0.4725 0 0.515 0.03944444444444444 0.515