4 0.03955078125 0.4114583333333333 0.07080078125 0.4114583333333333 0.03955078125 0.490234375 0.07080078125 0.490234375
4 0.8984375 0.416015625 0.923828125 0.416015625 0.8984375 0.4915364583333333 0.923828125 0.4915364583333333
9 0.0537109375 0.4921875 0.07568359375 0.4921875 0.0537109375 0.5416666666666666 0.07568359375 0.5416666666666666
9 0.890625 0.494140625 0.91455078125 0.494140625 0.890625 0.544921875 0.91455078125 0.544921875
7 0.03173828125 0.5598958333333334 0.17236328125 0.5598958333333334 0.03173828125 0.90625 0.17236328125 0.90625
7 0.087890625 0.5703125 0.24755859375 0.5703125 0.087890625 0.9309895833333334 0.24755859375 0.9309895833333334
2 0.5625 0.5598958333333334 0.59716796875 0.5598958333333334 0.5625 0.5924479166666666 0.59716796875 0.5924479166666666
2 0.65673828125 0.568359375 0.7119140625 0.568359375 0.65673828125 0.6223958333333334 0.7119140625 0.6223958333333334
2 0.6474609375 0.5729166666666666 0.66357421875 0.5729166666666666 0.6474609375 0.6165364583333334 0.66357421875 0.6165364583333334
2 0.71728515625 0.5696614583333334 0.7919921875 0.5696614583333334 0.71728515625 0.6432291666666666 0.7919921875 0.6432291666666666
2 0.32275390625 0.5813802083333334 0.38134765625 0.5813802083333334 0.32275390625 0.6223958333333334 0.38134765625 0.6223958333333334
3 0.87109375 0.609375 0.884765625 0.609375 0.87109375 0.654296875 0.884765625 0.654296875
2 0.3818359375 0.5006510416666666 0.48583984375 0.5006510416666666 0.3818359375 0.64453125 0.48583984375 0.64453125