4 0.51328125 0.421875 0.5203125 0.421875 0.51328125 0.4326171875 0.5203125 0.4326171875
4 0.5046875 0.427734375 0.51171875 0.427734375 0.5046875 0.4365234375 0.51171875 0.4365234375
4 0.45703125 0.3916015625 0.46328125 0.3916015625 0.45703125 0.40625 0.46328125 0.40625
4 0.41875 0.3779296875 0.42578125 0.3779296875 0.41875 0.3974609375 0.42578125 0.3974609375
4 0.37734375 0.4296875 0.384375 0.4296875 0.37734375 0.4384765625 0.384375 0.4384765625
4 0.971875 0.41015625 0.9859375 0.41015625 0.971875 0.4267578125 0.9859375 0.4267578125
7 0.02734375 0.4775390625 0.05078125 0.4775390625 0.02734375 0.5419921875 0.05078125 0.5419921875
7 0.91640625 0.4853515625 0.9453125 0.4853515625 0.91640625 0.5400390625 0.9453125 0.5400390625
7 0.9625 0.486328125 0.98828125 0.486328125 0.9625 0.5380859375 0.98828125 0.5380859375
7 0.7734375 0.462890625 0.8015625 0.462890625 0.7734375 0.5029296875 0.8015625 0.5029296875
7 0.86796875 0.482421875 0.89453125 0.482421875 0.86796875 0.5048828125 0.89453125 0.5048828125
7 0.7234375 0.46875 0.74140625 0.46875 0.7234375 0.4921875 0.74140625 0.4921875
7 0.70625 0.46875 0.7203125 0.46875 0.70625 0.4892578125 0.7203125 0.4892578125
7 0.69296875 0.46875 0.7109375 0.46875 0.69296875 0.50390625 0.7109375 0.50390625
7 0.68359375 0.4697265625 0.6953125 0.4697265625 0.68359375 0.4892578125 0.6953125 0.4892578125
7 0.65390625 0.4638671875 0.6671875 0.4638671875 0.65390625 0.5185546875 0.6671875 0.5185546875
7 0.63515625 0.4609375 0.65234375 0.4609375 0.63515625 0.5283203125 0.65234375 0.5283203125
7 0.62265625 0.4580078125 0.634375 0.4580078125 0.62265625 0.4970703125 0.634375 0.4970703125
7 0.60234375 0.4619140625 0.6125 0.4619140625 0.60234375 0.5 0.6125 0.5
0 0.02109375 0.537109375 0.05859375 0.537109375 0.02109375 0.60546875 0.05859375 0.60546875
0 0.48125 0.470703125 0.4890625 0.470703125 0.48125 0.4892578125 0.4890625 0.4892578125
5 0.49140625 0.470703125 0.50859375 0.470703125 0.49140625 0.4892578125 0.50859375 0.4892578125
2 0.3921875 0.451171875 0.4265625 0.451171875 0.3921875 0.4921875 0.4265625 0.4921875
2 0.884375 0.546875 0.9984375 0.546875 0.884375 0.8671875 0.9984375 0.8671875
2 0.72734375 0.53515625 0.93671875 0.53515625 0.72734375 0.708984375 0.93671875 0.708984375
2 0.6765625 0.517578125 0.81875 0.517578125 0.6765625 0.6435546875 0.81875 0.6435546875
2 0.6484375 0.447265625 0.6921875 0.447265625 0.6484375 0.4814453125 0.6921875 0.4814453125
2 0.5078125 0.4560546875 0.54765625 0.4560546875 0.5078125 0.5 0.54765625 0.5
2 0.48359375 0.4619140625 0.49765625 0.4619140625 0.48359375 0.4775390625 0.49765625 0.4775390625
2 0.478125 0.4619140625 0.484375 0.4619140625 0.478125 0.4775390625 0.484375 0.4775390625
2 0.47421875 0.4609375 0.48515625 0.4609375 0.47421875 0.470703125 0.48515625 0.470703125
2 0.44453125 0.4619140625 0.4546875 0.4619140625 0.44453125 0.4697265625 0.4546875 0.4697265625
7 0.48125 0.462890625 0.4890625 0.462890625 0.48125 0.484375 0.4890625 0.484375
13 0.59765625 0.4287109375 0.7265625 0.4287109375 0.59765625 0.484375 0.7265625 0.484375
7 0 0.470703125 0.01640625 0.470703125 0 0.5751953125 0.01640625 0.5751953125