9 0.5811111111111111 0.418125 0.5872222222222222 0.418125 0.5811111111111111 0.425625 0.5872222222222222 0.425625
7 0.6694444444444444 0.4475 0.6877777777777778 0.4475 0.6694444444444444 0.49875 0.6877777777777778 0.49875
7 0.655 0.446875 0.67 0.446875 0.655 0.498125 0.67 0.498125
2 0.8866666666666667 0.443125 0.9 0.443125 0.8866666666666667 0.455625 0.9 0.455625
2 0.7561111111111111 0.45125 0.7777777777777778 0.45125 0.7561111111111111 0.46 0.7777777777777778 0.46
2 0.7166666666666667 0.4525 0.7355555555555555 0.4525 0.7166666666666667 0.464375 0.7355555555555555 0.464375
2 0.79 0.449375 0.8061111111111111 0.449375 0.79 0.45875 0.8061111111111111 0.45875
2 0.4483333333333333 0.454375 0.4588888888888889 0.454375 0.4483333333333333 0.463125 0.4588888888888889 0.463125
2 0.4266666666666667 0.4575 0.45111111111111113 0.4575 0.4266666666666667 0.48 0.45111111111111113 0.48
2 0.41 0.4575 0.42777777777777776 0.4575 0.41 0.4775 0.42777777777777776 0.4775
2 0.40166666666666667 0.45875 0.4161111111111111 0.45875 0.40166666666666667 0.481875 0.4161111111111111 0.481875
2 0.38 0.45875 0.4127777777777778 0.45875 0.38 0.485625 0.4127777777777778 0.485625
2 0.3466666666666667 0.455625 0.38 0.455625 0.3466666666666667 0.491875 0.38 0.491875
2 0.3244444444444444 0.4625 0.3672222222222222 0.4625 0.3244444444444444 0.499375 0.3672222222222222 0.499375
2 0.23833333333333334 0.455 0.3161111111111111 0.455 0.23833333333333334 0.520625 0.3161111111111111 0.520625
2 0 0.43375 0.15555555555555556 0.43375 0 0.5975 0.15555555555555556 0.5975