4 0.5838888888888889 0.434375 0.5888888888888889 0.434375 0.5838888888888889 0.44875 0.5888888888888889 0.44875
4 0.5561111111111111 0.440625 0.5588888888888889 0.440625 0.5561111111111111 0.45 0.5588888888888889 0.45
4 0.48833333333333334 0.426875 0.49166666666666664 0.426875 0.48833333333333334 0.43625 0.49166666666666664 0.43625
4 0.5188888888888888 0.42875 0.5222222222222223 0.42875 0.5188888888888888 0.4375 0.5222222222222223 0.4375
4 0.45055555555555554 0.4275 0.45555555555555555 0.4275 0.45055555555555554 0.439375 0.45555555555555555 0.439375
9 0.7377777777777778 0.393125 0.83 0.393125 0.7377777777777778 0.434375 0.83 0.434375
9 0.6255555555555555 0.448125 0.6438888888888888 0.448125 0.6255555555555555 0.4625 0.6438888888888888 0.4625
9 0.6255555555555555 0.4625 0.6438888888888888 0.4625 0.6255555555555555 0.475 0.6438888888888888 0.475
9 0.5477777777777778 0.4525 0.5538888888888889 0.4525 0.5477777777777778 0.458125 0.5538888888888889 0.458125
9 0.535 0.4575 0.54 0.4575 0.535 0.463125 0.54 0.463125
9 0.5 0.46 0.5061111111111111 0.46 0.5 0.466875 0.5061111111111111 0.466875
9 0.3516666666666667 0.46 0.3605555555555556 0.46 0.3516666666666667 0.470625 0.3605555555555556 0.470625
9 0.3527777777777778 0.471875 0.35888888888888887 0.471875 0.3527777777777778 0.479375 0.35888888888888887 0.479375
9 0.14944444444444444 0.42625 0.15833333333333333 0.42625 0.14944444444444444 0.449375 0.15833333333333333 0.449375
9 0.29055555555555557 0.450625 0.2966666666666667 0.450625 0.29055555555555557 0.463125 0.2966666666666667 0.463125
2 0.5611111111111111 0.46875 0.6083333333333333 0.46875 0.5611111111111111 0.508125 0.6083333333333333 0.508125
2 0.4872222222222222 0.47 0.5194444444444445 0.47 0.4872222222222222 0.501875 0.5194444444444445 0.501875
2 0.5244444444444445 0.46875 0.5405555555555556 0.46875 0.5244444444444445 0.48375 0.5405555555555556 0.48375
2 0.5383333333333333 0.465 0.5561111111111111 0.465 0.5383333333333333 0.476875 0.5561111111111111 0.476875
2 0.5222222222222223 0.465625 0.5366666666666666 0.465625 0.5222222222222223 0.478125 0.5366666666666666 0.478125
2 0.4488888888888889 0.464375 0.47333333333333333 0.464375 0.4488888888888889 0.476875 0.47333333333333333 0.476875
2 0.43166666666666664 0.4625 0.4438888888888889 0.4625 0.43166666666666664 0.475625 0.4438888888888889 0.475625
2 0.41388888888888886 0.463125 0.42777777777777776 0.463125 0.41388888888888886 0.47625 0.42777777777777776 0.47625
2 0.22055555555555556 0.474375 0.24222222222222223 0.474375 0.22055555555555556 0.498125 0.24222222222222223 0.498125