9 0.8671875 0.27734375 0.98671875 0.27734375 0.8671875 0.45703125 0.98671875 0.45703125
2 0.72890625 0.4248046875 0.85234375 0.4248046875 0.72890625 0.474609375 0.85234375 0.474609375
2 0.05 0.5068359375 0.13203125 0.5068359375 0.05 0.544921875 0.13203125 0.544921875
2 0.13671875 0.4912109375 0.19140625 0.4912109375 0.13671875 0.5263671875 0.19140625 0.5263671875
2 0.2875 0.484375 0.3234375 0.484375 0.2875 0.5224609375 0.3234375 0.5224609375
2 0.3359375 0.4638671875 0.34765625 0.4638671875 0.3359375 0.474609375 0.34765625 0.474609375
2 0.4234375 0.4638671875 0.44140625 0.4638671875 0.4234375 0.482421875 0.44140625 0.482421875
2 0.50390625 0.4677734375 0.52578125 0.4677734375 0.50390625 0.484375 0.52578125 0.484375
2 0.496875 0.45703125 0.51328125 0.45703125 0.496875 0.4736328125 0.51328125 0.4736328125
2 0.48359375 0.4599609375 0.49375 0.4599609375 0.48359375 0.4697265625 0.49375 0.4697265625
2 0.47109375 0.458984375 0.484375 0.458984375 0.47109375 0.4677734375 0.484375 0.4677734375