1 0.4583333333333333 0.3603515625 0.4934640522875817 0.3603515625 0.4583333333333333 0.4248046875 0.4934640522875817 0.4248046875
4 0.5008169934640523 0.3759765625 0.5073529411764706 0.3759765625 0.5008169934640523 0.400390625 0.5073529411764706 0.400390625
4 0.4068627450980392 0.3671875 0.41421568627450983 0.3671875 0.4068627450980392 0.390625 0.41421568627450983 0.390625
9 0.16013071895424835 0.2880859375 0.18055555555555555 0.2880859375 0.16013071895424835 0.30859375 0.18055555555555555 0.30859375
9 0.2875816993464052 0.31640625 0.3022875816993464 0.31640625 0.2875816993464052 0.333984375 0.3022875816993464 0.333984375
7 0.29330065359477125 0.38671875 0.30637254901960786 0.38671875 0.29330065359477125 0.4375 0.30637254901960786 0.4375
7 0.24918300653594772 0.3896484375 0.2704248366013072 0.3896484375 0.24918300653594772 0.453125 0.2704248366013072 0.453125
7 0.27124183006535946 0.3857421875 0.28921568627450983 0.3857421875 0.27124183006535946 0.4365234375 0.28921568627450983 0.4365234375
7 0.06944444444444445 0.3720703125 0.09395424836601307 0.3720703125 0.06944444444444445 0.4560546875 0.09395424836601307 0.4560546875
7 0.18627450980392157 0.3955078125 0.20588235294117646 0.3955078125 0.18627450980392157 0.4404296875 0.20588235294117646 0.4404296875
7 0.9722222222222222 0.435546875 0.9828431372549019 0.435546875 0.9722222222222222 0.447265625 0.9828431372549019 0.447265625
7 0.2107843137254902 0.3896484375 0.2295751633986928 0.3896484375 0.2107843137254902 0.4521484375 0.2295751633986928 0.4521484375
2 0.9093137254901961 0.447265625 0.9991830065359477 0.447265625 0.9093137254901961 0.572265625 0.9991830065359477 0.572265625
2 0.8668300653594772 0.4287109375 0.9509803921568627 0.4287109375 0.8668300653594772 0.505859375 0.9509803921568627 0.505859375
2 0.48856209150326796 0.4091796875 0.5334967320261438 0.4091796875 0.48856209150326796 0.455078125 0.5334967320261438 0.455078125
2 0.3382352941176471 0.38671875 0.4354575163398693 0.38671875 0.3382352941176471 0.4873046875 0.4354575163398693 0.4873046875
2 0.4223856209150327 0.4033203125 0.4485294117647059 0.4033203125 0.4223856209150327 0.42578125 0.4485294117647059 0.42578125
2 0.7663398692810458 0.431640625 0.8700980392156863 0.431640625 0.7663398692810458 0.5078125 0.8700980392156863 0.5078125
2 0.7050653594771242 0.4267578125 0.7663398692810458 0.4267578125 0.7050653594771242 0.4814453125 0.7663398692810458 0.4814453125
2 0.6764705882352942 0.4208984375 0.7214052287581699 0.4208984375 0.6764705882352942 0.46484375 0.7214052287581699 0.46484375
2 0.6593137254901961 0.4150390625 0.6968954248366013 0.4150390625 0.6593137254901961 0.4599609375 0.6968954248366013 0.4599609375