1 0.5911111111111111 0.393125 0.7755555555555556 0.393125 0.5911111111111111 0.48125 0.7755555555555556 0.48125
4 0.16944444444444445 0.360625 0.18222222222222223 0.360625 0.16944444444444445 0.393125 0.18222222222222223 0.393125
4 0.1922222222222222 0.36625 0.205 0.36625 0.1922222222222222 0.4 0.205 0.4
4 0.22 0.368125 0.23055555555555557 0.368125 0.22 0.395 0.23055555555555557 0.395
4 0.6916666666666667 0.335 0.7061111111111111 0.335 0.6916666666666667 0.381875 0.7061111111111111 0.381875
4 0.7261111111111112 0.335 0.7433333333333333 0.335 0.7261111111111112 0.380625 0.7433333333333333 0.380625
4 0.5805555555555556 0.39125 0.5866666666666667 0.39125 0.5805555555555556 0.409375 0.5866666666666667 0.409375
4 0.5855555555555556 0.390625 0.5916666666666667 0.390625 0.5855555555555556 0.41 0.5916666666666667 0.41
4 0.5122222222222222 0.4125 0.5177777777777778 0.4125 0.5122222222222222 0.425625 0.5177777777777778 0.425625
9 0.11333333333333333 0.3975 0.12055555555555555 0.3975 0.11333333333333333 0.415 0.12055555555555555 0.415
9 0.13777777777777778 0.384375 0.16722222222222222 0.384375 0.13777777777777778 0.394375 0.16722222222222222 0.394375
9 0.15555555555555556 0.4 0.18777777777777777 0.4 0.15555555555555556 0.41375 0.18777777777777777 0.41375
9 0.20055555555555554 0.401875 0.21777777777777776 0.401875 0.20055555555555554 0.418125 0.21777777777777776 0.418125
9 0.19777777777777777 0.418125 0.21833333333333332 0.418125 0.19777777777777777 0.426875 0.21833333333333332 0.426875
9 0.5461111111111111 0.41875 0.5511111111111111 0.41875 0.5461111111111111 0.4275 0.5511111111111111 0.4275
9 0.49833333333333335 0.430625 0.5105555555555555 0.430625 0.49833333333333335 0.439375 0.5105555555555555 0.439375
7 0.16555555555555557 0.435625 0.18388888888888888 0.435625 0.16555555555555557 0.495625 0.18388888888888888 0.495625
7 0.19333333333333333 0.4375 0.21833333333333332 0.4375 0.19333333333333333 0.503125 0.21833333333333332 0.503125
7 0.195 0.436875 0.21555555555555556 0.436875 0.195 0.501875 0.21555555555555556 0.501875
7 0.8705555555555555 0.37125 0.965 0.37125 0.8705555555555555 0.62125 0.965 0.62125
7 0.7783333333333333 0.419375 0.8033333333333333 0.419375 0.7783333333333333 0.503125 0.8033333333333333 0.503125
7 0.7577777777777778 0.414375 0.7844444444444445 0.414375 0.7577777777777778 0.503125 0.7844444444444445 0.503125
0 0.5683333333333334 0.450625 0.5811111111111111 0.450625 0.5683333333333334 0.479375 0.5811111111111111 0.479375
2 0 0.446875 0.05388888888888889 0.446875 0 0.484375 0.05388888888888889 0.484375
2 0.9116666666666666 0.469375 0.9994444444444445 0.469375 0.9116666666666666 0.66875 0.9994444444444445 0.66875
2 0.46944444444444444 0.439375 0.5533333333333333 0.439375 0.46944444444444444 0.5075 0.5533333333333333 0.5075
2 0.46166666666666667 0.450625 0.4722222222222222 0.450625 0.46166666666666667 0.46 0.4722222222222222 0.46
2 0.37555555555555553 0.439375 0.41833333333333333 0.439375 0.37555555555555553 0.476875 0.41833333333333333 0.476875
7 0.5688888888888889 0.43375 0.5816666666666667 0.43375 0.5688888888888889 0.47375 0.5816666666666667 0.47375
3 0.051111111111111114 0.45875 0.06222222222222222 0.45875 0.051111111111111114 0.4925 0.06222222222222222 0.4925