9 0.4297385620915033 0.42578125 0.4550653594771242 0.42578125 0.4297385620915033 0.4619140625 0.4550653594771242 0.4619140625
9 0.434640522875817 0.4638671875 0.4493464052287582 0.4638671875 0.434640522875817 0.4755859375 0.4493464052287582 0.4755859375
9 0.5808823529411765 0.244140625 0.6062091503267973 0.244140625 0.5808823529411765 0.26171875 0.6062091503267973 0.26171875
9 0.5686274509803921 0.259765625 0.6544117647058824 0.259765625 0.5686274509803921 0.298828125 0.6544117647058824 0.298828125
9 0.5702614379084967 0.29296875 0.6535947712418301 0.29296875 0.5702614379084967 0.330078125 0.6535947712418301 0.330078125
9 0.5702614379084967 0.3271484375 0.6544117647058824 0.3271484375 0.5702614379084967 0.3623046875 0.6544117647058824 0.3623046875
9 0.5702614379084967 0.359375 0.6560457516339869 0.359375 0.5702614379084967 0.3798828125 0.6560457516339869 0.3798828125
9 0.571078431372549 0.3779296875 0.6544117647058824 0.3779296875 0.571078431372549 0.40625 0.6544117647058824 0.40625
9 0.6527777777777778 0.423828125 0.6625816993464052 0.423828125 0.6527777777777778 0.4404296875 0.6625816993464052 0.4404296875
9 0.6985294117647058 0.375 0.7132352941176471 0.375 0.6985294117647058 0.4013671875 0.7132352941176471 0.4013671875
9 0.7900326797385621 0.4013671875 0.803921568627451 0.4013671875 0.7900326797385621 0.4208984375 0.803921568627451 0.4208984375
9 0.9893790849673203 0.380859375 0.9991830065359477 0.380859375 0.9893790849673203 0.4130859375 0.9991830065359477 0.4130859375
9 0.5702614379084967 0.4365234375 0.5915032679738562 0.4365234375 0.5702614379084967 0.44921875 0.5915032679738562 0.44921875
9 0.5694444444444444 0.4208984375 0.5915032679738562 0.4208984375 0.5694444444444444 0.4365234375 0.5915032679738562 0.4365234375
9 0.5694444444444444 0.4072265625 0.5923202614379085 0.4072265625 0.5694444444444444 0.419921875 0.5923202614379085 0.419921875
2 0.6111111111111112 0.4541015625 0.7802287581699346 0.4541015625 0.6111111111111112 0.625 0.7802287581699346 0.625