1 0.8946078431372549 0.431640625 0.940359477124183 0.431640625 0.8946078431372549 0.4462890625 0.940359477124183 0.4462890625
4 0.6119281045751634 0.4072265625 0.6143790849673203 0.4072265625 0.6119281045751634 0.4150390625 0.6143790849673203 0.4150390625
4 0.6748366013071896 0.400390625 0.6781045751633987 0.400390625 0.6748366013071896 0.41015625 0.6781045751633987 0.41015625
9 0.4714052287581699 0.4365234375 0.48366013071895425 0.4365234375 0.4714052287581699 0.451171875 0.48366013071895425 0.451171875
9 0.6895424836601307 0.447265625 0.7026143790849673 0.447265625 0.6895424836601307 0.4619140625 0.7026143790849673 0.4619140625
9 0.6887254901960784 0.431640625 0.701797385620915 0.431640625 0.6887254901960784 0.447265625 0.701797385620915 0.447265625
9 0.6879084967320261 0.416015625 0.7009803921568627 0.416015625 0.6879084967320261 0.431640625 0.7009803921568627 0.431640625
9 0.6944444444444444 0.3916015625 0.7230392156862745 0.3916015625 0.6944444444444444 0.42578125 0.7230392156862745 0.42578125
9 0.7009803921568627 0.42578125 0.7173202614379085 0.42578125 0.7009803921568627 0.4443359375 0.7173202614379085 0.4443359375
9 0.7712418300653595 0.3974609375 0.7843137254901961 0.3974609375 0.7712418300653595 0.4130859375 0.7843137254901961 0.4130859375
9 0.3937908496732026 0.4404296875 0.40032679738562094 0.4404296875 0.3937908496732026 0.4501953125 0.40032679738562094 0.4501953125
9 0.7034313725490197 0.4697265625 0.7491830065359477 0.4697265625 0.7034313725490197 0.533203125 0.7491830065359477 0.533203125
5 0.6805555555555556 0.427734375 0.6887254901960784 0.427734375 0.6805555555555556 0.4423828125 0.6887254901960784 0.4423828125
2 0.3366013071895425 0.462890625 0.3815359477124183 0.462890625 0.3366013071895425 0.484375 0.3815359477124183 0.484375
2 0.2246732026143791 0.4853515625 0.4207516339869281 0.4853515625 0.2246732026143791 0.62890625 0.4207516339869281 0.62890625
2 0.4199346405228758 0.455078125 0.44362745098039214 0.455078125 0.4199346405228758 0.4794921875 0.44362745098039214 0.4794921875
2 0.5490196078431373 0.4765625 0.5702614379084967 0.4765625 0.5490196078431373 0.4990234375 0.5702614379084967 0.4990234375
2 0.5669934640522876 0.46875 0.5743464052287581 0.46875 0.5669934640522876 0.4765625 0.5743464052287581 0.4765625
2 0.5490196078431373 0.46875 0.6740196078431373 0.46875 0.5490196078431373 0.5947265625 0.6740196078431373 0.5947265625
2 0.6568627450980392 0.4208984375 0.673202614379085 0.4208984375 0.6568627450980392 0.43359375 0.673202614379085 0.43359375
2 0.6527777777777778 0.4208984375 0.6609477124183006 0.4208984375 0.6527777777777778 0.4326171875 0.6609477124183006 0.4326171875
2 0.5408496732026143 0.4580078125 0.5473856209150327 0.4580078125 0.5408496732026143 0.46484375 0.5473856209150327 0.46484375
7 0.6805555555555556 0.4228515625 0.6870915032679739 0.4228515625 0.6805555555555556 0.4375 0.6870915032679739 0.4375