4 0.21484375 0.419921875 0.22109375 0.419921875 0.21484375 0.4306640625 0.22109375 0.4306640625
4 0.30234375 0.3193359375 0.31328125 0.3193359375 0.30234375 0.3505859375 0.31328125 0.3505859375
4 0.03359375 0.43359375 0.04140625 0.43359375 0.03359375 0.45703125 0.04140625 0.45703125
4 0.01796875 0.435546875 0.02421875 0.435546875 0.01796875 0.458984375 0.02421875 0.458984375
4 0.6015625 0.392578125 0.60625 0.392578125 0.6015625 0.4013671875 0.60625 0.4013671875
4 0.534375 0.4013671875 0.53984375 0.4013671875 0.534375 0.408203125 0.53984375 0.408203125
4 0.534375 0.4150390625 0.53828125 0.4150390625 0.534375 0.421875 0.53828125 0.421875
4 0.44375 0.3583984375 0.4515625 0.3583984375 0.44375 0.376953125 0.4515625 0.376953125
4 0.39296875 0.3583984375 0.39921875 0.3583984375 0.39296875 0.375 0.39921875 0.375
4 0.4328125 0.3916015625 0.43671875 0.3916015625 0.4328125 0.396484375 0.43671875 0.396484375
4 0.2140625 0.4443359375 0.21953125 0.4443359375 0.2140625 0.451171875 0.21953125 0.451171875
9 0.1125 0.3916015625 0.14453125 0.3916015625 0.1125 0.404296875 0.14453125 0.404296875
9 0.2890625 0.3251953125 0.30078125 0.3251953125 0.2890625 0.3408203125 0.30078125 0.3408203125
9 0.82265625 0.34375 0.85390625 0.34375 0.82265625 0.4013671875 0.85390625 0.4013671875
9 0.5015625 0.4189453125 0.50625 0.4189453125 0.5015625 0.42578125 0.50625 0.42578125
9 0.5 0.412109375 0.50625 0.412109375 0.5 0.4189453125 0.50625 0.4189453125
9 0.48046875 0.3798828125 0.5015625 0.3798828125 0.48046875 0.388671875 0.5015625 0.388671875
9 0.39453125 0.439453125 0.4 0.439453125 0.39453125 0.4501953125 0.4 0.4501953125
9 0.33359375 0.4189453125 0.33828125 0.4189453125 0.33359375 0.4267578125 0.33828125 0.4267578125
2 0.4453125 0.41796875 0.45546875 0.41796875 0.4453125 0.4296875 0.45546875 0.4296875
2 0.4015625 0.419921875 0.4125 0.419921875 0.4015625 0.4326171875 0.4125 0.4326171875