9 0.08611111111111111 0.425 0.11388888888888889 0.425 0.08611111111111111 0.459375 0.11388888888888889 0.459375
9 0.16333333333333333 0.459375 0.1711111111111111 0.459375 0.16333333333333333 0.471875 0.1711111111111111 0.471875
9 0.16111111111111112 0.445625 0.16944444444444445 0.445625 0.16111111111111112 0.459375 0.16944444444444445 0.459375
9 0.5316666666666666 0.37375 0.5611111111111111 0.37375 0.5316666666666666 0.414375 0.5611111111111111 0.414375
0 0.2038888888888889 0.493125 0.21611111111111111 0.493125 0.2038888888888889 0.515 0.21611111111111111 0.515
2 0.30722222222222223 0.415625 0.47833333333333333 0.415625 0.30722222222222223 0.604375 0.47833333333333333 0.604375
2 0.2861111111111111 0.475 0.315 0.475 0.2861111111111111 0.511875 0.315 0.511875
2 0.22111111111111112 0.4775 0.26722222222222225 0.4775 0.22111111111111112 0.52125 0.26722222222222225 0.52125
2 0.25666666666666665 0.47375 0.28 0.47375 0.25666666666666665 0.51 0.28 0.51
2 0.27166666666666667 0.4775 0.2866666666666667 0.4775 0.27166666666666667 0.506875 0.2866666666666667 0.506875
2 0.07833333333333334 0.490625 0.10222222222222223 0.490625 0.07833333333333334 0.51375 0.10222222222222223 0.51375
2 0.06388888888888888 0.495625 0.07944444444444444 0.495625 0.06388888888888888 0.5125 0.07944444444444444 0.5125
2 0.10555555555555556 0.490625 0.12666666666666668 0.490625 0.10555555555555556 0.5125 0.12666666666666668 0.5125
2 0.044444444444444446 0.499375 0.051111111111111114 0.499375 0.044444444444444446 0.506875 0.051111111111111114 0.506875
2 0.03777777777777778 0.499375 0.04611111111111111 0.499375 0.03777777777777778 0.50875 0.04611111111111111 0.50875
2 0.03333333333333333 0.500625 0.03888888888888889 0.500625 0.03333333333333333 0.50875 0.03888888888888889 0.50875
7 0.20333333333333334 0.481875 0.21666666666666667 0.481875 0.20333333333333334 0.513125 0.21666666666666667 0.513125