9 0.9640625 0.4716796875 0.9984375 0.4716796875 0.9640625 0.552734375 0.9984375 0.552734375
9 0.696875 0.4853515625 0.7375 0.4853515625 0.696875 0.5400390625 0.7375 0.5400390625
9 0.4640625 0.50390625 0.50078125 0.50390625 0.4640625 0.5576171875 0.50078125 0.5576171875
9 0.25390625 0.5146484375 0.28203125 0.5146484375 0.25390625 0.5556640625 0.28203125 0.5556640625
2 0.85703125 0.501953125 0.978125 0.501953125 0.85703125 0.5673828125 0.978125 0.5673828125
2 0.015625 0.515625 0.125 0.515625 0.015625 0.5703125 0.125 0.5703125
2 0.12421875 0.5283203125 0.17265625 0.5283203125 0.12421875 0.560546875 0.17265625 0.560546875
2 0.22265625 0.51171875 0.25859375 0.51171875 0.22265625 0.5546875 0.25859375 0.5546875
2 0.17421875 0.525390625 0.21875 0.525390625 0.17421875 0.5615234375 0.21875 0.5615234375
2 0.28046875 0.5234375 0.31796875 0.5234375 0.28046875 0.5498046875 0.31796875 0.5498046875
2 0.30703125 0.5146484375 0.371875 0.5146484375 0.30703125 0.548828125 0.371875 0.548828125
2 0.55625 0.51171875 0.6390625 0.51171875 0.55625 0.57421875 0.6390625 0.57421875
2 0.4984375 0.5087890625 0.55 0.5087890625 0.4984375 0.5517578125 0.55 0.5517578125
2 0.4328125 0.515625 0.46484375 0.515625 0.4328125 0.5478515625 0.46484375 0.5478515625
2 0.74296875 0.5068359375 0.8140625 0.5068359375 0.74296875 0.5517578125 0.8140625 0.5517578125
2 0.8 0.494140625 0.85390625 0.494140625 0.8 0.5419921875 0.85390625 0.5419921875