9 0.2477777777777778 0.38625 0.26611111111111113 0.38625 0.2477777777777778 0.405 0.26611111111111113 0.405
9 0.37222222222222223 0.41375 0.4022222222222222 0.41375 0.37222222222222223 0.43125 0.4022222222222222 0.43125
7 0.71 0.424375 0.7261111111111112 0.424375 0.71 0.475625 0.7261111111111112 0.475625
7 0.6883333333333334 0.433125 0.7038888888888889 0.433125 0.6883333333333334 0.4775 0.7038888888888889 0.4775
7 0.5516666666666666 0.4325 0.5733333333333334 0.4325 0.5516666666666666 0.479375 0.5733333333333334 0.479375
7 0.31722222222222224 0.436875 0.335 0.436875 0.31722222222222224 0.485625 0.335 0.485625
7 0.34 0.43875 0.35388888888888886 0.43875 0.34 0.468125 0.35388888888888886 0.468125
0 0.8116666666666666 0.451875 0.8672222222222222 0.451875 0.8116666666666666 0.504375 0.8672222222222222 0.504375
2 0.1272222222222222 0.4325 0.16 0.4325 0.1272222222222222 0.491875 0.16 0.491875
2 0.1438888888888889 0.40875 0.25166666666666665 0.40875 0.1438888888888889 0.51125 0.25166666666666665 0.51125
2 0.24944444444444444 0.439375 0.2683333333333333 0.439375 0.24944444444444444 0.47125 0.2683333333333333 0.47125
2 0.3522222222222222 0.4425 0.37833333333333335 0.4425 0.3522222222222222 0.47625 0.37833333333333335 0.47625