4 0.265 0.413125 0.27166666666666667 0.413125 0.265 0.43125 0.27166666666666667 0.43125
4 0.4816666666666667 0.365625 0.4872222222222222 0.365625 0.4816666666666667 0.381875 0.4872222222222222 0.381875
4 0.55 0.405 0.5561111111111111 0.405 0.55 0.4225 0.5561111111111111 0.4225
4 0.5511111111111111 0.42875 0.5566666666666666 0.42875 0.5511111111111111 0.435 0.5566666666666666 0.435
2 0.07444444444444444 0.449375 0.16777777777777778 0.449375 0.07444444444444444 0.516875 0.16777777777777778 0.516875
2 0.16555555555555557 0.46125 0.21833333333333332 0.46125 0.16555555555555557 0.501875 0.21833333333333332 0.501875
2 0.2588888888888889 0.443125 0.30277777777777776 0.443125 0.2588888888888889 0.490625 0.30277777777777776 0.490625
2 0.31222222222222223 0.454375 0.3377777777777778 0.454375 0.31222222222222223 0.474375 0.3377777777777778 0.474375
2 0.41 0.41 0.5427777777777778 0.41 0.41 0.55375 0.5427777777777778 0.55375
2 0.5711111111111111 0.448125 0.6411111111111111 0.448125 0.5711111111111111 0.5025 0.6411111111111111 0.5025
2 0.6155555555555555 0.4325 0.6488888888888888 0.4325 0.6155555555555555 0.46875 0.6488888888888888 0.46875
2 0.5511111111111111 0.4525 0.5783333333333334 0.4525 0.5511111111111111 0.481875 0.5783333333333334 0.481875