9 0.190359477124183 0.4658203125 0.20588235294117646 0.4658203125 0.190359477124183 0.4951171875 0.20588235294117646 0.4951171875
9 0.28594771241830064 0.498046875 0.2965686274509804 0.498046875 0.28594771241830064 0.50390625 0.2965686274509804 0.50390625
9 0.28594771241830064 0.5048828125 0.2965686274509804 0.5048828125 0.28594771241830064 0.513671875 0.2965686274509804 0.513671875
9 0.28431372549019607 0.4814453125 0.29820261437908496 0.4814453125 0.28431372549019607 0.498046875 0.29820261437908496 0.498046875
9 0.33986928104575165 0.498046875 0.3488562091503268 0.498046875 0.33986928104575165 0.5146484375 0.3488562091503268 0.5146484375
9 0.9011437908496732 0.4638671875 0.9493464052287581 0.4638671875 0.9011437908496732 0.484375 0.9493464052287581 0.484375
9 0.9011437908496732 0.4130859375 0.946078431372549 0.4130859375 0.9011437908496732 0.462890625 0.946078431372549 0.462890625
9 0.9019607843137255 0.369140625 0.9444444444444444 0.369140625 0.9019607843137255 0.4140625 0.9444444444444444 0.4140625
9 0.9019607843137255 0.326171875 0.9444444444444444 0.326171875 0.9019607843137255 0.37109375 0.9444444444444444 0.37109375
7 0.9673202614379085 0.52734375 0.9991830065359477 0.52734375 0.9673202614379085 0.6435546875 0.9991830065359477 0.6435546875
7 0.8194444444444444 0.5234375 0.8390522875816994 0.5234375 0.8194444444444444 0.59375 0.8390522875816994 0.59375
7 0.7949346405228758 0.5263671875 0.8145424836601307 0.5263671875 0.7949346405228758 0.599609375 0.8145424836601307 0.599609375
7 0.058823529411764705 0.5224609375 0.07761437908496732 0.5224609375 0.058823529411764705 0.5859375 0.07761437908496732 0.5859375
5 0.47549019607843135 0.548828125 0.5024509803921569 0.548828125 0.47549019607843135 0.609375 0.5024509803921569 0.609375
2 0.09477124183006536 0.54296875 0.23284313725490197 0.54296875 0.09477124183006536 0.62890625 0.23284313725490197 0.62890625
2 0.315359477124183 0.53515625 0.3660130718954248 0.53515625 0.315359477124183 0.5771484375 0.3660130718954248 0.5771484375
2 0.39215686274509803 0.537109375 0.4362745098039216 0.537109375 0.39215686274509803 0.5751953125 0.4362745098039216 0.5751953125
2 0.4624183006535948 0.5341796875 0.5106209150326797 0.5341796875 0.4624183006535948 0.583984375 0.5106209150326797 0.583984375
2 0.440359477124183 0.521484375 0.4583333333333333 0.521484375 0.440359477124183 0.5380859375 0.4583333333333333 0.5380859375
2 0.5269607843137255 0.5146484375 0.5433006535947712 0.5146484375 0.5269607843137255 0.533203125 0.5433006535947712 0.533203125
2 0.46568627450980393 0.5146484375 0.4869281045751634 0.5146484375 0.46568627450980393 0.5302734375 0.4869281045751634 0.5302734375
2 0.48937908496732024 0.5078125 0.5032679738562091 0.5078125 0.48937908496732024 0.51953125 0.5032679738562091 0.51953125
2 0.5040849673202614 0.5087890625 0.5130718954248366 0.5087890625 0.5040849673202614 0.5185546875 0.5130718954248366 0.5185546875
7 0.477124183006536 0.5302734375 0.5024509803921569 0.5302734375 0.477124183006536 0.5966796875 0.5024509803921569 0.5966796875