4 0.9869281045751634 0.4091796875 0.9991830065359477 0.4091796875 0.9869281045751634 0.431640625 0.9991830065359477 0.431640625
4 0.9714052287581699 0.41015625 0.9812091503267973 0.41015625 0.9714052287581699 0.431640625 0.9812091503267973 0.431640625
4 0.03431372549019608 0.365234375 0.056372549019607844 0.365234375 0.03431372549019608 0.416015625 0.056372549019607844 0.416015625
9 0.9591503267973857 0.3828125 0.9926470588235294 0.3828125 0.9591503267973857 0.4091796875 0.9926470588235294 0.4091796875
9 0.9583333333333334 0.3505859375 0.9926470588235294 0.3505859375 0.9583333333333334 0.3798828125 0.9926470588235294 0.3798828125
9 0.9583333333333334 0.326171875 0.9910130718954249 0.326171875 0.9583333333333334 0.3505859375 0.9910130718954249 0.3505859375
9 0.2949346405228758 0.2041015625 0.35294117647058826 0.2041015625 0.2949346405228758 0.2978515625 0.35294117647058826 0.2978515625
9 0.2973856209150327 0.3505859375 0.3562091503267974 0.3505859375 0.2973856209150327 0.390625 0.3562091503267974 0.390625
9 0.2973856209150327 0.3154296875 0.3553921568627451 0.3154296875 0.2973856209150327 0.3544921875 0.3553921568627451 0.3544921875
9 0.2957516339869281 0.2939453125 0.35375816993464054 0.2939453125 0.2957516339869281 0.3193359375 0.35375816993464054 0.3193359375
9 0.30718954248366015 0.4921875 0.3619281045751634 0.4921875 0.30718954248366015 0.55859375 0.3619281045751634 0.55859375
9 0.8194444444444444 0.412109375 0.8398692810457516 0.412109375 0.8194444444444444 0.4375 0.8398692810457516 0.4375
7 0.798202614379085 0.4599609375 0.8088235294117647 0.4599609375 0.798202614379085 0.494140625 0.8088235294117647 0.494140625
7 0.7524509803921569 0.4599609375 0.7622549019607843 0.4599609375 0.7524509803921569 0.4765625 0.7622549019607843 0.4765625
7 0.1388888888888889 0.3037109375 0.16094771241830066 0.3037109375 0.1388888888888889 0.369140625 0.16094771241830066 0.369140625
2 0.8602941176470589 0.46875 0.9991830065359477 0.46875 0.8602941176470589 0.8173828125 0.9991830065359477 0.8173828125
2 0.6805555555555556 0.47265625 0.798202614379085 0.47265625 0.6805555555555556 0.578125 0.798202614379085 0.578125
2 0.6552287581699346 0.4580078125 0.670751633986928 0.4580078125 0.6552287581699346 0.4765625 0.670751633986928 0.4765625
2 0.5138888888888888 0.453125 0.6936274509803921 0.453125 0.5138888888888888 0.658203125 0.6936274509803921 0.658203125