7 0.775 0.38125 0.8738888888888889 0.38125 0.775 0.6425 0.8738888888888889 0.6425
13 0.5872222222222222 0.406875 0.675 0.406875 0.5872222222222222 0.505625 0.675 0.505625
13 0.5583333333333333 0.406875 0.6033333333333334 0.406875 0.5583333333333333 0.490625 0.6033333333333334 0.490625
13 0.27666666666666667 0.391875 0.4066666666666667 0.391875 0.27666666666666667 0.538125 0.4066666666666667 0.538125
2 0 0.398125 0.06888888888888889 0.398125 0 0.7075 0.06888888888888889 0.7075
2 0.03833333333333333 0.41 0.2683333333333333 0.41 0.03833333333333333 0.626875 0.2683333333333333 0.626875
2 0.25055555555555553 0.456875 0.335 0.456875 0.25055555555555553 0.568125 0.335 0.568125
2 0.46111111111111114 0.46 0.5027777777777778 0.46 0.46111111111111114 0.485625 0.5027777777777778 0.485625
2 0.5111111111111111 0.45625 0.5555555555555556 0.45625 0.5111111111111111 0.495625 0.5555555555555556 0.495625
2 0.6461111111111111 0.39625 0.8755555555555555 0.39625 0.6461111111111111 0.608125 0.8755555555555555 0.608125
2 0.8561111111111112 0.413125 0.9877777777777778 0.413125 0.8561111111111112 0.550625 0.9877777777777778 0.550625
2 0.9077777777777778 0.429375 0.9994444444444445 0.429375 0.9077777777777778 0.61875 0.9994444444444445 0.61875
2 0.4 0.451875 0.43666666666666665 0.451875 0.4 0.4975 0.43666666666666665 0.4975
2 0.4311111111111111 0.460625 0.4483333333333333 0.460625 0.4311111111111111 0.488125 0.4483333333333333 0.488125
2 0.43166666666666664 0.446875 0.46055555555555555 0.446875 0.43166666666666664 0.48875 0.46055555555555555 0.48875