7 0.4477124183006536 0.3974609375 0.4599673202614379 0.3974609375 0.4477124183006536 0.4384765625 0.4599673202614379 0.4384765625
7 0.4395424836601307 0.3984375 0.45098039215686275 0.3984375 0.4395424836601307 0.439453125 0.45098039215686275 0.439453125
5 0.46977124183006536 0.4091796875 0.477124183006536 0.4091796875 0.46977124183006536 0.421875 0.477124183006536 0.421875
2 0.18709150326797386 0.4033203125 0.34395424836601307 0.4033203125 0.18709150326797386 0.5244140625 0.34395424836601307 0.5244140625
2 0.2957516339869281 0.40234375 0.3758169934640523 0.40234375 0.2957516339869281 0.4970703125 0.3758169934640523 0.4970703125
2 0.34395424836601307 0.3466796875 0.4272875816993464 0.3466796875 0.34395424836601307 0.4580078125 0.4272875816993464 0.4580078125
2 0.4256535947712418 0.416015625 0.4354575163398693 0.416015625 0.4256535947712418 0.4501953125 0.4354575163398693 0.4501953125
2 0.7761437908496732 0.4365234375 0.9991830065359477 0.4365234375 0.7761437908496732 0.671875 0.9991830065359477 0.671875
2 0.6013071895424836 0.419921875 0.690359477124183 0.419921875 0.6013071895424836 0.4990234375 0.690359477124183 0.4990234375
2 0.5890522875816994 0.4111328125 0.6593137254901961 0.4111328125 0.5890522875816994 0.474609375 0.6593137254901961 0.474609375
2 0.5498366013071896 0.4130859375 0.5866013071895425 0.4130859375 0.5498366013071896 0.447265625 0.5866013071895425 0.447265625
2 0.5383986928104575 0.4033203125 0.5629084967320261 0.4033203125 0.5383986928104575 0.4326171875 0.5629084967320261 0.4326171875
2 0.5294117647058824 0.4033203125 0.5441176470588235 0.4033203125 0.5294117647058824 0.4287109375 0.5441176470588235 0.4287109375
2 0.494281045751634 0.4013671875 0.5122549019607843 0.4013671875 0.494281045751634 0.4228515625 0.5122549019607843 0.4228515625
2 0.4264705882352941 0.400390625 0.45098039215686275 0.400390625 0.4264705882352941 0.431640625 0.45098039215686275 0.431640625
7 0.46977124183006536 0.404296875 0.477124183006536 0.404296875 0.46977124183006536 0.4208984375 0.477124183006536 0.4208984375