9 0.09055555555555556 0.42875 0.09444444444444444 0.42875 0.09055555555555556 0.43875 0.09444444444444444 0.43875
9 0.12555555555555556 0.420625 0.13333333333333333 0.420625 0.12555555555555556 0.44 0.13333333333333333 0.44
9 0.1622222222222222 0.435 0.16555555555555557 0.435 0.1622222222222222 0.44125 0.16555555555555557 0.44125
9 0.2561111111111111 0.43125 0.26222222222222225 0.43125 0.2561111111111111 0.44125 0.26222222222222225 0.44125
7 0.8216666666666667 0.4425 0.9044444444444445 0.4425 0.8216666666666667 0.55125 0.9044444444444445 0.55125
7 0.675 0.4325 0.705 0.4325 0.675 0.5075 0.705 0.5075
7 0.28444444444444444 0.44375 0.29055555555555557 0.44375 0.28444444444444444 0.465 0.29055555555555557 0.465
2 0 0.415 0.11166666666666666 0.415 0 0.551875 0.11166666666666666 0.551875
2 0.09444444444444444 0.45375 0.185 0.45375 0.09444444444444444 0.5125 0.185 0.5125
2 0.18333333333333332 0.4525 0.2683333333333333 0.4525 0.18333333333333332 0.50375 0.2683333333333333 0.50375
2 0.07 0.446875 0.10777777777777778 0.446875 0.07 0.466875 0.10777777777777778 0.466875
2 0.14444444444444443 0.445625 0.1827777777777778 0.445625 0.14444444444444443 0.465625 0.1827777777777778 0.465625
2 0.44666666666666666 0.45875 0.5105555555555555 0.45875 0.44666666666666666 0.509375 0.5105555555555555 0.509375