4 0 0.306875 0.016666666666666666 0.306875 0 0.364375 0.016666666666666666 0.364375
4 0.016666666666666666 0.31125 0.03 0.31125 0.016666666666666666 0.36875 0.03 0.36875
4 0.5055555555555555 0.4075 0.5083333333333333 0.4075 0.5055555555555555 0.41125 0.5083333333333333 0.41125
4 0.5333333333333333 0.42125 0.5361111111111111 0.42125 0.5333333333333333 0.424375 0.5361111111111111 0.424375
4 0.5411111111111111 0.4175 0.5438888888888889 0.4175 0.5411111111111111 0.420625 0.5438888888888889 0.420625
4 0.4083333333333333 0.423125 0.4111111111111111 0.423125 0.4083333333333333 0.425625 0.4111111111111111 0.425625
4 0.8627777777777778 0.304375 0.8883333333333333 0.304375 0.8627777777777778 0.365 0.8883333333333333 0.365
4 0.635 0.1575 0.6616666666666666 0.1575 0.635 0.220625 0.6616666666666666 0.220625
4 0.4861111111111111 0.169375 0.5127777777777778 0.169375 0.4861111111111111 0.23 0.5127777777777778 0.23
9 0 0.370625 0.02666666666666667 0.370625 0 0.38625 0.02666666666666667 0.38625
9 0.8494444444444444 0.363125 0.8833333333333333 0.363125 0.8494444444444444 0.37875 0.8833333333333333 0.37875
2 0.9394444444444444 0.456875 0.9994444444444445 0.456875 0.9394444444444444 0.55625 0.9994444444444445 0.55625
2 0.6322222222222222 0.426875 0.79 0.426875 0.6322222222222222 0.54 0.79 0.54
2 0.6338888888888888 0.4175 0.7027777777777777 0.4175 0.6338888888888888 0.468125 0.7027777777777777 0.468125
2 0.5266666666666666 0.433125 0.5455555555555556 0.433125 0.5266666666666666 0.451875 0.5455555555555556 0.451875
2 0.5211111111111111 0.434375 0.5305555555555556 0.434375 0.5211111111111111 0.449375 0.5305555555555556 0.449375
2 0.5166666666666667 0.438125 0.5222222222222223 0.438125 0.5166666666666667 0.45 0.5222222222222223 0.45
2 0.49666666666666665 0.43375 0.5116666666666667 0.43375 0.49666666666666665 0.45 0.5116666666666667 0.45
2 0.49277777777777776 0.435 0.49777777777777776 0.435 0.49277777777777776 0.449375 0.49777777777777776 0.449375
2 0.44555555555555554 0.438125 0.4711111111111111 0.438125 0.44555555555555554 0.449375 0.4711111111111111 0.449375
2 0.4161111111111111 0.43625 0.45 0.43625 0.4161111111111111 0.471875 0.45 0.471875
2 0.3433333333333333 0.42625 0.42444444444444446 0.42625 0.3433333333333333 0.50125 0.42444444444444446 0.50125
2 0.33944444444444444 0.4375 0.35555555555555557 0.4375 0.33944444444444444 0.46625 0.35555555555555557 0.46625
2 0.3161111111111111 0.44125 0.3422222222222222 0.44125 0.3161111111111111 0.489375 0.3422222222222222 0.489375
2 0.23666666666666666 0.430625 0.3238888888888889 0.430625 0.23666666666666666 0.50375 0.3238888888888889 0.50375
2 0.1938888888888889 0.433125 0.25 0.433125 0.1938888888888889 0.494375 0.25 0.494375
2 0.08166666666666667 0.425625 0.19944444444444445 0.425625 0.08166666666666667 0.514375 0.19944444444444445 0.514375