4 0.1527777777777778 0.265625 0.16944444444444445 0.265625 0.1527777777777778 0.3075 0.16944444444444445 0.3075
4 0.008888888888888889 0.295625 0.022222222222222223 0.295625 0.008888888888888889 0.335 0.022222222222222223 0.335
4 0.01 0.370625 0.015555555555555555 0.370625 0.01 0.3875 0.015555555555555555 0.3875
4 0.07666666666666666 0.42375 0.08166666666666667 0.42375 0.07666666666666666 0.439375 0.08166666666666667 0.439375
4 0.15666666666666668 0.4225 0.16111111111111112 0.4225 0.15666666666666668 0.43875 0.16111111111111112 0.43875
4 0.35 0.3525 0.3561111111111111 0.3525 0.35 0.371875 0.3561111111111111 0.371875
4 0.4483333333333333 0.3575 0.455 0.3575 0.4483333333333333 0.37625 0.455 0.37625
4 0.56 0.39875 0.5661111111111111 0.39875 0.56 0.418125 0.5661111111111111 0.418125
4 0.5622222222222222 0.425 0.5672222222222222 0.425 0.5622222222222222 0.431875 0.5672222222222222 0.431875
4 0.6161111111111112 0.393125 0.6222222222222222 0.393125 0.6161111111111112 0.413125 0.6222222222222222 0.413125
4 0.6 0.393125 0.6066666666666667 0.393125 0.6 0.41375 0.6066666666666667 0.41375
4 0.6033333333333334 0.423125 0.6088888888888889 0.423125 0.6033333333333334 0.430625 0.6088888888888889 0.430625
4 0.6583333333333333 0.328125 0.6722222222222223 0.328125 0.6583333333333333 0.37125 0.6722222222222223 0.37125
4 0.6733333333333333 0.3925 0.6833333333333333 0.3925 0.6733333333333333 0.410625 0.6833333333333333 0.410625
4 0.6511111111111111 0.296875 0.6583333333333333 0.296875 0.6511111111111111 0.321875 0.6583333333333333 0.321875
4 0.6788888888888889 0.288125 0.6866666666666666 0.288125 0.6788888888888889 0.314375 0.6866666666666666 0.314375
4 0.7588888888888888 0.324375 0.7694444444444445 0.324375 0.7588888888888888 0.38125 0.7694444444444445 0.38125
4 0.7672222222222222 0.399375 0.7766666666666666 0.399375 0.7672222222222222 0.41375 0.7766666666666666 0.41375
9 0.03611111111111111 0.4075 0.052222222222222225 0.4075 0.03611111111111111 0.415 0.052222222222222225 0.415
9 0.36 0.350625 0.37277777777777776 0.350625 0.36 0.366875 0.37277777777777776 0.366875
9 0.4872222222222222 0.38375 0.5138888888888888 0.38375 0.4872222222222222 0.3925 0.5138888888888888 0.3925
9 0.5416666666666666 0.41625 0.5527777777777778 0.41625 0.5416666666666666 0.43375 0.5527777777777778 0.43375
9 0.73 0.325625 0.7538888888888889 0.325625 0.73 0.345625 0.7538888888888889 0.345625
7 0.59 0.43875 0.6016666666666667 0.43875 0.59 0.47125 0.6016666666666667 0.47125
7 0.6161111111111112 0.434375 0.645 0.434375 0.6161111111111112 0.49625 0.645 0.49625
7 0.6572222222222223 0.418125 0.6811111111111111 0.418125 0.6572222222222223 0.49875 0.6811111111111111 0.49875
7 0.8138888888888889 0.40875 0.8372222222222222 0.40875 0.8138888888888889 0.471875 0.8372222222222222 0.471875
7 0.8644444444444445 0.411875 0.8938888888888888 0.411875 0.8644444444444445 0.47375 0.8938888888888888 0.47375
2 0.135 0.444375 0.16166666666666665 0.444375 0.135 0.503125 0.16166666666666665 0.503125
2 0 0.444375 0.13333333333333333 0.444375 0 0.54625 0.13333333333333333 0.54625
2 0.15388888888888888 0.4275 0.26944444444444443 0.4275 0.15388888888888888 0.515625 0.26944444444444443 0.515625
2 0.255 0.448125 0.31 0.448125 0.255 0.499375 0.31 0.499375
2 0.295 0.4475 0.31666666666666665 0.4475 0.295 0.47625 0.31666666666666665 0.47625
2 0.31333333333333335 0.445 0.39222222222222225 0.445 0.31333333333333335 0.480625 0.39222222222222225 0.480625
2 0.43333333333333335 0.41375 0.5438888888888889 0.41375 0.43333333333333335 0.52125 0.5438888888888889 0.52125
3 0.8372222222222222 0.45 0.8472222222222222 0.45 0.8372222222222222 0.470625 0.8472222222222222 0.470625