0 0.55712890625 0.5234375 0.56689453125 0.5234375 0.55712890625 0.5442708333333334 0.56689453125 0.5442708333333334
2 0.904296875 0.517578125 0.96923828125 0.517578125 0.904296875 0.62109375 0.96923828125 0.62109375
2 0.583984375 0.521484375 0.6142578125 0.521484375 0.583984375 0.5540364583333334 0.6142578125 0.5540364583333334
2 0.666015625 0.5299479166666666 0.73876953125 0.5299479166666666 0.666015625 0.6295572916666666 0.73876953125 0.6295572916666666
2 0.69482421875 0.533203125 0.89111328125 0.533203125 0.69482421875 0.7311197916666666 0.89111328125 0.7311197916666666
2 0.02978515625 0.5598958333333334 0.10595703125 0.5598958333333334 0.02978515625 0.7434895833333334 0.10595703125 0.7434895833333334
2 0.1357421875 0.53515625 0.29833984375 0.53515625 0.1357421875 0.68359375 0.29833984375 0.68359375
2 0.26953125 0.5299479166666666 0.3544921875 0.5299479166666666 0.26953125 0.63671875 0.3544921875 0.63671875
2 0.3291015625 0.529296875 0.3818359375 0.529296875 0.3291015625 0.6145833333333334 0.3818359375 0.6145833333333334
2 0.34716796875 0.51171875 0.42919921875 0.51171875 0.34716796875 0.6002604166666666 0.42919921875 0.6002604166666666
2 0.42138671875 0.5247395833333334 0.453125 0.5247395833333334 0.42138671875 0.5826822916666666 0.453125 0.5826822916666666
2 0.4384765625 0.5201822916666666 0.4658203125 0.5201822916666666 0.4384765625 0.5768229166666666 0.4658203125 0.5768229166666666
2 0.45751953125 0.5130208333333334 0.4931640625 0.5130208333333334 0.45751953125 0.5670572916666666 0.4931640625 0.5670572916666666
2 0.48876953125 0.5169270833333334 0.51416015625 0.5169270833333334 0.48876953125 0.5572916666666666 0.51416015625 0.5572916666666666
2 0.51171875 0.51953125 0.5283203125 0.51953125 0.51171875 0.5533854166666666 0.5283203125 0.5533854166666666
2 0.525390625 0.5201822916666666 0.53759765625 0.5201822916666666 0.525390625 0.544921875 0.53759765625 0.544921875
2 0.53271484375 0.51953125 0.54443359375 0.51953125 0.53271484375 0.5416666666666666 0.54443359375 0.5416666666666666
2 0.53857421875 0.5162760416666666 0.5498046875 0.5162760416666666 0.53857421875 0.5364583333333334 0.5498046875 0.5364583333333334
7 0.5576171875 0.5104166666666666 0.56640625 0.5104166666666666 0.5576171875 0.5403645833333334 0.56640625 0.5403645833333334