9 0.33515625 0.423828125 0.353125 0.423828125 0.33515625 0.4326171875 0.353125 0.4326171875
7 0.09765625 0.494140625 0.1171875 0.494140625 0.09765625 0.578125 0.1171875 0.578125
7 0.1140625 0.486328125 0.14296875 0.486328125 0.1140625 0.5771484375 0.14296875 0.5771484375
7 0.59609375 0.46484375 0.6109375 0.46484375 0.59609375 0.5322265625 0.6109375 0.5322265625
7 0.61953125 0.4677734375 0.63125 0.4677734375 0.61953125 0.5302734375 0.63125 0.5302734375
7 0.465625 0.4521484375 0.4734375 0.4521484375 0.465625 0.4765625 0.4734375 0.4765625
0 0.134375 0.5185546875 0.14921875 0.5185546875 0.134375 0.5791015625 0.14921875 0.5791015625
2 0.4375 0.4501953125 0.46328125 0.4501953125 0.4375 0.4794921875 0.46328125 0.4794921875
2 0.23203125 0.474609375 0.26484375 0.474609375 0.23203125 0.51171875 0.26484375 0.51171875
2 0.109375 0.47265625 0.209375 0.47265625 0.109375 0.5341796875 0.209375 0.5341796875
2 0.07890625 0.46875 0.13125 0.46875 0.07890625 0.4892578125 0.13125 0.4892578125
2 0.08046875 0.4765625 0.1203125 0.4765625 0.08046875 0.5048828125 0.1203125 0.5048828125
2 0.9359375 0.5009765625 0.99921875 0.5009765625 0.9359375 0.5966796875 0.99921875 0.5966796875
7 0.49296875 0.447265625 0.4984375 0.447265625 0.49296875 0.4677734375 0.4984375 0.4677734375
3 0.17890625 0.52734375 0.1921875 0.52734375 0.17890625 0.5703125 0.1921875 0.5703125
3 0.34765625 0.470703125 0.35234375 0.470703125 0.34765625 0.484375 0.35234375 0.484375