1 0.09722222222222222 0.4912109375 0.35294117647058826 0.4912109375 0.09722222222222222 0.5908203125 0.35294117647058826 0.5908203125
4 0.43300653594771243 0.443359375 0.44281045751633985 0.443359375 0.43300653594771243 0.47265625 0.44281045751633985 0.47265625
4 0.4387254901960784 0.5146484375 0.4452614379084967 0.5146484375 0.4387254901960784 0.521484375 0.4452614379084967 0.521484375
4 0.738562091503268 0.46875 0.7483660130718954 0.46875 0.738562091503268 0.494140625 0.7483660130718954 0.494140625
4 0.7663398692810458 0.4833984375 0.7777777777777778 0.4833984375 0.7663398692810458 0.5087890625 0.7777777777777778 0.5087890625
4 0.9142156862745098 0.486328125 0.9240196078431373 0.486328125 0.9142156862745098 0.498046875 0.9240196078431373 0.498046875
4 0.3602941176470588 0.5 0.36356209150326796 0.5 0.3602941176470588 0.5068359375 0.36356209150326796 0.5068359375
9 0.5277777777777778 0.5029296875 0.5375816993464052 0.5029296875 0.5277777777777778 0.513671875 0.5375816993464052 0.513671875
9 0.5294117647058824 0.513671875 0.5367647058823529 0.513671875 0.5294117647058824 0.51953125 0.5367647058823529 0.51953125
9 0.7369281045751634 0.4912109375 0.7459150326797386 0.4912109375 0.7369281045751634 0.5009765625 0.7459150326797386 0.5009765625
9 0.738562091503268 0.501953125 0.7450980392156863 0.501953125 0.738562091503268 0.5126953125 0.7450980392156863 0.5126953125
9 0.7704248366013072 0.474609375 0.7892156862745098 0.474609375 0.7704248366013072 0.4814453125 0.7892156862745098 0.4814453125
9 0.7663398692810458 0.443359375 0.7908496732026143 0.443359375 0.7663398692810458 0.47265625 0.7908496732026143 0.47265625
5 0.11519607843137254 0.5537109375 0.16748366013071894 0.5537109375 0.11519607843137254 0.6025390625 0.16748366013071894 0.6025390625
5 0.4991830065359477 0.5380859375 0.5098039215686274 0.5380859375 0.4991830065359477 0.556640625 0.5098039215686274 0.556640625
5 0.48447712418300654 0.5390625 0.4950980392156863 0.5390625 0.48447712418300654 0.5576171875 0.4950980392156863 0.5576171875
5 0.47549019607843135 0.541015625 0.4861111111111111 0.541015625 0.47549019607843135 0.5576171875 0.4861111111111111 0.5576171875
5 0.45669934640522875 0.5380859375 0.4665032679738562 0.5380859375 0.45669934640522875 0.556640625 0.4665032679738562 0.556640625
2 0 0.544921875 0.04820261437908497 0.544921875 0 0.6025390625 0.04820261437908497 0.6025390625
2 0.07026143790849673 0.5390625 0.1568627450980392 0.5390625 0.07026143790849673 0.6005859375 0.1568627450980392 0.6005859375
2 0.3790849673202614 0.53515625 0.4477124183006536 0.53515625 0.3790849673202614 0.5732421875 0.4477124183006536 0.5732421875
2 0.5841503267973857 0.5302734375 0.6053921568627451 0.5302734375 0.5841503267973857 0.55078125 0.6053921568627451 0.55078125
2 0.6070261437908496 0.5283203125 0.6527777777777778 0.5283203125 0.6070261437908496 0.5556640625 0.6527777777777778 0.5556640625
2 0.7066993464052288 0.5185546875 0.7263071895424836 0.5185546875 0.7066993464052288 0.5439453125 0.7263071895424836 0.5439453125
2 0.863562091503268 0.5224609375 0.9991830065359477 0.5224609375 0.863562091503268 0.9990234375 0.9991830065359477 0.9990234375
7 0.12826797385620914 0.52734375 0.1568627450980392 0.52734375 0.12826797385620914 0.6015625 0.1568627450980392 0.6015625