9 0.5438888888888889 0.411875 0.5488888888888889 0.411875 0.5438888888888889 0.4175 0.5488888888888889 0.4175
9 0.5072222222222222 0.4175 0.51 0.4175 0.5072222222222222 0.419375 0.51 0.419375
9 0.5066666666666667 0.413125 0.5105555555555555 0.413125 0.5066666666666667 0.4175 0.5105555555555555 0.4175
2 0.7488888888888889 0.4325 0.8822222222222222 0.4325 0.7488888888888889 0.53 0.8822222222222222 0.53
2 0.6966666666666667 0.4 0.8038888888888889 0.4 0.6966666666666667 0.495625 0.8038888888888889 0.495625
2 0.6283333333333333 0.41125 0.7022222222222222 0.41125 0.6283333333333333 0.464375 0.7022222222222222 0.464375
2 0.4361111111111111 0.416875 0.4683333333333333 0.416875 0.4361111111111111 0.446875 0.4683333333333333 0.446875
2 0.4633333333333333 0.4225 0.47333333333333333 0.4225 0.4633333333333333 0.44125 0.47333333333333333 0.44125
2 0.4688888888888889 0.42 0.47888888888888886 0.42 0.4688888888888889 0.438125 0.47888888888888886 0.438125
2 0.5016666666666667 0.419375 0.5222222222222223 0.419375 0.5016666666666667 0.4325 0.5222222222222223 0.4325
2 0.4872222222222222 0.42 0.4961111111111111 0.42 0.4872222222222222 0.42875 0.4961111111111111 0.42875