4 0.27944444444444444 0.3825 0.29333333333333333 0.3825 0.27944444444444444 0.4 0.29333333333333333 0.4
4 0.5755555555555556 0.3675 0.5911111111111111 0.3675 0.5755555555555556 0.385625 0.5911111111111111 0.385625
9 0.5427777777777778 0.405625 0.5522222222222222 0.405625 0.5427777777777778 0.41875 0.5522222222222222 0.41875
9 0.5738888888888889 0.390625 0.5933333333333334 0.390625 0.5738888888888889 0.4175 0.5933333333333334 0.4175
9 0.6155555555555555 0.42125 0.6222222222222222 0.42125 0.6155555555555555 0.4325 0.6222222222222222 0.4325
9 0.6172222222222222 0.4325 0.6222222222222222 0.4325 0.6172222222222222 0.44 0.6222222222222222 0.44
9 0.8761111111111111 0.241875 0.9211111111111111 0.241875 0.8761111111111111 0.32125 0.9211111111111111 0.32125
7 0.8233333333333334 0.444375 0.8361111111111111 0.444375 0.8233333333333334 0.460625 0.8361111111111111 0.460625
2 0 0.455 0.16111111111111112 0.455 0 0.58875 0.16111111111111112 0.58875
2 0.10833333333333334 0.3975 0.2683333333333333 0.3975 0.10833333333333334 0.549375 0.2683333333333333 0.549375
2 0.37722222222222224 0.4525 0.4077777777777778 0.4525 0.37722222222222224 0.48 0.4077777777777778 0.48
2 0.4066666666666667 0.454375 0.4222222222222222 0.454375 0.4066666666666667 0.47375 0.4222222222222222 0.47375
2 0.4216666666666667 0.45 0.4483333333333333 0.45 0.4216666666666667 0.47625 0.4483333333333333 0.47625
2 0.4483333333333333 0.45125 0.45944444444444443 0.45125 0.4483333333333333 0.46125 0.45944444444444443 0.46125
2 0.4638888888888889 0.450625 0.4716666666666667 0.450625 0.4638888888888889 0.458125 0.4716666666666667 0.458125
2 0.8266666666666667 0.37 0.9994444444444445 0.37 0.8266666666666667 0.679375 0.9994444444444445 0.679375