1 0.3416666666666667 0.389375 0.5905555555555555 0.389375 0.3416666666666667 0.5 0.5905555555555555 0.5
4 0.042777777777777776 0.338125 0.058333333333333334 0.338125 0.042777777777777776 0.38375 0.058333333333333334 0.38375
4 0.1272222222222222 0.364375 0.1361111111111111 0.364375 0.1272222222222222 0.3975 0.1361111111111111 0.3975
4 0.15888888888888889 0.35875 0.17166666666666666 0.35875 0.15888888888888889 0.395 0.17166666666666666 0.395
4 0.76 0.294375 0.7788888888888889 0.294375 0.76 0.356875 0.7788888888888889 0.356875
4 0.8066666666666666 0.295625 0.8261111111111111 0.295625 0.8066666666666666 0.35625 0.8261111111111111 0.35625
4 0.6077777777777778 0.37875 0.6155555555555555 0.37875 0.6077777777777778 0.403125 0.6155555555555555 0.403125
4 0.6011111111111112 0.381875 0.6077777777777778 0.381875 0.6011111111111112 0.40375 0.6077777777777778 0.40375
9 0 0.373125 0.03777777777777778 0.373125 0 0.388125 0.03777777777777778 0.388125
9 0.13333333333333333 0.40125 0.15555555555555556 0.40125 0.13333333333333333 0.423125 0.15555555555555556 0.423125
9 0.13111111111111112 0.423125 0.15555555555555556 0.423125 0.13111111111111112 0.4325 0.15555555555555556 0.4325
9 0.7966666666666666 0.363125 0.8166666666666667 0.363125 0.7966666666666666 0.376875 0.8166666666666667 0.376875
9 0.7677777777777778 0.391875 0.7927777777777778 0.391875 0.7677777777777778 0.401875 0.7927777777777778 0.401875
9 0.6177777777777778 0.3975 0.6361111111111111 0.3975 0.6177777777777778 0.40375 0.6361111111111111 0.40375
7 0.059444444444444446 0.44375 0.08055555555555556 0.44375 0.059444444444444446 0.525 0.08055555555555556 0.525
7 0.04888888888888889 0.44375 0.07222222222222222 0.44375 0.04888888888888889 0.525625 0.07222222222222222 0.525625
7 0.8805555555555555 0.405 0.9044444444444445 0.405 0.8805555555555555 0.520625 0.9044444444444445 0.520625
7 0.8527777777777777 0.3975 0.8994444444444445 0.3975 0.8527777777777777 0.525 0.8994444444444445 0.525
0 0.5877777777777777 0.4525 0.6033333333333334 0.4525 0.5877777777777777 0.486875 0.6033333333333334 0.486875
2 0.45666666666666667 0.436875 0.5888888888888889 0.436875 0.45666666666666667 0.55 0.5888888888888889 0.55
7 0.5883333333333334 0.43 0.6033333333333334 0.43 0.5883333333333334 0.4825 0.6033333333333334 0.4825