4 0.35498046875 0.49609375 0.365234375 0.49609375 0.35498046875 0.5305989583333334 0.365234375 0.5305989583333334
4 0.3955078125 0.501953125 0.40625 0.501953125 0.3955078125 0.5403645833333334 0.40625 0.5403645833333334
4 0.64501953125 0.5026041666666666 0.6552734375 0.5026041666666666 0.64501953125 0.53515625 0.6552734375 0.53515625
4 0.46533203125 0.529296875 0.47412109375 0.529296875 0.46533203125 0.5579427083333334 0.47412109375 0.5579427083333334
9 0.8466796875 0.435546875 0.86181640625 0.435546875 0.8466796875 0.4654947916666667 0.86181640625 0.4654947916666667
7 0.86572265625 0.55078125 0.89013671875 0.55078125 0.86572265625 0.611328125 0.89013671875 0.611328125
7 0.93603515625 0.5494791666666666 0.96435546875 0.5494791666666666 0.93603515625 0.59765625 0.96435546875 0.59765625
7 0.9208984375 0.5397135416666666 0.93603515625 0.5397135416666666 0.9208984375 0.5970052083333334 0.93603515625 0.5970052083333334
7 0.6630859375 0.5677083333333334 0.67724609375 0.5677083333333334 0.6630859375 0.6295572916666666 0.67724609375 0.6295572916666666
7 0.82763671875 0.5598958333333334 0.8369140625 0.5598958333333334 0.82763671875 0.599609375 0.8369140625 0.599609375
0 0.611328125 0.5950520833333334 0.62109375 0.5950520833333334 0.611328125 0.6393229166666666 0.62109375 0.6393229166666666
2 0.396484375 0.572265625 0.46142578125 0.572265625 0.396484375 0.6373697916666666 0.46142578125 0.6373697916666666
2 0.45654296875 0.5709635416666666 0.57421875 0.5709635416666666 0.45654296875 0.7024739583333334 0.57421875 0.7024739583333334
2 0.52685546875 0.560546875 0.57666015625 0.560546875 0.52685546875 0.609375 0.57666015625 0.609375
7 0.6044921875 0.560546875 0.62548828125 0.560546875 0.6044921875 0.625 0.62548828125 0.625