4 0.5359375 0.4560546875 0.53984375 0.4560546875 0.5359375 0.4658203125 0.53984375 0.4658203125
4 0.62421875 0.43359375 0.628125 0.43359375 0.62421875 0.4423828125 0.628125 0.4423828125
4 0.65 0.4501953125 0.65390625 0.4501953125 0.65 0.4580078125 0.65390625 0.4580078125
9 0.4140625 0.431640625 0.43125 0.431640625 0.4140625 0.4541015625 0.43125 0.4541015625
9 0.4171875 0.458984375 0.428125 0.458984375 0.4171875 0.4658203125 0.428125 0.4658203125
9 0.725 0.421875 0.7421875 0.421875 0.725 0.4443359375 0.7421875 0.4443359375
9 0.7296875 0.447265625 0.740625 0.447265625 0.7296875 0.45703125 0.740625 0.45703125
2 0.265625 0.4931640625 0.3453125 0.4931640625 0.265625 0.564453125 0.3453125 0.564453125
2 0.33984375 0.4990234375 0.37265625 0.4990234375 0.33984375 0.55078125 0.37265625 0.55078125
2 0.62265625 0.466796875 0.63671875 0.466796875 0.62265625 0.478515625 0.63671875 0.478515625
2 0.65078125 0.470703125 0.6671875 0.470703125 0.65078125 0.486328125 0.6671875 0.486328125
2 0.77109375 0.4794921875 0.8390625 0.4794921875 0.77109375 0.5439453125 0.8390625 0.5439453125
2 0.80078125 0.4892578125 0.84375 0.4892578125 0.80078125 0.5556640625 0.84375 0.5556640625
2 0.825 0.4736328125 0.92890625 0.4736328125 0.825 0.572265625 0.92890625 0.572265625
2 0.8671875 0.4833984375 0.98671875 0.4833984375 0.8671875 0.5927734375 0.98671875 0.5927734375
2 0.975 0.5078125 0.99921875 0.5078125 0.975 0.6357421875 0.99921875 0.6357421875