4 0.40576171875 0.21028645833333334 0.42626953125 0.21028645833333334 0.40576171875 0.279296875 0.42626953125 0.279296875
4 0.6982421875 0.3509114583333333 0.720703125 0.3509114583333333 0.6982421875 0.4283854166666667 0.720703125 0.4283854166666667
4 0.70458984375 0.4557291666666667 0.71826171875 0.4557291666666667 0.70458984375 0.4791666666666667 0.71826171875 0.4791666666666667
4 0.8916015625 0.296875 0.92041015625 0.296875 0.8916015625 0.392578125 0.92041015625 0.392578125
9 0.45751953125 0.21158854166666666 0.4931640625 0.21158854166666666 0.45751953125 0.2604166666666667 0.4931640625 0.2604166666666667
9 0.6728515625 0.279296875 0.72314453125 0.279296875 0.6728515625 0.3111979166666667 0.72314453125 0.3111979166666667
9 0.68310546875 0.4303385416666667 0.7265625 0.4303385416666667 0.68310546875 0.4498697916666667 0.7265625 0.4498697916666667
9 0.93994140625 0.3919270833333333 0.96240234375 0.3919270833333333 0.93994140625 0.41796875 0.96240234375 0.41796875
7 0.88916015625 0.5 0.9287109375 0.5 0.88916015625 0.615234375 0.9287109375 0.615234375
7 0.86767578125 0.5006510416666666 0.88818359375 0.5006510416666666 0.86767578125 0.6158854166666666 0.88818359375 0.6158854166666666
7 0.8310546875 0.4928385416666667 0.86181640625 0.4928385416666667 0.8310546875 0.6204427083333334 0.86181640625 0.6204427083333334
2 0.0322265625 0.5598958333333334 0.15625 0.5598958333333334 0.0322265625 0.6510416666666666 0.15625 0.6510416666666666
2 0.21142578125 0.5533854166666666 0.29296875 0.5533854166666666 0.21142578125 0.6263020833333334 0.29296875 0.6263020833333334
2 0.359375 0.537109375 0.4267578125 0.537109375 0.359375 0.5989583333333334 0.4267578125 0.5989583333333334