9 0.7161111111111111 0.455 0.7216666666666667 0.455 0.7161111111111111 0.463125 0.7216666666666667 0.463125
9 0.7166666666666667 0.465 0.7205555555555555 0.465 0.7166666666666667 0.46875 0.7205555555555555 0.46875
2 0.3472222222222222 0.463125 0.42777777777777776 0.463125 0.3472222222222222 0.496875 0.42777777777777776 0.496875
2 0.44055555555555553 0.479375 0.49777777777777776 0.479375 0.44055555555555553 0.5275 0.49777777777777776 0.5275
2 0.48277777777777775 0.480625 0.5127777777777778 0.480625 0.48277777777777775 0.518125 0.5127777777777778 0.518125
2 0.5033333333333333 0.48 0.5405555555555556 0.48 0.5033333333333333 0.5125 0.5405555555555556 0.5125
2 0.5311111111111111 0.48 0.5494444444444444 0.48 0.5311111111111111 0.50875 0.5494444444444444 0.50875
2 0.5416666666666666 0.48125 0.5588888888888889 0.48125 0.5416666666666666 0.505625 0.5588888888888889 0.505625
2 0.5494444444444444 0.47875 0.5705555555555556 0.47875 0.5494444444444444 0.503125 0.5705555555555556 0.503125
2 0.5627777777777778 0.47875 0.5761111111111111 0.47875 0.5627777777777778 0.5 0.5761111111111111 0.5
2 0.56 0.475625 0.5794444444444444 0.475625 0.56 0.498125 0.5794444444444444 0.498125
2 0.5761111111111111 0.4775 0.5866666666666667 0.4775 0.5761111111111111 0.496875 0.5866666666666667 0.496875
2 0.5838888888888889 0.475625 0.6022222222222222 0.475625 0.5838888888888889 0.490625 0.6022222222222222 0.490625
2 0.5972222222222222 0.474375 0.6072222222222222 0.474375 0.5972222222222222 0.48875 0.6072222222222222 0.48875
2 0.6016666666666667 0.473125 0.6111111111111112 0.473125 0.6016666666666667 0.488125 0.6111111111111112 0.488125
2 0.6094444444444445 0.474375 0.6194444444444445 0.474375 0.6094444444444445 0.485 0.6194444444444445 0.485
2 0.6216666666666667 0.473125 0.6422222222222222 0.473125 0.6216666666666667 0.490625 0.6422222222222222 0.490625
2 0.6394444444444445 0.4725 0.6833333333333333 0.4725 0.6394444444444445 0.510625 0.6833333333333333 0.510625
2 0.685 0.471875 0.6988888888888889 0.471875 0.685 0.48625 0.6988888888888889 0.48625
2 0.6994444444444444 0.47 0.7244444444444444 0.47 0.6994444444444444 0.4975 0.7244444444444444 0.4975
2 0.695 0.469375 0.7061111111111111 0.469375 0.695 0.49375 0.7061111111111111 0.49375
2 0.715 0.4725 0.7544444444444445 0.4725 0.715 0.50875 0.7544444444444445 0.50875
2 0.7216666666666667 0.476875 0.7438888888888889 0.476875 0.7216666666666667 0.513125 0.7438888888888889 0.513125
2 0.7305555555555555 0.475 0.7538888888888889 0.475 0.7305555555555555 0.519375 0.7538888888888889 0.519375
2 0.7427777777777778 0.46625 0.8 0.46625 0.7427777777777778 0.525 0.8 0.525
2 0.755 0.47625 0.7938888888888889 0.47625 0.755 0.535 0.7938888888888889 0.535
2 0.7733333333333333 0.471875 0.8372222222222222 0.471875 0.7733333333333333 0.546875 0.8372222222222222 0.546875
2 0.8038888888888889 0.46875 0.9305555555555556 0.46875 0.8038888888888889 0.571875 0.9305555555555556 0.571875
2 0.8838888888888888 0.461875 0.9994444444444445 0.461875 0.8838888888888888 0.636875 0.9994444444444445 0.636875