4 0.34521484375 0.521484375 0.3583984375 0.521484375 0.34521484375 0.5397135416666666 0.3583984375 0.5397135416666666
4 0.34765625 0.5442708333333334 0.357421875 0.5442708333333334 0.34765625 0.5546875 0.357421875 0.5546875
4 0.439453125 0.5423177083333334 0.4501953125 0.5423177083333334 0.439453125 0.55859375 0.4501953125 0.55859375
4 0.61669921875 0.5130208333333334 0.6318359375 0.5130208333333334 0.61669921875 0.5364583333333334 0.6318359375 0.5364583333333334
4 0.58837890625 0.5403645833333334 0.6005859375 0.5403645833333334 0.58837890625 0.560546875 0.6005859375 0.560546875
9 0.24072265625 0.5162760416666666 0.25732421875 0.5162760416666666 0.24072265625 0.5397135416666666 0.25732421875 0.5397135416666666
7 0.9228515625 0.55859375 0.9423828125 0.55859375 0.9228515625 0.6438802083333334 0.9423828125 0.6438802083333334
7 0.94384765625 0.5455729166666666 0.96337890625 0.5455729166666666 0.94384765625 0.6458333333333334 0.96337890625 0.6458333333333334
7 0.142578125 0.5651041666666666 0.15625 0.5651041666666666 0.142578125 0.6106770833333334 0.15625 0.6106770833333334
7 0.16650390625 0.5546875 0.17578125 0.5546875 0.16650390625 0.5885416666666666 0.17578125 0.5885416666666666
7 0.3076171875 0.5618489583333334 0.318359375 0.5618489583333334 0.3076171875 0.6022135416666666 0.318359375 0.6022135416666666
7 0.7802734375 0.564453125 0.79638671875 0.564453125 0.7802734375 0.583984375 0.79638671875 0.583984375
2 0.5654296875 0.5670572916666666 0.5859375 0.5670572916666666 0.5654296875 0.5904947916666666 0.5859375 0.5904947916666666
2 0.53955078125 0.5677083333333334 0.56884765625 0.5677083333333334 0.53955078125 0.6126302083333334 0.56884765625 0.6126302083333334
2 0.4892578125 0.56640625 0.56298828125 0.56640625 0.4892578125 0.6516927083333334 0.56298828125 0.6516927083333334
2 0.130859375 0.5748697916666666 0.27392578125 0.5748697916666666 0.130859375 0.681640625 0.27392578125 0.681640625