4 0.43984375 0.416015625 0.44296875 0.416015625 0.43984375 0.4248046875 0.44296875 0.4248046875
4 0.41171875 0.4130859375 0.4140625 0.4130859375 0.41171875 0.419921875 0.4140625 0.419921875
4 0.3828125 0.4091796875 0.3875 0.4091796875 0.3828125 0.419921875 0.3875 0.419921875
9 0.525 0.4375 0.5484375 0.4375 0.525 0.4560546875 0.5484375 0.4560546875
9 0.50078125 0.4365234375 0.51484375 0.4365234375 0.50078125 0.44921875 0.51484375 0.44921875
9 0.52109375 0.4423828125 0.525 0.4423828125 0.52109375 0.455078125 0.525 0.455078125
4 0.48671875 0.435546875 0.490625 0.435546875 0.48671875 0.44140625 0.490625 0.44140625
9 0.46875 0.4423828125 0.47265625 0.4423828125 0.46875 0.4462890625 0.47265625 0.4462890625
9 0.4703125 0.4462890625 0.471875 0.4462890625 0.4703125 0.4501953125 0.471875 0.4501953125
9 0.4578125 0.42578125 0.46953125 0.42578125 0.4578125 0.4306640625 0.46953125 0.4306640625
9 0.37734375 0.4111328125 0.3828125 0.4111328125 0.37734375 0.416015625 0.3828125 0.416015625
9 0.33203125 0.4755859375 0.34140625 0.4755859375 0.33203125 0.4873046875 0.34140625 0.4873046875
9 0.3015625 0.4375 0.315625 0.4375 0.3015625 0.443359375 0.315625 0.443359375
9 0.41171875 0.45703125 0.415625 0.45703125 0.41171875 0.462890625 0.415625 0.462890625
7 0.59765625 0.4365234375 0.6109375 0.4365234375 0.59765625 0.4794921875 0.6109375 0.4794921875
2 0.1875 0.4873046875 0.23671875 0.4873046875 0.1875 0.5205078125 0.23671875 0.5205078125
2 0.3375 0.4697265625 0.35390625 0.4697265625 0.3375 0.4873046875 0.35390625 0.4873046875
2 0.375 0.4580078125 0.38828125 0.4580078125 0.375 0.470703125 0.38828125 0.470703125
2 0.440625 0.435546875 0.4515625 0.435546875 0.440625 0.443359375 0.4515625 0.443359375
2 0.42421875 0.4560546875 0.43515625 0.4560546875 0.42421875 0.46875 0.43515625 0.46875
2 0.396875 0.43359375 0.40390625 0.43359375 0.396875 0.44140625 0.40390625 0.44140625
2 0.3828125 0.435546875 0.3890625 0.435546875 0.3828125 0.44140625 0.3890625 0.44140625
4 0.48671875 0.443359375 0.48984375 0.443359375 0.48671875 0.4482421875 0.48984375 0.4482421875
4 0.31484375 0.4580078125 0.31875 0.4580078125 0.31484375 0.462890625 0.31875 0.462890625
4 0.31484375 0.4462890625 0.31875 0.4462890625 0.31484375 0.4521484375 0.31875 0.4521484375