4 0.19055555555555556 0.38 0.19833333333333333 0.38 0.19055555555555556 0.4025 0.19833333333333333 0.4025
4 0.26 0.369375 0.26944444444444443 0.369375 0.26 0.390625 0.26944444444444443 0.390625
4 0.35777777777777775 0.41 0.365 0.41 0.35777777777777775 0.428125 0.365 0.428125
4 0.39555555555555555 0.408125 0.4027777777777778 0.408125 0.39555555555555555 0.42625 0.4027777777777778 0.42625
4 0.4716666666666667 0.390625 0.48 0.390625 0.4716666666666667 0.41125 0.48 0.41125
4 0.5672222222222222 0.436875 0.5716666666666667 0.436875 0.5672222222222222 0.449375 0.5716666666666667 0.449375
4 0.6116666666666667 0.414375 0.6177777777777778 0.414375 0.6116666666666667 0.433125 0.6177777777777778 0.433125
4 0.4172222222222222 0.458125 0.41944444444444445 0.458125 0.4172222222222222 0.463125 0.41944444444444445 0.463125
4 0.425 0.4575 0.4272222222222222 0.4575 0.425 0.463125 0.4272222222222222 0.463125
4 0.44166666666666665 0.456875 0.44333333333333336 0.456875 0.44166666666666665 0.46125 0.44333333333333336 0.46125
9 0.37444444444444447 0.409375 0.3844444444444444 0.409375 0.37444444444444447 0.42125 0.3844444444444444 0.42125
9 0.5016666666666667 0.45 0.51 0.45 0.5016666666666667 0.466875 0.51 0.466875
9 0.5344444444444445 0.4425 0.545 0.4425 0.5344444444444445 0.456875 0.545 0.456875
9 0.5422222222222223 0.4475 0.5511111111111111 0.4475 0.5422222222222223 0.46125 0.5511111111111111 0.46125
9 0.73 0.391875 0.755 0.391875 0.73 0.425625 0.755 0.425625
9 0.6638888888888889 0.405625 0.6761111111111111 0.405625 0.6638888888888889 0.425625 0.6761111111111111 0.425625
9 0.665 0.425 0.6755555555555556 0.425 0.665 0.434375 0.6755555555555556 0.434375
9 0.07388888888888889 0.46875 0.08833333333333333 0.46875 0.07388888888888889 0.48125 0.08833333333333333 0.48125
2 0.3655555555555556 0.475 0.3811111111111111 0.475 0.3655555555555556 0.491875 0.3811111111111111 0.491875
2 0.32166666666666666 0.48 0.3433333333333333 0.48 0.32166666666666666 0.499375 0.3433333333333333 0.499375
2 0.4033333333333333 0.46625 0.44666666666666666 0.46625 0.4033333333333333 0.50875 0.44666666666666666 0.50875
2 0.4683333333333333 0.465 0.555 0.465 0.4683333333333333 0.54125 0.555 0.54125
2 0.08833333333333333 0.413125 0.3233333333333333 0.413125 0.08833333333333333 0.593125 0.3233333333333333 0.593125