4 0.2127777777777778 0.455 0.21777777777777776 0.455 0.2127777777777778 0.466875 0.21777777777777776 0.466875
4 0.1988888888888889 0.4425 0.205 0.4425 0.1988888888888889 0.468125 0.205 0.468125
4 0.17666666666666667 0.450625 0.18222222222222223 0.450625 0.17666666666666667 0.4675 0.18222222222222223 0.4675
4 0.009444444444444445 0.3625 0.021111111111111112 0.3625 0.009444444444444445 0.400625 0.021111111111111112 0.400625
4 0.3227777777777778 0.3925 0.33111111111111113 0.3925 0.3227777777777778 0.413125 0.33111111111111113 0.413125
9 0.15722222222222224 0.455 0.17666666666666667 0.455 0.15722222222222224 0.479375 0.17666666666666667 0.479375
9 0 0.365 0.007222222222222222 0.365 0 0.385625 0.007222222222222222 0.385625
7 0.9277777777777778 0.448125 0.9427777777777778 0.448125 0.9277777777777778 0.475 0.9427777777777778 0.475
7 0.6283333333333333 0.450625 0.6433333333333333 0.450625 0.6283333333333333 0.476875 0.6433333333333333 0.476875
0 0.55 0.471875 0.5766666666666667 0.471875 0.55 0.51875 0.5766666666666667 0.51875
2 0 0.488125 0.05555555555555555 0.488125 0 0.52125 0.05555555555555555 0.52125
2 0.34944444444444445 0.4525 0.435 0.4525 0.34944444444444445 0.526875 0.435 0.526875
2 0.2738888888888889 0.485 0.3338888888888889 0.485 0.2738888888888889 0.509375 0.3338888888888889 0.509375
2 0.26555555555555554 0.481875 0.3038888888888889 0.481875 0.26555555555555554 0.505 0.3038888888888889 0.505
2 0.2088888888888889 0.481875 0.2677777777777778 0.481875 0.2088888888888889 0.5175 0.2677777777777778 0.5175
2 0.1 0.48375 0.13444444444444445 0.48375 0.1 0.509375 0.13444444444444445 0.509375
2 0.051111111111111114 0.475625 0.1 0.475625 0.051111111111111114 0.498125 0.1 0.498125
2 0.10444444444444445 0.4775 0.14944444444444444 0.4775 0.10444444444444445 0.494375 0.14944444444444444 0.494375
2 0.02388888888888889 0.47875 0.04888888888888889 0.47875 0.02388888888888889 0.49125 0.04888888888888889 0.49125
2 0.04777777777777778 0.488125 0.06333333333333334 0.488125 0.04777777777777778 0.506875 0.06333333333333334 0.506875
2 0.07944444444444444 0.4725 0.10833333333333334 0.4725 0.07944444444444444 0.48375 0.10833333333333334 0.48375
2 0.8172222222222222 0.45 0.9072222222222223 0.45 0.8172222222222222 0.475625 0.9072222222222223 0.475625
2 0.9072222222222223 0.4525 0.9477777777777778 0.4525 0.9072222222222223 0.4775 0.9477777777777778 0.4775
2 0.9355555555555556 0.449375 0.9994444444444445 0.449375 0.9355555555555556 0.479375 0.9994444444444445 0.479375
2 0.5733333333333334 0.453125 0.6205555555555555 0.453125 0.5733333333333334 0.469375 0.6205555555555555 0.469375
7 0.5466666666666666 0.44375 0.5772222222222222 0.44375 0.5466666666666666 0.51375 0.5772222222222222 0.51375