9 0.7833333333333333 0.29625 0.8377777777777777 0.29625 0.7833333333333333 0.31875 0.8377777777777777 0.31875
9 0.7911111111111111 0.319375 0.8377777777777777 0.319375 0.7911111111111111 0.373125 0.8377777777777777 0.373125
9 0.7838888888888889 0.47625 0.8394444444444444 0.47625 0.7838888888888889 0.495 0.8394444444444444 0.495
9 0.8894444444444445 0.385625 0.9305555555555556 0.385625 0.8894444444444445 0.404375 0.9305555555555556 0.404375
9 0.11833333333333333 0.40875 0.145 0.40875 0.11833333333333333 0.4175 0.145 0.4175
9 0.11666666666666667 0.42 0.14444444444444443 0.42 0.11666666666666667 0.429375 0.14444444444444443 0.429375
9 0.2811111111111111 0.37875 0.2922222222222222 0.37875 0.2811111111111111 0.38875 0.2922222222222222 0.38875
9 0.2811111111111111 0.39125 0.29055555555555557 0.39125 0.2811111111111111 0.414375 0.29055555555555557 0.414375
9 0.305 0.415625 0.3111111111111111 0.415625 0.305 0.429375 0.3111111111111111 0.429375
7 0.285 0.44375 0.29777777777777775 0.44375 0.285 0.47125 0.29777777777777775 0.47125
7 0.6761111111111111 0.42625 0.6966666666666667 0.42625 0.6761111111111111 0.465625 0.6966666666666667 0.465625
7 0.6994444444444444 0.423125 0.72 0.423125 0.6994444444444444 0.495625 0.72 0.495625
7 0.715 0.420625 0.7372222222222222 0.420625 0.715 0.5 0.7372222222222222 0.5
7 0.7544444444444445 0.416875 0.7727777777777778 0.416875 0.7544444444444445 0.496875 0.7727777777777778 0.496875
7 0.7488888888888889 0.431875 0.7688888888888888 0.431875 0.7488888888888889 0.500625 0.7688888888888888 0.500625
7 0.07055555555555555 0.44375 0.08388888888888889 0.44375 0.07055555555555555 0.504375 0.08388888888888889 0.504375
7 0.08 0.440625 0.09222222222222222 0.440625 0.08 0.503125 0.09222222222222222 0.503125
7 0.05 0.470625 0.06722222222222222 0.470625 0.05 0.500625 0.06722222222222222 0.500625
7 0.115 0.455625 0.14222222222222222 0.455625 0.115 0.55 0.14222222222222222 0.55
7 0.09111111111111111 0.454375 0.1238888888888889 0.454375 0.09111111111111111 0.55625 0.1238888888888889 0.55625
2 0.43944444444444447 0.444375 0.4533333333333333 0.444375 0.43944444444444447 0.455625 0.4533333333333333 0.455625
2 0.8288888888888889 0.429375 0.925 0.429375 0.8288888888888889 0.490625 0.925 0.490625
2 0.8594444444444445 0.415625 0.9994444444444445 0.415625 0.8594444444444445 0.498125 0.9994444444444445 0.498125
2 0.24222222222222223 0.44625 0.4483333333333333 0.44625 0.24222222222222223 0.554375 0.4483333333333333 0.554375
2 0.42333333333333334 0.44375 0.5094444444444445 0.44375 0.42333333333333334 0.56125 0.5094444444444445 0.56125
2 0.42277777777777775 0.42125 0.7394444444444445 0.42125 0.42277777777777775 0.695 0.7394444444444445 0.695
2 0 0.47125 0.08888888888888889 0.47125 0 0.61125 0.08888888888888889 0.61125
1 0.35888888888888887 0.410625 0.4072222222222222 0.410625 0.35888888888888887 0.446875 0.4072222222222222 0.446875