9 0.22890625 0.4443359375 0.2375 0.4443359375 0.22890625 0.4599609375 0.2375 0.4599609375
9 0.3640625 0.451171875 0.3703125 0.451171875 0.3640625 0.4599609375 0.3703125 0.4599609375
9 0.61484375 0.46484375 0.62265625 0.46484375 0.61484375 0.478515625 0.62265625 0.478515625
9 0.5421875 0.451171875 0.5484375 0.451171875 0.5421875 0.4619140625 0.5484375 0.4619140625
9 0.47734375 0.443359375 0.48359375 0.443359375 0.47734375 0.4541015625 0.48359375 0.4541015625
2 0.4375 0.4609375 0.44921875 0.4609375 0.4375 0.4765625 0.44921875 0.4765625
2 0.446875 0.4609375 0.4609375 0.4609375 0.446875 0.4775390625 0.4609375 0.4775390625
2 0.45625 0.4599609375 0.475 0.4599609375 0.45625 0.4814453125 0.475 0.4814453125
2 0.4578125 0.4619140625 0.48359375 0.4619140625 0.4578125 0.4873046875 0.48359375 0.4873046875
2 0.475 0.46875 0.5046875 0.46875 0.475 0.5068359375 0.5046875 0.5068359375
2 0.48125 0.4716796875 0.50859375 0.4716796875 0.48125 0.513671875 0.50859375 0.513671875
2 0.40625 0.4658203125 0.42890625 0.4658203125 0.40625 0.4892578125 0.42890625 0.4892578125
2 0.496875 0.46875 0.54609375 0.46875 0.496875 0.5234375 0.54609375 0.5234375
2 0.4984375 0.4765625 0.559375 0.4765625 0.4984375 0.53515625 0.559375 0.53515625
2 0 0.541015625 0.1171875 0.541015625 0 0.7578125 0.1171875 0.7578125
3 0.14609375 0.525390625 0.15859375 0.525390625 0.14609375 0.5576171875 0.15859375 0.5576171875