9 0.8511111111111112 0.43 0.865 0.43 0.8511111111111112 0.451875 0.865 0.451875
9 0.8511111111111112 0.399375 0.8633333333333333 0.399375 0.8511111111111112 0.42875 0.8633333333333333 0.42875
9 0.25666666666666665 0.475 0.2633333333333333 0.475 0.25666666666666665 0.48625 0.2633333333333333 0.48625
9 0.25833333333333336 0.48625 0.2638888888888889 0.48625 0.25833333333333336 0.500625 0.2638888888888889 0.500625
9 0.5427777777777778 0.47625 0.5505555555555556 0.47625 0.5427777777777778 0.488125 0.5505555555555556 0.488125
9 0.4922222222222222 0.47125 0.49833333333333335 0.47125 0.4922222222222222 0.48125 0.49833333333333335 0.48125
2 0.7394444444444445 0.469375 0.9994444444444445 0.469375 0.7394444444444445 0.58 0.9994444444444445 0.58
2 0.03833333333333333 0.446875 0.2722222222222222 0.446875 0.03833333333333333 0.631875 0.2722222222222222 0.631875
2 0.2683333333333333 0.52 0.31222222222222223 0.52 0.2683333333333333 0.554375 0.31222222222222223 0.554375
2 0.28944444444444445 0.51 0.33 0.51 0.28944444444444445 0.549375 0.33 0.549375
2 0.45 0.499375 0.49444444444444446 0.499375 0.45 0.5475 0.49444444444444446 0.5475
2 0.4411111111111111 0.51625 0.4527777777777778 0.51625 0.4411111111111111 0.541875 0.4527777777777778 0.541875
2 0.43333333333333335 0.51375 0.45111111111111113 0.51375 0.43333333333333335 0.536875 0.45111111111111113 0.536875
2 0.4255555555555556 0.51625 0.43555555555555553 0.51625 0.4255555555555556 0.535 0.43555555555555553 0.535
2 0.41944444444444445 0.51875 0.4261111111111111 0.51875 0.41944444444444445 0.53125 0.4261111111111111 0.53125
2 0.36444444444444446 0.506875 0.39222222222222225 0.506875 0.36444444444444446 0.536875 0.39222222222222225 0.536875
2 0.35388888888888886 0.51875 0.365 0.51875 0.35388888888888886 0.534375 0.365 0.534375
2 0.3333333333333333 0.515625 0.35555555555555557 0.515625 0.3333333333333333 0.5375 0.35555555555555557 0.5375
2 0.41055555555555556 0.526875 0.41888888888888887 0.526875 0.41055555555555556 0.534375 0.41888888888888887 0.534375
7 0.8561111111111112 0.488125 0.8694444444444445 0.488125 0.8561111111111112 0.510625 0.8694444444444445 0.510625