4 0.6936274509803921 0.392578125 0.6968954248366013 0.392578125 0.6936274509803921 0.4033203125 0.6968954248366013 0.4033203125
4 0.6691176470588235 0.4287109375 0.6715686274509803 0.4287109375 0.6691176470588235 0.4365234375 0.6715686274509803 0.4365234375
5 0.5367647058823529 0.4814453125 0.5735294117647058 0.4814453125 0.5367647058823529 0.552734375 0.5735294117647058 0.552734375
2 0.4910130718954248 0.462890625 0.5408496732026143 0.462890625 0.4910130718954248 0.5087890625 0.5408496732026143 0.5087890625
2 0 0.5654296875 0.12745098039215685 0.5654296875 0 0.7509765625 0.12745098039215685 0.7509765625
2 0 0.5009765625 0.09477124183006536 0.5009765625 0 0.5830078125 0.09477124183006536 0.5830078125
2 0.08986928104575163 0.509765625 0.1527777777777778 0.509765625 0.08986928104575163 0.5654296875 0.1527777777777778 0.5654296875
2 0.06372549019607843 0.46875 0.1715686274509804 0.46875 0.06372549019607843 0.5419921875 0.1715686274509804 0.5419921875
2 0.23366013071895425 0.4873046875 0.2834967320261438 0.4873046875 0.23366013071895425 0.5771484375 0.2834967320261438 0.5771484375
2 0.28022875816993464 0.400390625 0.49836601307189543 0.400390625 0.28022875816993464 0.5966796875 0.49836601307189543 0.5966796875
2 0.6756535947712419 0.4453125 0.7026143790849673 0.4453125 0.6756535947712419 0.4833984375 0.7026143790849673 0.4833984375
2 0.6380718954248366 0.4453125 0.6952614379084967 0.4453125 0.6380718954248366 0.5029296875 0.6952614379084967 0.5029296875
2 0.565359477124183 0.45703125 0.6887254901960784 0.45703125 0.565359477124183 0.599609375 0.6887254901960784 0.599609375
2 0.5669934640522876 0.45703125 0.6111111111111112 0.45703125 0.5669934640522876 0.509765625 0.6111111111111112 0.509765625
2 0.696078431372549 0.4423828125 0.7181372549019608 0.4423828125 0.696078431372549 0.46875 0.7181372549019608 0.46875
2 0.5898692810457516 0.4462890625 0.6315359477124183 0.4462890625 0.5898692810457516 0.4599609375 0.6315359477124183 0.4599609375
2 0.5326797385620915 0.4521484375 0.5669934640522876 0.4521484375 0.5326797385620915 0.4765625 0.5669934640522876 0.4765625
2 0.7132352941176471 0.44140625 0.7246732026143791 0.44140625 0.7132352941176471 0.4619140625 0.7246732026143791 0.4619140625
7 0.5392156862745098 0.4521484375 0.5743464052287581 0.4521484375 0.5392156862745098 0.5341796875 0.5743464052287581 0.5341796875
6 0.8897058823529411 0.380859375 0.9648692810457516 0.380859375 0.8897058823529411 0.4814453125 0.9648692810457516 0.4814453125