9 0.9248366013071896 0.3486328125 0.9730392156862745 0.3486328125 0.9248366013071896 0.4150390625 0.9730392156862745 0.4150390625
9 0.9297385620915033 0.416015625 0.9697712418300654 0.416015625 0.9297385620915033 0.44140625 0.9697712418300654 0.44140625
9 0.9297385620915033 0.4423828125 0.9681372549019608 0.4423828125 0.9297385620915033 0.4736328125 0.9681372549019608 0.4736328125
7 0.08660130718954248 0.5185546875 0.10784313725490197 0.5185546875 0.08660130718954248 0.5595703125 0.10784313725490197 0.5595703125
7 0.06372549019607843 0.5107421875 0.08741830065359477 0.5107421875 0.06372549019607843 0.6083984375 0.08741830065359477 0.6083984375
7 0.031862745098039214 0.515625 0.06209150326797386 0.515625 0.031862745098039214 0.603515625 0.06209150326797386 0.603515625
7 0.13562091503267973 0.513671875 0.1527777777777778 0.513671875 0.13562091503267973 0.5361328125 0.1527777777777778 0.5361328125
7 0.20588235294117646 0.5146484375 0.22303921568627452 0.5146484375 0.20588235294117646 0.5400390625 0.22303921568627452 0.5400390625
7 0.5563725490196079 0.5224609375 0.5661764705882353 0.5224609375 0.5563725490196079 0.5556640625 0.5661764705882353 0.5556640625
7 0.3937908496732026 0.51953125 0.39869281045751637 0.51953125 0.3937908496732026 0.5361328125 0.39869281045751637 0.5361328125
7 0.5408496732026143 0.5234375 0.548202614379085 0.5234375 0.5408496732026143 0.5478515625 0.548202614379085 0.5478515625
7 0.5220588235294118 0.5185546875 0.5277777777777778 0.5185546875 0.5220588235294118 0.5400390625 0.5277777777777778 0.5400390625
13 0.5800653594771242 0.3681640625 0.9321895424836601 0.3681640625 0.5800653594771242 0.7333984375 0.9321895424836601 0.7333984375
2 0.4714052287581699 0.5205078125 0.5065359477124183 0.5205078125 0.4714052287581699 0.5615234375 0.5065359477124183 0.5615234375
2 0.3088235294117647 0.517578125 0.34558823529411764 0.517578125 0.3088235294117647 0.5380859375 0.34558823529411764 0.5380859375
2 0.26143790849673204 0.5205078125 0.32189542483660133 0.5205078125 0.26143790849673204 0.5458984375 0.32189542483660133 0.5458984375
2 0.23039215686274508 0.5283203125 0.29983660130718953 0.5283203125 0.23039215686274508 0.568359375 0.29983660130718953 0.568359375
2 0.19117647058823528 0.5361328125 0.2875816993464052 0.5361328125 0.19117647058823528 0.619140625 0.2875816993464052 0.619140625
2 0.07761437908496732 0.5361328125 0.21568627450980393 0.5361328125 0.07761437908496732 0.642578125 0.21568627450980393 0.642578125
2 0 0.59375 0.04738562091503268 0.59375 0 0.7099609375 0.04738562091503268 0.7099609375
2 0.28431372549019607 0.53515625 0.3954248366013072 0.53515625 0.28431372549019607 0.626953125 0.3954248366013072 0.626953125