4 0.181640625 0.4134114583333333 0.2041015625 0.4134114583333333 0.181640625 0.4856770833333333 0.2041015625 0.4856770833333333
4 0.42626953125 0.5045572916666666 0.43603515625 0.5045572916666666 0.42626953125 0.5364583333333334 0.43603515625 0.5364583333333334
4 0.6337890625 0.5084635416666666 0.642578125 0.5084635416666666 0.6337890625 0.5384114583333334 0.642578125 0.5384114583333334
4 0.7587890625 0.435546875 0.77587890625 0.435546875 0.7587890625 0.4908854166666667 0.77587890625 0.4908854166666667
7 0.90625 0.5494791666666666 0.94384765625 0.5494791666666666 0.90625 0.6829427083333334 0.94384765625 0.6829427083333334
7 0.892578125 0.5755208333333334 0.91357421875 0.5755208333333334 0.892578125 0.6295572916666666 0.91357421875 0.6295572916666666
7 0.93994140625 0.5709635416666666 0.9560546875 0.5709635416666666 0.93994140625 0.6432291666666666 0.9560546875 0.6432291666666666
0 0.7099609375 0.62109375 0.73779296875 0.62109375 0.7099609375 0.6907552083333334 0.73779296875 0.6907552083333334
2 0.23876953125 0.5703125 0.39404296875 0.5703125 0.23876953125 0.7272135416666666 0.39404296875 0.7272135416666666
2 0.36328125 0.5729166666666666 0.40576171875 0.5729166666666666 0.36328125 0.626953125 0.40576171875 0.626953125
2 0.453125 0.578125 0.6025390625 0.578125 0.453125 0.744140625 0.6025390625 0.744140625
2 0.53759765625 0.5716145833333334 0.587890625 0.5716145833333334 0.53759765625 0.6276041666666666 0.587890625 0.6276041666666666
2 0.5634765625 0.5618489583333334 0.59765625 0.5618489583333334 0.5634765625 0.599609375 0.59765625 0.599609375
7 0.708984375 0.5709635416666666 0.74169921875 0.5709635416666666 0.708984375 0.6803385416666666 0.74169921875 0.6803385416666666