9 0.40625 0.50390625 0.412109375 0.50390625 0.40625 0.5104166666666666 0.412109375 0.5104166666666666
9 0.40478515625 0.4791666666666667 0.4140625 0.4791666666666667 0.40478515625 0.5032552083333334 0.4140625 0.5032552083333334
9 0.74853515625 0.4954427083333333 0.76025390625 0.4954427083333333 0.74853515625 0.50390625 0.76025390625 0.50390625
9 0.736328125 0.4498697916666667 0.7705078125 0.4498697916666667 0.736328125 0.4954427083333333 0.7705078125 0.4954427083333333
7 0.5869140625 0.517578125 0.59619140625 0.517578125 0.5869140625 0.552734375 0.59619140625 0.552734375
7 0.57470703125 0.5162760416666666 0.5830078125 0.5162760416666666 0.57470703125 0.556640625 0.5830078125 0.556640625
2 0.18115234375 0.5319010416666666 0.3291015625 0.5319010416666666 0.18115234375 0.6614583333333334 0.3291015625 0.6614583333333334
2 0.30224609375 0.5319010416666666 0.36572265625 0.5319010416666666 0.30224609375 0.6263020833333334 0.36572265625 0.6263020833333334
2 0.37548828125 0.51953125 0.41552734375 0.51953125 0.37548828125 0.5572916666666666 0.41552734375 0.5572916666666666
2 0.4130859375 0.5227864583333334 0.46435546875 0.5227864583333334 0.4130859375 0.57421875 0.46435546875 0.57421875
2 0.46484375 0.5201822916666666 0.4951171875 0.5201822916666666 0.46484375 0.55859375 0.4951171875 0.55859375
2 0.48388671875 0.5208333333333334 0.5009765625 0.5208333333333334 0.48388671875 0.5494791666666666 0.5009765625 0.5494791666666666
2 0.4951171875 0.5130208333333334 0.52294921875 0.5130208333333334 0.4951171875 0.5436197916666666 0.52294921875 0.5436197916666666
2 0.5205078125 0.515625 0.53173828125 0.515625 0.5205078125 0.5384114583333334 0.53173828125 0.5384114583333334
2 0.529296875 0.5143229166666666 0.54638671875 0.5143229166666666 0.529296875 0.5325520833333334 0.54638671875 0.5325520833333334
2 0.541015625 0.5123697916666666 0.55029296875 0.5123697916666666 0.541015625 0.5240885416666666 0.55029296875 0.5240885416666666
2 0.76318359375 0.50390625 0.96875 0.50390625 0.76318359375 0.791015625 0.96875 0.791015625
2 0.7021484375 0.55078125 0.8017578125 0.55078125 0.7021484375 0.70703125 0.8017578125 0.70703125
2 0.6865234375 0.5364583333333334 0.78125 0.5364583333333334 0.6865234375 0.6477864583333334 0.78125 0.6477864583333334
2 0.66455078125 0.5227864583333334 0.7626953125 0.5227864583333334 0.66455078125 0.634765625 0.7626953125 0.634765625
2 0.60595703125 0.5130208333333334 0.65673828125 0.5130208333333334 0.60595703125 0.5735677083333334 0.65673828125 0.5735677083333334
2 0.59375 0.513671875 0.61181640625 0.513671875 0.59375 0.5514322916666666 0.61181640625 0.5514322916666666
2 0.59912109375 0.5188802083333334 0.6171875 0.5188802083333334 0.59912109375 0.5579427083333334 0.6171875 0.5579427083333334
2 0.306640625 0.5149739583333334 0.35205078125 0.5149739583333334 0.306640625 0.5501302083333334 0.35205078125 0.5501302083333334
2 0.34130859375 0.51171875 0.37744140625 0.51171875 0.34130859375 0.5618489583333334 0.37744140625 0.5618489583333334
2 0.1728515625 0.5227864583333334 0.25048828125 0.5227864583333334 0.1728515625 0.607421875 0.25048828125 0.607421875