4 0.3109375 0.42578125 0.31484375 0.42578125 0.3109375 0.4365234375 0.31484375 0.4365234375
4 0.31015625 0.4404296875 0.3140625 0.4404296875 0.31015625 0.4453125 0.3140625 0.4453125
4 0.3875 0.376953125 0.39296875 0.376953125 0.3875 0.3916015625 0.39296875 0.3916015625
4 0.3421875 0.384765625 0.34765625 0.384765625 0.3421875 0.3974609375 0.34765625 0.3974609375
4 0.42734375 0.38671875 0.43203125 0.38671875 0.42734375 0.3994140625 0.43203125 0.3994140625
4 0.4609375 0.3876953125 0.465625 0.3876953125 0.4609375 0.400390625 0.465625 0.400390625
4 0.51796875 0.4091796875 0.521875 0.4091796875 0.51796875 0.421875 0.521875 0.421875
4 0.51796875 0.423828125 0.52109375 0.423828125 0.51796875 0.4287109375 0.52109375 0.4287109375
9 0.27265625 0.466796875 0.2875 0.466796875 0.27265625 0.486328125 0.2875 0.486328125
9 0.2953125 0.4638671875 0.30625 0.4638671875 0.2953125 0.4794921875 0.30625 0.4794921875
9 0.284375 0.4140625 0.3015625 0.4140625 0.284375 0.419921875 0.3015625 0.419921875
9 0.38125 0.37890625 0.3875 0.37890625 0.38125 0.38671875 0.3875 0.38671875
9 0.37265625 0.421875 0.3765625 0.421875 0.37265625 0.427734375 0.3765625 0.427734375
9 0.48359375 0.40234375 0.49765625 0.40234375 0.48359375 0.408203125 0.49765625 0.408203125
9 0.49765625 0.4267578125 0.5 0.4267578125 0.49765625 0.4306640625 0.5 0.4306640625
9 0.49609375 0.4208984375 0.5015625 0.4208984375 0.49609375 0.4267578125 0.5015625 0.4267578125
9 0.5640625 0.400390625 0.5875 0.400390625 0.5640625 0.4248046875 0.5875 0.4248046875
9 0.57421875 0.4248046875 0.58203125 0.4248046875 0.57421875 0.435546875 0.58203125 0.435546875
9 0.65703125 0.38671875 0.7140625 0.38671875 0.65703125 0.435546875 0.7140625 0.435546875
9 0.165625 0.45703125 0.17109375 0.45703125 0.165625 0.470703125 0.17109375 0.470703125
9 0.42734375 0.439453125 0.43203125 0.439453125 0.42734375 0.447265625 0.43203125 0.447265625
7 0.790625 0.3984375 0.815625 0.3984375 0.790625 0.494140625 0.815625 0.494140625
2 0.215625 0.4677734375 0.2609375 0.4677734375 0.215625 0.5146484375 0.2609375 0.5146484375
2 0.3546875 0.451171875 0.3734375 0.451171875 0.3546875 0.4697265625 0.3734375 0.4697265625
2 0.44921875 0.4326171875 0.45859375 0.4326171875 0.44921875 0.4423828125 0.45859375 0.4423828125
2 0.45859375 0.416015625 0.46640625 0.416015625 0.45859375 0.423828125 0.46640625 0.423828125
3 0.53984375 0.4521484375 0.54296875 0.4521484375 0.53984375 0.4599609375 0.54296875 0.4599609375
9 0.58984375 0.4130859375 0.60546875 0.4130859375 0.58984375 0.435546875 0.60546875 0.435546875