7 0.478125 0.455078125 0.48515625 0.455078125 0.478125 0.482421875 0.48515625 0.482421875
7 0.10703125 0.4873046875 0.1296875 0.4873046875 0.10703125 0.5078125 0.1296875 0.5078125
0 0.5109375 0.4658203125 0.5171875 0.4658203125 0.5109375 0.4814453125 0.5171875 0.4814453125
0 0.18125 0.669921875 0.278125 0.669921875 0.18125 0.912109375 0.278125 0.912109375
2 0.61015625 0.46875 0.7859375 0.46875 0.61015625 0.6259765625 0.7859375 0.6259765625
2 0.93359375 0.4736328125 0.99921875 0.4736328125 0.93359375 0.5546875 0.99921875 0.5546875
2 0.12109375 0.513671875 0.2609375 0.513671875 0.12109375 0.63671875 0.2609375 0.63671875
2 0.25703125 0.490234375 0.33984375 0.490234375 0.25703125 0.568359375 0.33984375 0.568359375
2 0.29609375 0.4833984375 0.35703125 0.4833984375 0.29609375 0.546875 0.35703125 0.546875
2 0.33828125 0.4716796875 0.3859375 0.4716796875 0.33828125 0.52734375 0.3859375 0.52734375
2 0.35390625 0.466796875 0.39375 0.466796875 0.35390625 0.51953125 0.39375 0.51953125
2 0.38359375 0.466796875 0.403125 0.466796875 0.38359375 0.5126953125 0.403125 0.5126953125
2 0.371875 0.4609375 0.4125 0.4609375 0.371875 0.5078125 0.4125 0.5078125
2 0.421875 0.4677734375 0.471875 0.4677734375 0.421875 0.505859375 0.471875 0.505859375
2 0.4109375 0.4716796875 0.4234375 0.4716796875 0.4109375 0.5 0.4234375 0.5
2 0.43125 0.4580078125 0.45625 0.4580078125 0.43125 0.4677734375 0.45625 0.4677734375
2 0.453125 0.455078125 0.47578125 0.455078125 0.453125 0.4794921875 0.47578125 0.4794921875
2 0.4609375 0.4501953125 0.48203125 0.4501953125 0.4609375 0.4755859375 0.48203125 0.4755859375
2 0.6578125 0.5205078125 0.853125 0.5205078125 0.6578125 0.689453125 0.853125 0.689453125
2 0.5578125 0.462890625 0.6390625 0.462890625 0.5578125 0.5576171875 0.6390625 0.5576171875
2 0.54453125 0.470703125 0.575 0.470703125 0.54453125 0.5205078125 0.575 0.5205078125
2 0.546875 0.4658203125 0.578125 0.4658203125 0.546875 0.4873046875 0.578125 0.4873046875
2 0.534375 0.46875 0.5546875 0.46875 0.534375 0.5078125 0.5546875 0.5078125
2 0.5359375 0.4560546875 0.5609375 0.4560546875 0.5359375 0.4833984375 0.5609375 0.4833984375
2 0.7546875 0.4697265625 0.9328125 0.4697265625 0.7546875 0.5625 0.9328125 0.5625
2 0.79140625 0.4453125 0.85078125 0.4453125 0.79140625 0.470703125 0.85078125 0.470703125
2 0.05390625 0.5 0.2171875 0.5 0.05390625 0.587890625 0.2171875 0.587890625
2 0.4875 0.4521484375 0.503125 0.4521484375 0.4875 0.4716796875 0.503125 0.4716796875
2 0.503125 0.451171875 0.51875 0.451171875 0.503125 0.4697265625 0.51875 0.4697265625
2 0.5234375 0.44921875 0.534375 0.44921875 0.5234375 0.462890625 0.534375 0.462890625
2 0.55 0.4462890625 0.57109375 0.4462890625 0.55 0.4658203125 0.57109375 0.4658203125
7 0.5109375 0.4482421875 0.5171875 0.4482421875 0.5109375 0.4765625 0.5171875 0.4765625
7 0.1734375 0.5361328125 0.296875 0.5361328125 0.1734375 0.8642578125 0.296875 0.8642578125
7 0.7109375 0.4794921875 0.80625 0.4794921875 0.7109375 0.826171875 0.80625 0.826171875
10 0.74296875 0.806640625 0.78359375 0.806640625 0.74296875 0.8505859375 0.78359375 0.8505859375