4 0.4560546875 0.4420572916666667 0.47021484375 0.4420572916666667 0.4560546875 0.4661458333333333 0.47021484375 0.4661458333333333
4 0.5478515625 0.380859375 0.56005859375 0.380859375 0.5478515625 0.404296875 0.56005859375 0.404296875
4 0.63134765625 0.4453125 0.64501953125 0.4453125 0.63134765625 0.47265625 0.64501953125 0.47265625
4 0.6591796875 0.4134114583333333 0.6748046875 0.4134114583333333 0.6591796875 0.4407552083333333 0.6748046875 0.4407552083333333
9 0.6123046875 0.498046875 0.619140625 0.498046875 0.6123046875 0.5104166666666666 0.619140625 0.5104166666666666
7 0.2412109375 0.4967447916666667 0.25537109375 0.4967447916666667 0.2412109375 0.541015625 0.25537109375 0.541015625
7 0.47509765625 0.5143229166666666 0.4931640625 0.5143229166666666 0.47509765625 0.57421875 0.4931640625 0.57421875
7 0.4326171875 0.5143229166666666 0.43896484375 0.5143229166666666 0.4326171875 0.537109375 0.43896484375 0.537109375
7 0.77001953125 0.5143229166666666 0.7841796875 0.5143229166666666 0.77001953125 0.5748697916666666 0.7841796875 0.5748697916666666
7 0.80322265625 0.5169270833333334 0.82470703125 0.5169270833333334 0.80322265625 0.5677083333333334 0.82470703125 0.5677083333333334
7 0.8798828125 0.5045572916666666 0.91259765625 0.5045572916666666 0.8798828125 0.5638020833333334 0.91259765625 0.5638020833333334
7 0.91259765625 0.5084635416666666 0.93798828125 0.5084635416666666 0.91259765625 0.5475260416666666 0.93798828125 0.5475260416666666
0 0.0771484375 0.5130208333333334 0.12158203125 0.5130208333333334 0.0771484375 0.634765625 0.12158203125 0.634765625
0 0.154296875 0.5325520833333334 0.19140625 0.5325520833333334 0.154296875 0.6204427083333334 0.19140625 0.6204427083333334
0 0.24267578125 0.5423177083333334 0.29443359375 0.5423177083333334 0.24267578125 0.611328125 0.29443359375 0.611328125
0 0.19140625 0.5690104166666666 0.2431640625 0.5690104166666666 0.19140625 0.6979166666666666 0.2431640625 0.6979166666666666
0 0.76171875 0.568359375 0.791015625 0.568359375 0.76171875 0.654296875 0.791015625 0.654296875
0 0.7177734375 0.5494791666666666 0.75830078125 0.5494791666666666 0.7177734375 0.619140625 0.75830078125 0.619140625
0 0.7958984375 0.5501302083333334 0.84130859375 0.5501302083333334 0.7958984375 0.642578125 0.84130859375 0.642578125
2 0.8056640625 0.541015625 0.9697265625 0.541015625 0.8056640625 0.8984375 0.9697265625 0.8984375
7 0.19287109375 0.494140625 0.24365234375 0.494140625 0.19287109375 0.6829427083333334 0.24365234375 0.6829427083333334
3 0.61572265625 0.53515625 0.6240234375 0.53515625 0.61572265625 0.5533854166666666 0.6240234375 0.5533854166666666