4 0.37 0.43875 0.375 0.43875 0.37 0.450625 0.375 0.450625
4 0.34 0.42625 0.34444444444444444 0.42625 0.34 0.43625 0.34444444444444444 0.43625
4 0.3194444444444444 0.420625 0.3227777777777778 0.420625 0.3194444444444444 0.431875 0.3227777777777778 0.431875
4 0.2911111111111111 0.421875 0.29388888888888887 0.421875 0.2911111111111111 0.431875 0.29388888888888887 0.431875
9 0.7888888888888889 0.3 0.8094444444444444 0.3 0.7888888888888889 0.335625 0.8094444444444444 0.335625
9 0.7994444444444444 0.350625 0.8044444444444444 0.350625 0.7994444444444444 0.380625 0.8044444444444444 0.380625
9 0.5888888888888889 0.366875 0.6077777777777778 0.366875 0.5888888888888889 0.3925 0.6077777777777778 0.3925
9 0.49166666666666664 0.395 0.5122222222222222 0.395 0.49166666666666664 0.41875 0.5122222222222222 0.41875
9 0.4961111111111111 0.424375 0.5088888888888888 0.424375 0.4961111111111111 0.43125 0.5088888888888888 0.43125
9 0.49 0.435625 0.4961111111111111 0.435625 0.49 0.443125 0.4961111111111111 0.443125
9 0.4438888888888889 0.424375 0.45611111111111113 0.424375 0.4438888888888889 0.441875 0.45611111111111113 0.441875
9 0.13722222222222222 0.408125 0.15555555555555556 0.408125 0.13722222222222222 0.43125 0.15555555555555556 0.43125
7 0.7616666666666667 0.42875 0.7766666666666666 0.42875 0.7616666666666667 0.464375 0.7766666666666666 0.464375
7 0.7066666666666667 0.436875 0.7133333333333334 0.436875 0.7066666666666667 0.48 0.7133333333333334 0.48
7 0.6133333333333333 0.44 0.6233333333333333 0.44 0.6133333333333333 0.474375 0.6233333333333333 0.474375
7 0.4905555555555556 0.449375 0.49722222222222223 0.449375 0.4905555555555556 0.46875 0.49722222222222223 0.46875
0 0.7322222222222222 0.46375 0.8022222222222222 0.46375 0.7322222222222222 0.53 0.8022222222222222 0.53
0 0.7144444444444444 0.46 0.7833333333333333 0.46 0.7144444444444444 0.52125 0.7833333333333333 0.52125
0 0.7422222222222222 0.45125 0.7544444444444445 0.45125 0.7422222222222222 0.4625 0.7544444444444445 0.4625
2 0.43277777777777776 0.454375 0.4722222222222222 0.454375 0.43277777777777776 0.4875 0.4722222222222222 0.4875
2 0.42 0.454375 0.43833333333333335 0.454375 0.42 0.475 0.43833333333333335 0.475
2 0.4066666666666667 0.46 0.41944444444444445 0.46 0.4066666666666667 0.48 0.41944444444444445 0.48
2 0.37444444444444447 0.4475 0.40944444444444444 0.4475 0.37444444444444447 0.488125 0.40944444444444444 0.488125
2 0.3138888888888889 0.45 0.39555555555555555 0.45 0.3138888888888889 0.515625 0.39555555555555555 0.515625
2 0.29944444444444446 0.459375 0.31055555555555553 0.459375 0.29944444444444446 0.47125 0.31055555555555553 0.47125
2 0.2594444444444444 0.460625 0.28888888888888886 0.460625 0.2594444444444444 0.484375 0.28888888888888886 0.484375
2 0.23944444444444443 0.46 0.25222222222222224 0.46 0.23944444444444443 0.48375 0.25222222222222224 0.48375
2 0.17722222222222223 0.448125 0.24388888888888888 0.448125 0.17722222222222223 0.50625 0.24388888888888888 0.50625
2 0 0.413125 0.20666666666666667 0.413125 0 0.655625 0.20666666666666667 0.655625
7 0.7438888888888889 0.4375 0.7538888888888889 0.4375 0.7438888888888889 0.46 0.7538888888888889 0.46