9 0.63671875 0.4876302083333333 0.64453125 0.4876302083333333 0.63671875 0.505859375 0.64453125 0.505859375
7 0.60009765625 0.5110677083333334 0.619140625 0.5110677083333334 0.60009765625 0.578125 0.619140625 0.578125
2 0.904296875 0.7037760416666666 0.96923828125 0.7037760416666666 0.904296875 0.9921875 0.96923828125 0.9921875
2 0.77978515625 0.5625 0.96923828125 0.5625 0.77978515625 0.8385416666666666 0.96923828125 0.8385416666666666
2 0.69873046875 0.5305989583333334 0.890625 0.5305989583333334 0.69873046875 0.7311197916666666 0.890625 0.7311197916666666
2 0.67236328125 0.494140625 0.81396484375 0.494140625 0.67236328125 0.6744791666666666 0.81396484375 0.6744791666666666
2 0.64599609375 0.5397135416666666 0.68701171875 0.5397135416666666 0.64599609375 0.6158854166666666 0.68701171875 0.6158854166666666
2 0.62548828125 0.52734375 0.67578125 0.52734375 0.62548828125 0.5970052083333334 0.67578125 0.5970052083333334
2 0.03125 0.5247395833333334 0.06103515625 0.5247395833333334 0.03125 0.78125 0.06103515625 0.78125
2 0.05322265625 0.5436197916666666 0.16943359375 0.5436197916666666 0.05322265625 0.73828125 0.16943359375 0.73828125
2 0.1474609375 0.5162760416666666 0.294921875 0.5162760416666666 0.1474609375 0.6731770833333334 0.294921875 0.6731770833333334
2 0.2744140625 0.5110677083333334 0.36376953125 0.5110677083333334 0.2744140625 0.6328125 0.36376953125 0.6328125
2 0.34326171875 0.5162760416666666 0.396484375 0.5162760416666666 0.34326171875 0.6139322916666666 0.396484375 0.6139322916666666
2 0.38818359375 0.5266927083333334 0.42236328125 0.5266927083333334 0.38818359375 0.5970052083333334 0.42236328125 0.5970052083333334
2 0.40185546875 0.5091145833333334 0.4423828125 0.5091145833333334 0.40185546875 0.58203125 0.4423828125 0.58203125
2 0.4423828125 0.5240885416666666 0.46923828125 0.5240885416666666 0.4423828125 0.5696614583333334 0.46923828125 0.5696614583333334
2 0.48583984375 0.513671875 0.51611328125 0.513671875 0.48583984375 0.544921875 0.51611328125 0.544921875
2 0.45751953125 0.5169270833333334 0.4814453125 0.5169270833333334 0.45751953125 0.5651041666666666 0.4814453125 0.5651041666666666
2 0.51611328125 0.5169270833333334 0.52490234375 0.5169270833333334 0.51611328125 0.5384114583333334 0.52490234375 0.5384114583333334
2 0.59228515625 0.51953125 0.6044921875 0.51953125 0.59228515625 0.5462239583333334 0.6044921875 0.5462239583333334