2 0.6644444444444444 0.4375 0.725 0.4375 0.6644444444444444 0.488125 0.725 0.488125
2 0.6305555555555555 0.455 0.6583333333333333 0.455 0.6305555555555555 0.475 0.6583333333333333 0.475
2 0.5877777777777777 0.46 0.6461111111111111 0.46 0.5877777777777777 0.505 0.6461111111111111 0.505
2 0.5244444444444445 0.464375 0.5427777777777778 0.464375 0.5244444444444445 0.4775 0.5427777777777778 0.4775
2 0.31055555555555553 0.453125 0.375 0.453125 0.31055555555555553 0.50875 0.375 0.50875
2 0.36666666666666664 0.45875 0.39666666666666667 0.45875 0.36666666666666664 0.4975 0.39666666666666667 0.4975
2 0.39444444444444443 0.461875 0.4261111111111111 0.461875 0.39444444444444443 0.488125 0.4261111111111111 0.488125
2 0.4633333333333333 0.465 0.4922222222222222 0.465 0.4633333333333333 0.4775 0.4922222222222222 0.4775
2 0.44166666666666665 0.464375 0.45944444444444443 0.464375 0.44166666666666665 0.4775 0.45944444444444443 0.4775
2 0.44555555555555554 0.460625 0.46055555555555555 0.460625 0.44555555555555554 0.475 0.46055555555555555 0.475
2 0.5616666666666666 0.4325 0.6138888888888889 0.4325 0.5616666666666666 0.4975 0.6138888888888889 0.4975
13 0.5422222222222223 0.42625 0.5961111111111111 0.42625 0.5422222222222223 0.488125 0.5961111111111111 0.488125
1 0.6977777777777778 0.40375 0.84 0.40375 0.6977777777777778 0.484375 0.84 0.484375