9 0.65546875 0.4072265625 0.67421875 0.4072265625 0.65546875 0.4111328125 0.67421875 0.4111328125
7 0.9015625 0.505859375 0.99921875 0.505859375 0.9015625 0.9990234375 0.99921875 0.9990234375
0 0.115625 0.64453125 0.203125 0.64453125 0.115625 0.8798828125 0.203125 0.8798828125
0 0.49375 0.478515625 0.50546875 0.478515625 0.49375 0.517578125 0.50546875 0.517578125
2 0 0.5439453125 0.11015625 0.5439453125 0 0.7578125 0.11015625 0.7578125
2 0.13203125 0.5087890625 0.26796875 0.5087890625 0.13203125 0.642578125 0.26796875 0.642578125
2 0.2078125 0.4951171875 0.309375 0.4951171875 0.2078125 0.6015625 0.309375 0.6015625
2 0.2890625 0.4716796875 0.365625 0.4716796875 0.2890625 0.5546875 0.365625 0.5546875
2 0.32109375 0.4658203125 0.3796875 0.4658203125 0.32109375 0.5390625 0.3796875 0.5390625
2 0.36484375 0.466796875 0.39453125 0.466796875 0.36484375 0.529296875 0.39453125 0.529296875
2 0.36015625 0.4580078125 0.41171875 0.4580078125 0.36015625 0.5185546875 0.41171875 0.5185546875
2 0.40390625 0.46484375 0.45546875 0.46484375 0.40390625 0.5166015625 0.45546875 0.5166015625
2 0.434375 0.455078125 0.4671875 0.455078125 0.434375 0.4853515625 0.4671875 0.4853515625
2 0.465625 0.447265625 0.4953125 0.447265625 0.465625 0.4794921875 0.4953125 0.4794921875
2 0.49921875 0.4501953125 0.51953125 0.4501953125 0.49921875 0.470703125 0.51953125 0.470703125
2 0.515625 0.4482421875 0.5328125 0.4482421875 0.515625 0.4677734375 0.5328125 0.4677734375
2 0.53125 0.44921875 0.54296875 0.44921875 0.53125 0.46484375 0.54296875 0.46484375
2 0.53828125 0.4462890625 0.55625 0.4462890625 0.53828125 0.4619140625 0.55625 0.4619140625
2 0.553125 0.4423828125 0.56875 0.4423828125 0.553125 0.458984375 0.56875 0.458984375
2 0.5875 0.443359375 0.60703125 0.443359375 0.5875 0.466796875 0.60703125 0.466796875
2 0.5765625 0.4462890625 0.603125 0.4462890625 0.5765625 0.470703125 0.603125 0.470703125
2 0.5625 0.455078125 0.5921875 0.455078125 0.5625 0.484375 0.5921875 0.484375
2 0.56875 0.47265625 0.6 0.47265625 0.56875 0.525390625 0.6 0.525390625
2 0.5859375 0.4658203125 0.65625 0.4658203125 0.5859375 0.5302734375 0.65625 0.5302734375
2 0.590625 0.4794921875 0.653125 0.4794921875 0.590625 0.5498046875 0.653125 0.5498046875
2 0.62109375 0.4873046875 0.68828125 0.4873046875 0.62109375 0.564453125 0.68828125 0.564453125
2 0.65234375 0.474609375 0.83515625 0.474609375 0.65234375 0.662109375 0.83515625 0.662109375
7 0.096875 0.5361328125 0.2140625 0.5361328125 0.096875 0.83203125 0.2140625 0.83203125
7 0.4921875 0.458984375 0.50703125 0.458984375 0.4921875 0.5078125 0.50703125 0.5078125