1 0.6511437908496732 0.2431640625 0.9991830065359477 0.2431640625 0.6511437908496732 0.5498046875 0.9991830065359477 0.5498046875
7 0 0.361328125 0.014705882352941176 0.361328125 0 0.453125 0.014705882352941176 0.453125
7 0.0032679738562091504 0.3623046875 0.042483660130718956 0.3623046875 0.0032679738562091504 0.5009765625 0.042483660130718956 0.5009765625
7 0.03676470588235294 0.3662109375 0.07924836601307189 0.3662109375 0.03676470588235294 0.49609375 0.07924836601307189 0.49609375
7 0.0727124183006536 0.3671875 0.10049019607843138 0.3671875 0.0727124183006536 0.4619140625 0.10049019607843138 0.4619140625
7 0.12173202614379085 0.3662109375 0.1511437908496732 0.3662109375 0.12173202614379085 0.470703125 0.1511437908496732 0.470703125
7 0.1437908496732026 0.3740234375 0.16830065359477125 0.3740234375 0.1437908496732026 0.4716796875 0.16830065359477125 0.4716796875
7 0.21486928104575165 0.37890625 0.22794117647058823 0.37890625 0.21486928104575165 0.4296875 0.22794117647058823 0.4296875
7 0.22794117647058823 0.376953125 0.24101307189542484 0.376953125 0.22794117647058823 0.4296875 0.24101307189542484 0.4296875
7 0.2565359477124183 0.3916015625 0.26715686274509803 0.3916015625 0.2565359477124183 0.4306640625 0.26715686274509803 0.4306640625
7 0.5751633986928104 0.41796875 0.5816993464052288 0.41796875 0.5751633986928104 0.447265625 0.5816993464052288 0.447265625
7 0.272875816993464 0.3916015625 0.2834967320261438 0.3916015625 0.272875816993464 0.4228515625 0.2834967320261438 0.4228515625
7 0.26715686274509803 0.392578125 0.27369281045751637 0.392578125 0.26715686274509803 0.421875 0.27369281045751637 0.421875
2 0.2949346405228758 0.4013671875 0.33169934640522875 0.4013671875 0.2949346405228758 0.43359375 0.33169934640522875 0.43359375
2 0.3300653594771242 0.4033203125 0.35130718954248363 0.4033203125 0.3300653594771242 0.4228515625 0.35130718954248363 0.4228515625
2 0.3464052287581699 0.404296875 0.3611111111111111 0.404296875 0.3464052287581699 0.4169921875 0.3611111111111111 0.4169921875
2 0.3602941176470588 0.4052734375 0.38562091503267976 0.4052734375 0.3602941176470588 0.427734375 0.38562091503267976 0.427734375
2 0.4207516339869281 0.408203125 0.4493464052287582 0.408203125 0.4207516339869281 0.439453125 0.4493464052287582 0.439453125
2 0.4387254901960784 0.4130859375 0.47549019607843135 0.4130859375 0.4387254901960784 0.4423828125 0.47549019607843135 0.4423828125
2 0.3888888888888889 0.3955078125 0.40931372549019607 0.3955078125 0.3888888888888889 0.421875 0.40931372549019607 0.421875