9 0.15 0.4475 0.1661111111111111 0.4475 0.15 0.485 0.1661111111111111 0.485
9 0.9377777777777778 0.32125 0.9811111111111112 0.32125 0.9377777777777778 0.37875 0.9811111111111112 0.37875
9 0.8805555555555555 0.316875 0.9261111111111111 0.316875 0.8805555555555555 0.374375 0.9261111111111111 0.374375
9 0.04888888888888889 0.2875 0.09 0.2875 0.04888888888888889 0.336875 0.09 0.336875
9 0.05 0.3375 0.08333333333333333 0.3375 0.05 0.359375 0.08333333333333333 0.359375
7 0.029444444444444443 0.393125 0.07166666666666667 0.393125 0.029444444444444443 0.52125 0.07166666666666667 0.52125
7 0.17722222222222223 0.430625 0.205 0.430625 0.17722222222222223 0.521875 0.205 0.521875
7 0.21833333333333332 0.436875 0.24555555555555555 0.436875 0.21833333333333332 0.521875 0.24555555555555555 0.521875
7 0.24 0.425625 0.26666666666666666 0.425625 0.24 0.52375 0.26666666666666666 0.52375
7 0.265 0.43375 0.2966666666666667 0.43375 0.265 0.51875 0.2966666666666667 0.51875
2 0.03 0.43 0.13333333333333333 0.43 0.03 0.511875 0.13333333333333333 0.511875
2 0.07333333333333333 0.42 0.22777777777777777 0.42 0.07333333333333333 0.505 0.22777777777777777 0.505
2 0.31444444444444447 0.430625 0.45944444444444443 0.430625 0.31444444444444447 0.53125 0.45944444444444443 0.53125
2 0.45611111111111113 0.368125 0.7883333333333333 0.368125 0.45611111111111113 0.68875 0.7883333333333333 0.68875
2 0.7394444444444445 0.425 0.9177777777777778 0.425 0.7394444444444445 0.480625 0.9177777777777778 0.480625
2 0.7522222222222222 0.4425 0.9572222222222222 0.4425 0.7522222222222222 0.546875 0.9572222222222222 0.546875