4 0.2529296875 0.4759114583333333 0.2666015625 0.4759114583333333 0.2529296875 0.5032552083333334 0.2666015625 0.5032552083333334
4 0.677734375 0.4752604166666667 0.69189453125 0.4752604166666667 0.677734375 0.4986979166666667 0.69189453125 0.4986979166666667
4 0.603515625 0.5123697916666666 0.61279296875 0.5123697916666666 0.603515625 0.5247395833333334 0.61279296875 0.5247395833333334
9 0.2509765625 0.5045572916666666 0.26806640625 0.5045572916666666 0.2509765625 0.5384114583333334 0.26806640625 0.5384114583333334
9 0.67626953125 0.4993489583333333 0.69580078125 0.4993489583333333 0.67626953125 0.5377604166666666 0.69580078125 0.5377604166666666
9 0.83251953125 0.6393229166666666 0.8896484375 0.6393229166666666 0.83251953125 0.724609375 0.8896484375 0.724609375
7 0.87060546875 0.544921875 0.9052734375 0.544921875 0.87060546875 0.6595052083333334 0.9052734375 0.6595052083333334
7 0.91162109375 0.541015625 0.9384765625 0.541015625 0.91162109375 0.6555989583333334 0.9384765625 0.6555989583333334
7 0.865234375 0.5384114583333334 0.8857421875 0.5384114583333334 0.865234375 0.6263020833333334 0.8857421875 0.6263020833333334
7 0.841796875 0.5455729166666666 0.861328125 0.5455729166666666 0.841796875 0.6263020833333334 0.861328125 0.6263020833333334
7 0.83544921875 0.5442708333333334 0.8505859375 0.5442708333333334 0.83544921875 0.609375 0.8505859375 0.609375
7 0.8173828125 0.5520833333333334 0.83447265625 0.5520833333333334 0.8173828125 0.6256510416666666 0.83447265625 0.6256510416666666
7 0.8037109375 0.5462239583333334 0.8212890625 0.5462239583333334 0.8037109375 0.6223958333333334 0.8212890625 0.6223958333333334
7 0.7890625 0.5442708333333334 0.80419921875 0.5442708333333334 0.7890625 0.6256510416666666 0.80419921875 0.6256510416666666
7 0.77587890625 0.5462239583333334 0.78857421875 0.5462239583333334 0.77587890625 0.615234375 0.78857421875 0.615234375
7 0.76171875 0.54296875 0.779296875 0.54296875 0.76171875 0.6217447916666666 0.779296875 0.6217447916666666
7 0.74560546875 0.5397135416666666 0.76513671875 0.5397135416666666 0.74560546875 0.6263020833333334 0.76513671875 0.6263020833333334
0 0.6376953125 0.5944010416666666 0.66796875 0.5944010416666666 0.6376953125 0.6712239583333334 0.66796875 0.6712239583333334
2 0.0302734375 0.529296875 0.28564453125 0.529296875 0.0302734375 0.7805989583333334 0.28564453125 0.7805989583333334
2 0.4345703125 0.5651041666666666 0.6064453125 0.5651041666666666 0.4345703125 0.7513020833333334 0.6064453125 0.7513020833333334
7 0.63671875 0.5540364583333334 0.67578125 0.5540364583333334 0.63671875 0.6595052083333334 0.67578125 0.6595052083333334