9 0.40546875 0.4462890625 0.41171875 0.4462890625 0.40546875 0.455078125 0.41171875 0.455078125
9 0.5609375 0.4453125 0.56875 0.4453125 0.5609375 0.453125 0.56875 0.453125
9 0.5140625 0.44921875 0.5203125 0.44921875 0.5140625 0.455078125 0.5203125 0.455078125
9 0.32578125 0.4384765625 0.34375 0.4384765625 0.32578125 0.4443359375 0.34375 0.4443359375
7 0.259375 0.4697265625 0.2703125 0.4697265625 0.259375 0.525390625 0.2703125 0.525390625
7 0.2734375 0.47265625 0.28515625 0.47265625 0.2734375 0.5224609375 0.28515625 0.5224609375
7 0.284375 0.474609375 0.2953125 0.474609375 0.284375 0.5224609375 0.2953125 0.5224609375
7 0.3515625 0.4658203125 0.359375 0.4658203125 0.3515625 0.4970703125 0.359375 0.4970703125
7 0.3609375 0.46484375 0.36953125 0.46484375 0.3609375 0.498046875 0.36953125 0.498046875
7 0.36875 0.466796875 0.3765625 0.466796875 0.36875 0.5 0.3765625 0.5
7 0.3890625 0.4638671875 0.39375 0.4638671875 0.3890625 0.4814453125 0.39375 0.4814453125
7 0.40546875 0.4599609375 0.4140625 0.4599609375 0.40546875 0.490234375 0.4140625 0.490234375
7 0.4859375 0.4638671875 0.49609375 0.4638671875 0.4859375 0.505859375 0.49609375 0.505859375
7 0.4328125 0.466796875 0.4375 0.466796875 0.4328125 0.4814453125 0.4375 0.4814453125
2 0.46171875 0.4677734375 0.48671875 0.4677734375 0.46171875 0.4921875 0.48671875 0.4921875
2 0.49609375 0.4677734375 0.50234375 0.4677734375 0.49609375 0.48046875 0.50234375 0.48046875
2 0.4984375 0.4677734375 0.509375 0.4677734375 0.4984375 0.4814453125 0.509375 0.4814453125
2 0.50625 0.4677734375 0.521875 0.4677734375 0.50625 0.484375 0.521875 0.484375
2 0.5234375 0.46875 0.54140625 0.46875 0.5234375 0.49609375 0.54140625 0.49609375
2 0.5265625 0.4716796875 0.54296875 0.4716796875 0.5265625 0.4970703125 0.54296875 0.4970703125
2 0.534375 0.47265625 0.5671875 0.47265625 0.534375 0.5068359375 0.5671875 0.5068359375
2 0.64921875 0.4736328125 0.71875 0.4736328125 0.64921875 0.505859375 0.71875 0.505859375
2 0.575 0.4716796875 0.6421875 0.4716796875 0.575 0.537109375 0.6421875 0.537109375
2 0.59921875 0.486328125 0.66171875 0.486328125 0.59921875 0.5498046875 0.66171875 0.5498046875
2 0.61171875 0.4912109375 0.66484375 0.4912109375 0.61171875 0.56640625 0.66484375 0.56640625
2 0.63203125 0.4951171875 0.72265625 0.4951171875 0.63203125 0.5859375 0.72265625 0.5859375
2 0.7 0.4912109375 0.8765625 0.4912109375 0.7 0.6669921875 0.8765625 0.6669921875
2 0.80390625 0.546875 0.99921875 0.546875 0.80390625 0.751953125 0.99921875 0.751953125
2 0.9328125 0.6396484375 0.99921875 0.6396484375 0.9328125 0.8115234375 0.99921875 0.8115234375
2 0.7984375 0.4658203125 0.83125 0.4658203125 0.7984375 0.494140625 0.83125 0.494140625