1 0.35944444444444446 0.435625 0.4072222222222222 0.435625 0.35944444444444446 0.480625 0.4072222222222222 0.480625
9 0.42333333333333334 0.44375 0.4311111111111111 0.44375 0.42333333333333334 0.4525 0.4311111111111111 0.4525
9 0.5183333333333333 0.44875 0.5266666666666666 0.44875 0.5183333333333333 0.4625 0.5266666666666666 0.4625
9 0.5161111111111111 0.435 0.5288888888888889 0.435 0.5161111111111111 0.449375 0.5288888888888889 0.449375
9 0.6272222222222222 0.40875 0.6372222222222222 0.40875 0.6272222222222222 0.425625 0.6372222222222222 0.425625
9 0.6283333333333333 0.425625 0.635 0.425625 0.6283333333333333 0.43875 0.635 0.43875
2 0.03166666666666667 0.43875 0.21 0.43875 0.03166666666666667 0.5625 0.21 0.5625
2 0.9327777777777778 0.46 0.9994444444444445 0.46 0.9327777777777778 0.574375 0.9994444444444445 0.574375
2 0.6738888888888889 0.4425 0.8383333333333334 0.4425 0.6738888888888889 0.5325 0.8383333333333334 0.5325
2 0.5983333333333334 0.446875 0.6766666666666666 0.446875 0.5983333333333334 0.50875 0.6766666666666666 0.50875
2 0.465 0.463125 0.52 0.463125 0.465 0.488125 0.52 0.488125
2 0.4761111111111111 0.456875 0.5211111111111111 0.456875 0.4761111111111111 0.4725 0.5211111111111111 0.4725
2 0.4438888888888889 0.463125 0.47444444444444445 0.463125 0.4438888888888889 0.483125 0.47444444444444445 0.483125
2 0.43 0.46375 0.45444444444444443 0.46375 0.43 0.48125 0.45444444444444443 0.48125
2 0.36666666666666664 0.451875 0.4038888888888889 0.451875 0.36666666666666664 0.484375 0.4038888888888889 0.484375
2 0.30944444444444447 0.450625 0.3461111111111111 0.450625 0.30944444444444447 0.486875 0.3461111111111111 0.486875
2 0.3 0.4575 0.31333333333333335 0.4575 0.3 0.476875 0.31333333333333335 0.476875
2 0.195 0.44875 0.22722222222222221 0.44875 0.195 0.484375 0.22722222222222221 0.484375
2 0.22444444444444445 0.46 0.2427777777777778 0.46 0.22444444444444445 0.480625 0.2427777777777778 0.480625
2 0.26944444444444443 0.45375 0.2966666666666667 0.45375 0.26944444444444443 0.47375 0.2966666666666667 0.47375
2 0.2561111111111111 0.449375 0.27 0.449375 0.2561111111111111 0.4625 0.27 0.4625
2 0.24166666666666667 0.44625 0.255 0.44625 0.24166666666666667 0.45875 0.255 0.45875
2 0.22055555555555556 0.441875 0.23 0.441875 0.22055555555555556 0.450625 0.23 0.450625