4 0.8766339869281046 0.193359375 0.8946078431372549 0.193359375 0.8766339869281046 0.2353515625 0.8946078431372549 0.2353515625
4 0.8300653594771242 0.390625 0.8382352941176471 0.390625 0.8300653594771242 0.40234375 0.8382352941176471 0.40234375
4 0.9893790849673203 0.3359375 0.9991830065359477 0.3359375 0.9893790849673203 0.3671875 0.9991830065359477 0.3671875
9 0.8447712418300654 0.3349609375 0.8586601307189542 0.3349609375 0.8447712418300654 0.34375 0.8586601307189542 0.34375
9 0.8374183006535948 0.3427734375 0.8839869281045751 0.3427734375 0.8374183006535948 0.3583984375 0.8839869281045751 0.3583984375
9 0.8423202614379085 0.357421875 0.8790849673202614 0.357421875 0.8423202614379085 0.3837890625 0.8790849673202614 0.3837890625
9 0.8431372549019608 0.384765625 0.8799019607843137 0.384765625 0.8431372549019608 0.39453125 0.8799019607843137 0.39453125
9 0.7916666666666666 0.36328125 0.8104575163398693 0.36328125 0.7916666666666666 0.3740234375 0.8104575163398693 0.3740234375
9 0.7679738562091504 0.37109375 0.821078431372549 0.37109375 0.7679738562091504 0.3935546875 0.821078431372549 0.3935546875
9 0.7704248366013072 0.3896484375 0.8227124183006536 0.3896484375 0.7704248366013072 0.404296875 0.8227124183006536 0.404296875
9 0.8006535947712419 0.4091796875 0.8129084967320261 0.4091796875 0.8006535947712419 0.42578125 0.8129084967320261 0.42578125
9 0.9133986928104575 0.4091796875 0.9297385620915033 0.4091796875 0.9133986928104575 0.4287109375 0.9297385620915033 0.4287109375
9 0.9836601307189542 0.3779296875 0.9991830065359477 0.3779296875 0.9836601307189542 0.40625 0.9991830065359477 0.40625
13 0.39052287581699346 0.203125 0.7295751633986928 0.203125 0.39052287581699346 0.2626953125 0.7295751633986928 0.2626953125
2 0.5032679738562091 0.4580078125 0.5138888888888888 0.4580078125 0.5032679738562091 0.4677734375 0.5138888888888888 0.4677734375
2 0.4934640522875817 0.4599609375 0.5106209150326797 0.4599609375 0.4934640522875817 0.478515625 0.5106209150326797 0.478515625
2 0.5179738562091504 0.45703125 0.5285947712418301 0.45703125 0.5179738562091504 0.4697265625 0.5285947712418301 0.4697265625
2 0.5285947712418301 0.458984375 0.5343137254901961 0.458984375 0.5285947712418301 0.474609375 0.5343137254901961 0.474609375
2 0.5318627450980392 0.45703125 0.5441176470588235 0.45703125 0.5318627450980392 0.4765625 0.5441176470588235 0.4765625
2 0.5424836601307189 0.4521484375 0.5661764705882353 0.4521484375 0.5424836601307189 0.478515625 0.5661764705882353 0.478515625
2 0.565359477124183 0.455078125 0.5759803921568627 0.455078125 0.565359477124183 0.474609375 0.5759803921568627 0.474609375
2 0.5718954248366013 0.453125 0.5866013071895425 0.453125 0.5718954248366013 0.4755859375 0.5866013071895425 0.4755859375
2 0.5866013071895425 0.4443359375 0.6151960784313726 0.4443359375 0.5866013071895425 0.48046875 0.6151960784313726 0.48046875
2 0.6225490196078431 0.4345703125 0.7287581699346405 0.4345703125 0.6225490196078431 0.5625 0.7287581699346405 0.5625