4 0.545751633986928 0.484375 0.5506535947712419 0.484375 0.545751633986928 0.4970703125 0.5506535947712419 0.4970703125
4 0.48366013071895425 0.482421875 0.4877450980392157 0.482421875 0.48366013071895425 0.49609375 0.4877450980392157 0.49609375
4 0.4534313725490196 0.5068359375 0.4583333333333333 0.5068359375 0.4534313725490196 0.5146484375 0.4583333333333333 0.5146484375
4 0.38235294117647056 0.4990234375 0.3880718954248366 0.4990234375 0.38235294117647056 0.5068359375 0.3880718954248366 0.5068359375
4 0.4150326797385621 0.5029296875 0.4199346405228758 0.5029296875 0.4150326797385621 0.5087890625 0.4199346405228758 0.5087890625
9 0.755718954248366 0.439453125 0.7818627450980392 0.439453125 0.755718954248366 0.4697265625 0.7818627450980392 0.4697265625
9 0.755718954248366 0.466796875 0.7826797385620915 0.466796875 0.755718954248366 0.4990234375 0.7826797385620915 0.4990234375
9 0.5637254901960784 0.4775390625 0.5751633986928104 0.4775390625 0.5637254901960784 0.4853515625 0.5751633986928104 0.4853515625
9 0.5645424836601307 0.4853515625 0.5743464052287581 0.4853515625 0.5645424836601307 0.4951171875 0.5743464052287581 0.4951171875
9 0.07598039215686274 0.416015625 0.10130718954248366 0.416015625 0.07598039215686274 0.44140625 0.10130718954248366 0.44140625
9 0.0727124183006536 0.44140625 0.09803921568627451 0.44140625 0.0727124183006536 0.470703125 0.09803921568627451 0.470703125
9 0.07107843137254902 0.46875 0.09967320261437909 0.46875 0.07107843137254902 0.501953125 0.09967320261437909 0.501953125
9 0.3022875816993464 0.482421875 0.309640522875817 0.482421875 0.3022875816993464 0.4921875 0.309640522875817 0.4921875
9 0.22875816993464052 0.4541015625 0.2549019607843137 0.4541015625 0.22875816993464052 0.5 0.2549019607843137 0.5
7 0.7189542483660131 0.521484375 0.7328431372549019 0.521484375 0.7189542483660131 0.56640625 0.7328431372549019 0.56640625
7 0.690359477124183 0.5234375 0.7058823529411765 0.5234375 0.690359477124183 0.5634765625 0.7058823529411765 0.5634765625
7 0.678921568627451 0.515625 0.690359477124183 0.515625 0.678921568627451 0.5556640625 0.690359477124183 0.5556640625
7 0.6633986928104575 0.5166015625 0.6748366013071896 0.5166015625 0.6633986928104575 0.5546875 0.6748366013071896 0.5546875
7 0.6511437908496732 0.5185546875 0.6683006535947712 0.5185546875 0.6511437908496732 0.5654296875 0.6683006535947712 0.5654296875
7 0.6013071895424836 0.513671875 0.6127450980392157 0.513671875 0.6013071895424836 0.55078125 0.6127450980392157 0.55078125
7 0.5955882352941176 0.5185546875 0.6037581699346405 0.5185546875 0.5955882352941176 0.5498046875 0.6037581699346405 0.5498046875
5 0.49019607843137253 0.5400390625 0.5310457516339869 0.5400390625 0.49019607843137253 0.6220703125 0.5310457516339869 0.6220703125
2 0.44362745098039214 0.513671875 0.4591503267973856 0.513671875 0.44362745098039214 0.5322265625 0.4591503267973856 0.5322265625
2 0.511437908496732 0.51953125 0.5220588235294118 0.51953125 0.511437908496732 0.53125 0.5220588235294118 0.53125
2 0.45669934640522875 0.51953125 0.4861111111111111 0.51953125 0.45669934640522875 0.560546875 0.4861111111111111 0.560546875
2 0.40931372549019607 0.5185546875 0.4411764705882353 0.5185546875 0.40931372549019607 0.548828125 0.4411764705882353 0.548828125
2 0.3276143790849673 0.517578125 0.3668300653594771 0.517578125 0.3276143790849673 0.5556640625 0.3668300653594771 0.5556640625
2 0.29820261437908496 0.525390625 0.34395424836601307 0.525390625 0.29820261437908496 0.591796875 0.34395424836601307 0.591796875
2 0.35947712418300654 0.5205078125 0.4068627450980392 0.5205078125 0.35947712418300654 0.5634765625 0.4068627450980392 0.5634765625
2 0.14705882352941177 0.5185546875 0.3349673202614379 0.5185546875 0.14705882352941177 0.6748046875 0.3349673202614379 0.6748046875
7 0.4934640522875817 0.5224609375 0.5261437908496732 0.5224609375 0.4934640522875817 0.603515625 0.5261437908496732 0.603515625