9 0.6478758169934641 0.4755859375 0.6633986928104575 0.4755859375 0.6478758169934641 0.4931640625 0.6633986928104575 0.4931640625
9 0.6168300653594772 0.4140625 0.6544117647058824 0.4140625 0.6168300653594772 0.423828125 0.6544117647058824 0.423828125
9 0.5702614379084967 0.4375 0.5931372549019608 0.4375 0.5702614379084967 0.462890625 0.5931372549019608 0.462890625
9 0.5563725490196079 0.478515625 0.5669934640522876 0.478515625 0.5563725490196079 0.49609375 0.5669934640522876 0.49609375
9 0.5285947712418301 0.4814453125 0.5383986928104575 0.4814453125 0.5285947712418301 0.5 0.5383986928104575 0.5
9 0.5106209150326797 0.453125 0.5212418300653595 0.453125 0.5106209150326797 0.466796875 0.5212418300653595 0.466796875
9 0.4387254901960784 0.484375 0.45588235294117646 0.484375 0.4387254901960784 0.5068359375 0.45588235294117646 0.5068359375
9 0.3758169934640523 0.447265625 0.3888888888888889 0.447265625 0.3758169934640523 0.4619140625 0.3888888888888889 0.4619140625
9 0.4583333333333333 0.4404296875 0.47630718954248363 0.4404296875 0.4583333333333333 0.447265625 0.47630718954248363 0.447265625
9 0.4583333333333333 0.4462890625 0.477124183006536 0.4462890625 0.4583333333333333 0.453125 0.477124183006536 0.453125
9 0.4542483660130719 0.4521484375 0.4722222222222222 0.4521484375 0.4542483660130719 0.458984375 0.4722222222222222 0.458984375
9 0.670751633986928 0.4482421875 0.6781045751633987 0.4482421875 0.670751633986928 0.45703125 0.6781045751633987 0.45703125
9 0.5923202614379085 0.4326171875 0.6184640522875817 0.4326171875 0.5923202614379085 0.4609375 0.6184640522875817 0.4609375
2 0.9223856209150327 0.49609375 0.9991830065359477 0.49609375 0.9223856209150327 0.6845703125 0.9991830065359477 0.6845703125
2 0.7647058823529411 0.4794921875 0.9991830065359477 0.4794921875 0.7647058823529411 0.5986328125 0.9991830065359477 0.5986328125
2 0.755718954248366 0.4697265625 0.8995098039215687 0.4697265625 0.755718954248366 0.5283203125 0.8995098039215687 0.5283203125
2 0.9428104575163399 0.453125 0.9828431372549019 0.453125 0.9428104575163399 0.4755859375 0.9828431372549019 0.4755859375
2 0.9019607843137255 0.4560546875 0.9485294117647058 0.4560546875 0.9019607843137255 0.4775390625 0.9485294117647058 0.4775390625
2 0.8733660130718954 0.45703125 0.9035947712418301 0.45703125 0.8733660130718954 0.4716796875 0.9035947712418301 0.4716796875
2 0.8308823529411765 0.4599609375 0.8741830065359477 0.4599609375 0.8308823529411765 0.470703125 0.8741830065359477 0.470703125
2 0.7973856209150327 0.4599609375 0.8071895424836601 0.4599609375 0.7973856209150327 0.4775390625 0.8071895424836601 0.4775390625
2 0.7197712418300654 0.4619140625 0.7532679738562091 0.4619140625 0.7197712418300654 0.4892578125 0.7532679738562091 0.4892578125