4 0.07679738562091504 0.3955078125 0.09477124183006536 0.3955078125 0.07679738562091504 0.4443359375 0.09477124183006536 0.4443359375
4 0.4526143790849673 0.4541015625 0.4550653594771242 0.4541015625 0.4526143790849673 0.4619140625 0.4550653594771242 0.4619140625
4 0.7704248366013072 0.1572265625 0.8300653594771242 0.1572265625 0.7704248366013072 0.2958984375 0.8300653594771242 0.2958984375
4 0.8112745098039216 0.4677734375 0.829248366013072 0.4677734375 0.8112745098039216 0.53125 0.829248366013072 0.53125
4 0.005718954248366013 0.4423828125 0.01715686274509804 0.4423828125 0.005718954248366013 0.470703125 0.01715686274509804 0.470703125
9 0.07761437908496732 0.47265625 0.0923202614379085 0.47265625 0.07761437908496732 0.494140625 0.0923202614379085 0.494140625
7 0.5433006535947712 0.4658203125 0.548202614379085 0.4658203125 0.5433006535947712 0.484375 0.548202614379085 0.484375
2 0 0.4697265625 0.11519607843137254 0.4697265625 0 0.5537109375 0.11519607843137254 0.5537109375
2 0.06781045751633986 0.4033203125 0.352124183006536 0.4033203125 0.06781045751633986 0.65625 0.352124183006536 0.65625
2 0.3243464052287582 0.453125 0.4117647058823529 0.453125 0.3243464052287582 0.56640625 0.4117647058823529 0.56640625
2 0.37254901960784315 0.505859375 0.6021241830065359 0.505859375 0.37254901960784315 0.732421875 0.6021241830065359 0.732421875
2 0.4411764705882353 0.482421875 0.5310457516339869 0.482421875 0.4411764705882353 0.5107421875 0.5310457516339869 0.5107421875
7 0.6388888888888888 0.4560546875 0.690359477124183 0.4560546875 0.6388888888888888 0.6044921875 0.690359477124183 0.6044921875
7 0.5163398692810458 0.4677734375 0.5294117647058824 0.4677734375 0.5163398692810458 0.49609375 0.5294117647058824 0.49609375