4 0.6772222222222222 0.305625 0.7033333333333334 0.305625 0.6772222222222222 0.370625 0.7033333333333334 0.370625
4 0.6705555555555556 0.369375 0.6938888888888889 0.369375 0.6705555555555556 0.39375 0.6938888888888889 0.39375
4 0.5305555555555556 0.41125 0.5416666666666666 0.41125 0.5305555555555556 0.42625 0.5416666666666666 0.42625
4 0.0016666666666666668 0.32625 0.025555555555555557 0.32625 0.0016666666666666668 0.390625 0.025555555555555557 0.390625
9 0.6783333333333333 0.42 0.69 0.42 0.6783333333333333 0.4375 0.69 0.4375
7 0.9744444444444444 0.414375 0.9994444444444445 0.414375 0.9744444444444444 0.51875 0.9994444444444445 0.51875
7 0.9094444444444445 0.420625 0.9466666666666667 0.420625 0.9094444444444445 0.53 0.9466666666666667 0.53
7 0.8988888888888888 0.40375 0.9238888888888889 0.40375 0.8988888888888888 0.489375 0.9238888888888889 0.489375
7 0.8716666666666667 0.40125 0.9005555555555556 0.40125 0.8716666666666667 0.498125 0.9005555555555556 0.498125
7 0.31333333333333335 0.4475 0.3211111111111111 0.4475 0.31333333333333335 0.465625 0.3211111111111111 0.465625
7 0.32166666666666666 0.445625 0.3283333333333333 0.445625 0.32166666666666666 0.46375 0.3283333333333333 0.46375
7 0.28833333333333333 0.445 0.2972222222222222 0.445 0.28833333333333333 0.466875 0.2972222222222222 0.466875
7 0.21222222222222223 0.444375 0.22777777777777777 0.444375 0.21222222222222223 0.488125 0.22777777777777777 0.488125
7 0.11833333333333333 0.440625 0.13722222222222222 0.440625 0.11833333333333333 0.49125 0.13722222222222222 0.49125
7 0.08222222222222222 0.434375 0.09944444444444445 0.434375 0.08222222222222222 0.486875 0.09944444444444445 0.486875
7 0.0038888888888888888 0.441875 0.025 0.441875 0.0038888888888888888 0.521875 0.025 0.521875
2 0.4922222222222222 0.440625 0.5277777777777778 0.440625 0.4922222222222222 0.476875 0.5277777777777778 0.476875
2 0.4627777777777778 0.44125 0.5016666666666667 0.44125 0.4627777777777778 0.481875 0.5016666666666667 0.481875