1 0.47444444444444445 0.416875 0.4905555555555556 0.416875 0.47444444444444445 0.438125 0.4905555555555556 0.438125
4 0.2911111111111111 0.405 0.3016666666666667 0.405 0.2911111111111111 0.416875 0.3016666666666667 0.416875
4 0.5911111111111111 0.385625 0.6016666666666667 0.385625 0.5911111111111111 0.398125 0.6016666666666667 0.398125
9 0.07055555555555555 0.414375 0.08555555555555555 0.414375 0.07055555555555555 0.446875 0.08555555555555555 0.446875
9 0.12833333333333333 0.42625 0.16055555555555556 0.42625 0.12833333333333333 0.43875 0.16055555555555556 0.43875
9 0.14055555555555554 0.43875 0.15055555555555555 0.43875 0.14055555555555554 0.450625 0.15055555555555555 0.450625
9 0.29055555555555557 0.4175 0.30944444444444447 0.4175 0.29055555555555557 0.44125 0.30944444444444447 0.44125
9 0.495 0.4175 0.5005555555555555 0.4175 0.495 0.425 0.5005555555555555 0.425
9 0.5872222222222222 0.401875 0.6077777777777778 0.401875 0.5872222222222222 0.433125 0.6077777777777778 0.433125
9 0.8077777777777778 0.366875 0.8227777777777778 0.366875 0.8077777777777778 0.3775 0.8227777777777778 0.3775
9 0.8038888888888889 0.349375 0.825 0.349375 0.8038888888888889 0.366875 0.825 0.366875
9 0.785 0.26375 0.8405555555555555 0.26375 0.785 0.350625 0.8405555555555555 0.350625
9 0.5294444444444445 0.4225 0.5372222222222223 0.4225 0.5294444444444445 0.435625 0.5372222222222223 0.435625
7 0.07111111111111111 0.480625 0.1 0.480625 0.07111111111111111 0.558125 0.1 0.558125
7 0.2677777777777778 0.461875 0.2783333333333333 0.461875 0.2677777777777778 0.496875 0.2783333333333333 0.496875
7 0.2477777777777778 0.463125 0.2588888888888889 0.463125 0.2477777777777778 0.5025 0.2588888888888889 0.5025
7 0.2361111111111111 0.463125 0.24722222222222223 0.463125 0.2361111111111111 0.51 0.24722222222222223 0.51
7 0.34944444444444445 0.461875 0.36833333333333335 0.461875 0.34944444444444445 0.510625 0.36833333333333335 0.510625
7 0.3433333333333333 0.465 0.3572222222222222 0.465 0.3433333333333333 0.51125 0.3572222222222222 0.51125
7 0.5744444444444444 0.43 0.5805555555555556 0.43 0.5744444444444444 0.44375 0.5805555555555556 0.44375
7 0.5561111111111111 0.444375 0.5633333333333334 0.444375 0.5561111111111111 0.465625 0.5633333333333334 0.465625
7 0.5494444444444444 0.44625 0.555 0.44625 0.5494444444444444 0.46625 0.555 0.46625
7 0.565 0.4425 0.5744444444444444 0.4425 0.565 0.469375 0.5744444444444444 0.469375
7 0.5855555555555556 0.441875 0.5927777777777777 0.441875 0.5855555555555556 0.46625 0.5927777777777777 0.46625
7 0.5788888888888889 0.44375 0.5861111111111111 0.44375 0.5788888888888889 0.47 0.5861111111111111 0.47
7 0.6 0.439375 0.6088888888888889 0.439375 0.6 0.470625 0.6088888888888889 0.470625
7 0.615 0.43125 0.6205555555555555 0.43125 0.615 0.44875 0.6205555555555555 0.44875
7 0.6055555555555555 0.43 0.6133333333333333 0.43 0.6055555555555555 0.448125 0.6133333333333333 0.448125
7 0.6127777777777778 0.4475 0.6211111111111111 0.4475 0.6127777777777778 0.465 0.6211111111111111 0.465
7 0.6483333333333333 0.42125 0.6538888888888889 0.42125 0.6483333333333333 0.43375 0.6538888888888889 0.43375
7 0.6261111111111111 0.431875 0.6333333333333333 0.431875 0.6261111111111111 0.4525 0.6333333333333333 0.4525
7 0.6333333333333333 0.433125 0.6388888888888888 0.433125 0.6333333333333333 0.453125 0.6388888888888888 0.453125
7 0.6366666666666667 0.438125 0.6433333333333333 0.438125 0.6366666666666667 0.4575 0.6433333333333333 0.4575
7 0.6416666666666667 0.44125 0.65 0.44125 0.6416666666666667 0.46375 0.65 0.46375
7 0.6116666666666667 0.458125 0.6244444444444445 0.458125 0.6116666666666667 0.49375 0.6244444444444445 0.49375
7 0.6222222222222222 0.45625 0.6338888888888888 0.45625 0.6222222222222222 0.495625 0.6338888888888888 0.495625
7 0.635 0.4575 0.6488888888888888 0.4575 0.635 0.505625 0.6488888888888888 0.505625
7 0.65 0.45625 0.6683333333333333 0.45625 0.65 0.50625 0.6683333333333333 0.50625
7 0.6644444444444444 0.4525 0.6755555555555556 0.4525 0.6644444444444444 0.496875 0.6755555555555556 0.496875
7 0.6777777777777778 0.4475 0.6888888888888889 0.4475 0.6777777777777778 0.47625 0.6888888888888889 0.47625
7 0.69 0.45 0.7055555555555556 0.45 0.69 0.511875 0.7055555555555556 0.511875
7 0.7094444444444444 0.448125 0.7183333333333334 0.448125 0.7094444444444444 0.48125 0.7183333333333334 0.48125
7 0.7227777777777777 0.434375 0.7311111111111112 0.434375 0.7227777777777777 0.460625 0.7311111111111112 0.460625
7 0.7283333333333334 0.4325 0.7344444444444445 0.4325 0.7283333333333334 0.453125 0.7344444444444445 0.453125
7 0.7016666666666667 0.438125 0.7088888888888889 0.438125 0.7016666666666667 0.464375 0.7088888888888889 0.464375
7 0.6888888888888889 0.435 0.7011111111111111 0.435 0.6888888888888889 0.465625 0.7011111111111111 0.465625
7 0.7522222222222222 0.4425 0.7622222222222222 0.4425 0.7522222222222222 0.47375 0.7622222222222222 0.47375
7 0.7366666666666667 0.440625 0.7522222222222222 0.440625 0.7366666666666667 0.469375 0.7522222222222222 0.469375
7 0.7527777777777778 0.424375 0.7605555555555555 0.424375 0.7527777777777778 0.443125 0.7605555555555555 0.443125
7 0.8755555555555555 0.425 0.8833333333333333 0.425 0.8755555555555555 0.45 0.8833333333333333 0.45
7 0.7961111111111111 0.433125 0.8038888888888889 0.433125 0.7961111111111111 0.46 0.8038888888888889 0.46
7 0.8055555555555556 0.431875 0.8138888888888889 0.431875 0.8055555555555556 0.4625 0.8138888888888889 0.4625
7 0.8622222222222222 0.43125 0.8722222222222222 0.43125 0.8622222222222222 0.461875 0.8722222222222222 0.461875
7 0.8488888888888889 0.431875 0.8594444444444445 0.431875 0.8488888888888889 0.466875 0.8594444444444445 0.466875
7 0.7722222222222223 0.444375 0.7788888888888889 0.444375 0.7722222222222223 0.465 0.7788888888888889 0.465
7 0.72 0.460625 0.745 0.460625 0.72 0.54 0.745 0.54
7 0.7394444444444445 0.458125 0.7561111111111111 0.458125 0.7394444444444445 0.530625 0.7561111111111111 0.530625
7 0.7527777777777778 0.4625 0.7705555555555555 0.4625 0.7527777777777778 0.53875 0.7705555555555555 0.53875
7 0.7644444444444445 0.4625 0.7911111111111111 0.4625 0.7644444444444445 0.54875 0.7911111111111111 0.54875
7 0.7888888888888889 0.465 0.8111111111111111 0.465 0.7888888888888889 0.549375 0.8111111111111111 0.549375
7 0.7966666666666666 0.45625 0.8166666666666667 0.45625 0.7966666666666666 0.535 0.8166666666666667 0.535
7 0.8194444444444444 0.4575 0.8422222222222222 0.4575 0.8194444444444444 0.558125 0.8422222222222222 0.558125
7 0.8444444444444444 0.450625 0.87 0.450625 0.8444444444444444 0.541875 0.87 0.541875
7 0.8788888888888889 0.430625 0.9088888888888889 0.430625 0.8788888888888889 0.558125 0.9088888888888889 0.558125
7 0.9061111111111111 0.439375 0.9372222222222222 0.439375 0.9061111111111111 0.56625 0.9372222222222222 0.56625
7 0.9238888888888889 0.43625 0.9422222222222222 0.43625 0.9238888888888889 0.553125 0.9422222222222222 0.553125
7 0.9388888888888889 0.43625 0.9638888888888889 0.43625 0.9388888888888889 0.554375 0.9638888888888889 0.554375
7 0.955 0.43125 0.9994444444444445 0.43125 0.955 0.573125 0.9994444444444445 0.573125
7 0.9872222222222222 0.435 0.9994444444444445 0.435 0.9872222222222222 0.5625 0.9994444444444445 0.5625
7 0.7661111111111111 0.42875 0.7727777777777778 0.42875 0.7661111111111111 0.448125 0.7727777777777778 0.448125
7 0.7416666666666667 0.420625 0.7488888888888889 0.420625 0.7416666666666667 0.44125 0.7488888888888889 0.44125
2 0.04111111111111111 0.466875 0.18555555555555556 0.466875 0.04111111111111111 0.53875 0.18555555555555556 0.53875
2 0.5144444444444445 0.45125 0.5444444444444444 0.45125 0.5144444444444445 0.46625 0.5444444444444444 0.46625
2 0.445 0.4475 0.5138888888888888 0.4475 0.445 0.476875 0.5138888888888888 0.476875
2 0.4638888888888889 0.441875 0.48055555555555557 0.441875 0.4638888888888889 0.45 0.48055555555555557 0.45
2 0.485 0.435 0.4988888888888889 0.435 0.485 0.4475 0.4988888888888889 0.4475
2 0.49166666666666664 0.438125 0.5116666666666667 0.438125 0.49166666666666664 0.45 0.5116666666666667 0.45
2 0.46444444444444444 0.430625 0.4766666666666667 0.430625 0.46444444444444444 0.441875 0.4766666666666667 0.441875
2 0.4661111111111111 0.423125 0.47333333333333333 0.423125 0.4661111111111111 0.429375 0.47333333333333333 0.429375
2 0.46055555555555555 0.42625 0.4716666666666667 0.42625 0.46055555555555555 0.4375 0.4716666666666667 0.4375
2 0.4666666666666667 0.418125 0.4716666666666667 0.418125 0.4666666666666667 0.4225 0.4716666666666667 0.4225
2 0.4622222222222222 0.415 0.4666666666666667 0.415 0.4622222222222222 0.42 0.4666666666666667 0.42
2 0.45 0.425 0.4572222222222222 0.425 0.45 0.431875 0.4572222222222222 0.431875
2 0.45166666666666666 0.42 0.4572222222222222 0.42 0.45166666666666666 0.425 0.4572222222222222 0.425
2 0.44166666666666665 0.43375 0.45555555555555555 0.43375 0.44166666666666665 0.4475 0.45555555555555555 0.4475
2 0.4361111111111111 0.428125 0.44666666666666666 0.428125 0.4361111111111111 0.436875 0.44666666666666666 0.436875
2 0.4311111111111111 0.4325 0.44 0.4325 0.4311111111111111 0.440625 0.44 0.440625
2 0.43444444444444447 0.43875 0.45111111111111113 0.43875 0.43444444444444447 0.455625 0.45111111111111113 0.455625
2 0.43444444444444447 0.445 0.45055555555555554 0.445 0.43444444444444447 0.466875 0.45055555555555554 0.466875
2 0.41055555555555556 0.44875 0.44055555555555553 0.44875 0.41055555555555556 0.4775 0.44055555555555553 0.4775
2 0.38166666666666665 0.458125 0.42944444444444446 0.458125 0.38166666666666665 0.5025 0.42944444444444446 0.5025
2 0.3322222222222222 0.465625 0.37666666666666665 0.465625 0.3322222222222222 0.50125 0.37666666666666665 0.50125
2 0.3661111111111111 0.45875 0.3861111111111111 0.45875 0.3661111111111111 0.495 0.3861111111111111 0.495
2 0.3705555555555556 0.450625 0.39666666666666667 0.450625 0.3705555555555556 0.466875 0.39666666666666667 0.466875
2 0.3938888888888889 0.44625 0.4127777777777778 0.44625 0.3938888888888889 0.458125 0.4127777777777778 0.458125
2 0.41333333333333333 0.47625 0.47833333333333333 0.47625 0.41333333333333333 0.559375 0.47833333333333333 0.559375
2 0.45055555555555554 0.464375 0.6011111111111112 0.464375 0.45055555555555554 0.59375 0.6011111111111112 0.59375
2 0.41388888888888886 0.439375 0.4272222222222222 0.439375 0.41388888888888886 0.45 0.4272222222222222 0.45
2 0.4216666666666667 0.436875 0.4338888888888889 0.436875 0.4216666666666667 0.448125 0.4338888888888889 0.448125
3 0.6394444444444445 0.4925 0.6527777777777778 0.4925 0.6394444444444445 0.52625 0.6527777777777778 0.52625