4 0.4125816993464052 0.3837890625 0.4158496732026144 0.3837890625 0.4125816993464052 0.388671875 0.4158496732026144 0.388671875
4 0.5138888888888888 0.384765625 0.5171568627450981 0.384765625 0.5138888888888888 0.3916015625 0.5171568627450981 0.3916015625
9 0.9632352941176471 0.3447265625 0.9730392156862745 0.3447265625 0.9632352941176471 0.37109375 0.9730392156862745 0.37109375
9 0.3872549019607843 0.3623046875 0.397875816993464 0.3623046875 0.3872549019607843 0.375 0.397875816993464 0.375
9 0.9607843137254902 0.3779296875 0.9697712418300654 0.3779296875 0.9607843137254902 0.3984375 0.9697712418300654 0.3984375
9 0.5024509803921569 0.40625 0.5089869281045751 0.40625 0.5024509803921569 0.4140625 0.5089869281045751 0.4140625
9 0.6944444444444444 0.3759765625 0.7066993464052288 0.3759765625 0.6944444444444444 0.3828125 0.7066993464052288 0.3828125
7 0.31290849673202614 0.3759765625 0.33088235294117646 0.3759765625 0.31290849673202614 0.4306640625 0.33088235294117646 0.4306640625
7 0.37663398692810457 0.3896484375 0.38562091503267976 0.3896484375 0.37663398692810457 0.4296875 0.38562091503267976 0.4296875
7 0.33251633986928103 0.3798828125 0.33905228758169936 0.3798828125 0.33251633986928103 0.404296875 0.33905228758169936 0.404296875
0 0.7099673202614379 0.4189453125 0.7263071895424836 0.4189453125 0.7099673202614379 0.453125 0.7263071895424836 0.453125
0 0.7222222222222222 0.421875 0.7459150326797386 0.421875 0.7222222222222222 0.455078125 0.7459150326797386 0.455078125
0 0.7116013071895425 0.421875 0.7369281045751634 0.421875 0.7116013071895425 0.455078125 0.7369281045751634 0.455078125
2 0.5759803921568627 0.380859375 0.6274509803921569 0.380859375 0.5759803921568627 0.4443359375 0.6274509803921569 0.4443359375
2 0.5473856209150327 0.3740234375 0.5849673202614379 0.3740234375 0.5473856209150327 0.4296875 0.5849673202614379 0.4296875
2 0.5318627450980392 0.4013671875 0.548202614379085 0.4013671875 0.5318627450980392 0.421875 0.548202614379085 0.421875
2 0.5187908496732027 0.400390625 0.5351307189542484 0.400390625 0.5187908496732027 0.4169921875 0.5351307189542484 0.4169921875
2 0.47630718954248363 0.400390625 0.4991830065359477 0.400390625 0.47630718954248363 0.4208984375 0.4991830065359477 0.4208984375
2 0.43709150326797386 0.37890625 0.4665032679738562 0.37890625 0.43709150326797386 0.421875 0.4665032679738562 0.421875
2 0.4150326797385621 0.3916015625 0.4207516339869281 0.3916015625 0.4150326797385621 0.4033203125 0.4207516339869281 0.4033203125