4 0.435 0.395 0.43944444444444447 0.395 0.435 0.406875 0.43944444444444447 0.406875
4 0.4761111111111111 0.39625 0.48055555555555557 0.39625 0.4761111111111111 0.408125 0.48055555555555557 0.408125
9 0.25 0.445 0.255 0.445 0.25 0.453125 0.255 0.453125
0 0.6594444444444445 0.4575 0.6672222222222223 0.4575 0.6594444444444445 0.479375 0.6672222222222223 0.479375
0 0.7422222222222222 0.459375 0.755 0.459375 0.7422222222222222 0.49125 0.755 0.49125
2 0.16833333333333333 0.46 0.195 0.46 0.16833333333333333 0.47625 0.195 0.47625
2 0.19166666666666668 0.459375 0.21388888888888888 0.459375 0.19166666666666668 0.47125 0.21388888888888888 0.47125
2 0.31333333333333335 0.460625 0.33611111111111114 0.460625 0.31333333333333335 0.478125 0.33611111111111114 0.478125
2 0.3327777777777778 0.45875 0.35388888888888886 0.45875 0.3327777777777778 0.475 0.35388888888888886 0.475
2 0.4716666666666667 0.45 0.4811111111111111 0.45 0.4716666666666667 0.45875 0.4811111111111111 0.45875
2 0.48833333333333334 0.45 0.49666666666666665 0.45 0.48833333333333334 0.46 0.49666666666666665 0.46
2 0.49333333333333335 0.451875 0.5072222222222222 0.451875 0.49333333333333335 0.465625 0.5072222222222222 0.465625
2 0.08611111111111111 0.460625 0.11277777777777778 0.460625 0.08611111111111111 0.476875 0.11277777777777778 0.476875
2 0.42777777777777776 0.45125 0.43777777777777777 0.45125 0.42777777777777776 0.461875 0.43777777777777777 0.461875
7 0.6588888888888889 0.446875 0.6672222222222223 0.446875 0.6588888888888889 0.470625 0.6672222222222223 0.470625
7 0.7405555555555555 0.4475 0.755 0.4475 0.7405555555555555 0.4825 0.755 0.4825
3 0.6438888888888888 0.461875 0.6561111111111111 0.461875 0.6438888888888888 0.494375 0.6561111111111111 0.494375