9 0.8177777777777778 0.274375 0.8394444444444444 0.274375 0.8177777777777778 0.315625 0.8394444444444444 0.315625
2 0.6283333333333333 0.418125 0.9077777777777778 0.418125 0.6283333333333333 0.611875 0.9077777777777778 0.611875
2 0.5316666666666666 0.39875 0.6533333333333333 0.39875 0.5316666666666666 0.505 0.6533333333333333 0.505
2 0.5211111111111111 0.423125 0.5483333333333333 0.423125 0.5211111111111111 0.49125 0.5483333333333333 0.49125
2 0.5072222222222222 0.4275 0.5327777777777778 0.4275 0.5072222222222222 0.47375 0.5327777777777778 0.47375
2 0.49944444444444447 0.4375 0.5166666666666667 0.4375 0.49944444444444447 0.465625 0.5166666666666667 0.465625
2 0.48777777777777775 0.433125 0.5055555555555555 0.433125 0.48777777777777775 0.459375 0.5055555555555555 0.459375
2 0.4666666666666667 0.44375 0.47888888888888886 0.44375 0.4666666666666667 0.45375 0.47888888888888886 0.45375
2 0.42833333333333334 0.441875 0.465 0.441875 0.42833333333333334 0.456875 0.465 0.456875
2 0.4122222222222222 0.4425 0.43 0.4425 0.4122222222222222 0.461875 0.43 0.461875
2 0.3983333333333333 0.4425 0.4172222222222222 0.4425 0.3983333333333333 0.464375 0.4172222222222222 0.464375
2 0.37444444444444447 0.443125 0.4027777777777778 0.443125 0.37444444444444447 0.47125 0.4027777777777778 0.47125
2 0.025555555555555557 0.400625 0.33555555555555555 0.400625 0.025555555555555557 0.620625 0.33555555555555555 0.620625