9 0.90234375 0.4658203125 0.94609375 0.4658203125 0.90234375 0.5263671875 0.94609375 0.5263671875
9 0.6328125 0.4814453125 0.6734375 0.4814453125 0.6328125 0.5419921875 0.6734375 0.5419921875
9 0.39921875 0.48828125 0.43046875 0.48828125 0.39921875 0.533203125 0.43046875 0.533203125
2 0.7328125 0.494140625 0.83671875 0.494140625 0.7328125 0.55078125 0.83671875 0.55078125
2 0.6671875 0.4853515625 0.72265625 0.4853515625 0.6671875 0.5322265625 0.72265625 0.5322265625
2 0.71484375 0.486328125 0.7515625 0.486328125 0.71484375 0.5244140625 0.7515625 0.5244140625
2 0.590625 0.4853515625 0.6359375 0.4853515625 0.590625 0.5322265625 0.6359375 0.5322265625
2 0.42890625 0.4970703125 0.4734375 0.4970703125 0.42890625 0.533203125 0.4734375 0.533203125
2 0.26875 0.501953125 0.31875 0.501953125 0.26875 0.5361328125 0.31875 0.5361328125
2 0.11875 0.5126953125 0.1640625 0.5126953125 0.11875 0.546875 0.1640625 0.546875
2 0.08203125 0.5048828125 0.13125 0.5048828125 0.08203125 0.55078125 0.13125 0.55078125
2 0.321875 0.5 0.35625 0.5 0.321875 0.5341796875 0.35625 0.5341796875
2 0.4640625 0.4921875 0.5015625 0.4921875 0.4640625 0.529296875 0.5015625 0.529296875