1 0.7696078431372549 0.4794921875 0.9991830065359477 0.4794921875 0.7696078431372549 0.583984375 0.9991830065359477 0.583984375
4 0.636437908496732 0.4755859375 0.6397058823529411 0.4755859375 0.636437908496732 0.4853515625 0.6397058823529411 0.4853515625
4 0.613562091503268 0.42578125 0.6217320261437909 0.42578125 0.613562091503268 0.453125 0.6217320261437909 0.453125
4 0.6102941176470589 0.4931640625 0.6143790849673203 0.4931640625 0.6102941176470589 0.509765625 0.6143790849673203 0.509765625
4 0.5751633986928104 0.4755859375 0.5784313725490197 0.4755859375 0.5751633986928104 0.484375 0.5784313725490197 0.484375
4 0.553921568627451 0.4775390625 0.5563725490196079 0.4775390625 0.553921568627451 0.486328125 0.5563725490196079 0.486328125
4 0.37173202614379086 0.4501953125 0.38235294117647056 0.4501953125 0.37173202614379086 0.4736328125 0.38235294117647056 0.4736328125
4 0.375 0.521484375 0.38235294117647056 0.521484375 0.375 0.5361328125 0.38235294117647056 0.5361328125
4 0.42810457516339867 0.48046875 0.43218954248366015 0.48046875 0.42810457516339867 0.4892578125 0.43218954248366015 0.4892578125
9 0.9052287581699346 0.4150390625 0.9681372549019608 0.4150390625 0.9052287581699346 0.435546875 0.9681372549019608 0.435546875
9 0.9052287581699346 0.4365234375 0.9681372549019608 0.4365234375 0.9052287581699346 0.453125 0.9681372549019608 0.453125
9 0.9052287581699346 0.4541015625 0.9673202614379085 0.4541015625 0.9052287581699346 0.474609375 0.9673202614379085 0.474609375
9 0.9044117647058824 0.4755859375 0.9640522875816994 0.4755859375 0.9044117647058824 0.4951171875 0.9640522875816994 0.4951171875
9 0.5522875816993464 0.48828125 0.5571895424836601 0.48828125 0.5522875816993464 0.494140625 0.5571895424836601 0.494140625
9 0.36764705882352944 0.4736328125 0.3872549019607843 0.4736328125 0.36764705882352944 0.49609375 0.3872549019607843 0.49609375
9 0.3700980392156863 0.505859375 0.38480392156862747 0.505859375 0.3700980392156863 0.513671875 0.38480392156862747 0.513671875
9 0.6838235294117647 0.4716796875 0.6928104575163399 0.4716796875 0.6838235294117647 0.494140625 0.6928104575163399 0.494140625
7 0.16830065359477125 0.513671875 0.1919934640522876 0.513671875 0.16830065359477125 0.5458984375 0.1919934640522876 0.5458984375
7 0.19852941176470587 0.5107421875 0.22630718954248366 0.5107421875 0.19852941176470587 0.5419921875 0.22630718954248366 0.5419921875
5 0.28022875816993464 0.5234375 0.34558823529411764 0.5234375 0.28022875816993464 0.5751953125 0.34558823529411764 0.5751953125
2 0.7303921568627451 0.521484375 0.9991830065359477 0.521484375 0.7303921568627451 0.9990234375 0.9991830065359477 0.9990234375
2 0.6102941176470589 0.5048828125 0.8619281045751634 0.5048828125 0.6102941176470589 0.7158203125 0.8619281045751634 0.7158203125
2 0.5302287581699346 0.53515625 0.6299019607843137 0.53515625 0.5302287581699346 0.6318359375 0.6299019607843137 0.6318359375
2 0.5383986928104575 0.52734375 0.6004901960784313 0.52734375 0.5383986928104575 0.55859375 0.6004901960784313 0.55859375
2 0.5171568627450981 0.51953125 0.5718954248366013 0.51953125 0.5171568627450981 0.5751953125 0.5718954248366013 0.5751953125
2 0.5032679738562091 0.521484375 0.5269607843137255 0.521484375 0.5032679738562091 0.55859375 0.5269607843137255 0.55859375
2 0.4910130718954248 0.515625 0.5245098039215687 0.515625 0.4910130718954248 0.548828125 0.5245098039215687 0.548828125
2 0.4861111111111111 0.509765625 0.5106209150326797 0.509765625 0.4861111111111111 0.537109375 0.5106209150326797 0.537109375
2 0.46568627450980393 0.513671875 0.4861111111111111 0.513671875 0.46568627450980393 0.5361328125 0.4861111111111111 0.5361328125
2 0.43300653594771243 0.505859375 0.46405228758169936 0.505859375 0.43300653594771243 0.5185546875 0.46405228758169936 0.5185546875
2 0.4338235294117647 0.5166015625 0.4665032679738562 0.5166015625 0.4338235294117647 0.525390625 0.4665032679738562 0.525390625
2 0.4272875816993464 0.5244140625 0.48447712418300654 0.5244140625 0.4272875816993464 0.5703125 0.48447712418300654 0.5703125
2 0.29901960784313725 0.521484375 0.511437908496732 0.521484375 0.29901960784313725 0.7548828125 0.511437908496732 0.7548828125
2 0.10784313725490197 0.5283203125 0.3145424836601307 0.5283203125 0.10784313725490197 0.6943359375 0.3145424836601307 0.6943359375