9 0.6522222222222223 0.38 0.6755555555555556 0.38 0.6522222222222223 0.4075 0.6755555555555556 0.4075
9 0.24944444444444444 0.33 0.285 0.33 0.24944444444444444 0.365625 0.285 0.365625
7 0.6022222222222222 0.431875 0.6261111111111111 0.431875 0.6022222222222222 0.5025 0.6261111111111111 0.5025
7 0.6216666666666667 0.448125 0.6566666666666666 0.448125 0.6216666666666667 0.535625 0.6566666666666666 0.535625
7 0.7888888888888889 0.40625 0.8383333333333334 0.40625 0.7888888888888889 0.5025 0.8383333333333334 0.5025
7 0.9544444444444444 0.44625 0.9994444444444445 0.44625 0.9544444444444444 0.66625 0.9994444444444445 0.66625
7 0.8133333333333334 0.41875 0.885 0.41875 0.8133333333333334 0.5875 0.885 0.5875
7 0.8833333333333333 0.34375 0.9822222222222222 0.34375 0.8833333333333333 0.681875 0.9822222222222222 0.681875
7 0.7305555555555555 0.44 0.7633333333333333 0.44 0.7305555555555555 0.4875 0.7633333333333333 0.4875
7 0.7505555555555555 0.43625 0.785 0.43625 0.7505555555555555 0.509375 0.785 0.509375
0 0.7422222222222222 0.44875 0.8144444444444444 0.44875 0.7422222222222222 0.54875 0.8144444444444444 0.54875
0 0.6083333333333333 0.45375 0.76 0.45375 0.6083333333333333 0.5675 0.76 0.5675
5 0.2783333333333333 0.450625 0.365 0.450625 0.2783333333333333 0.5225 0.365 0.5225
2 0.25055555555555553 0.4525 0.3161111111111111 0.4525 0.25055555555555553 0.495 0.3161111111111111 0.495
2 0.40055555555555555 0.4175 0.5205555555555555 0.4175 0.40055555555555555 0.54375 0.5205555555555555 0.54375
2 0.5083333333333333 0.43125 0.5322222222222223 0.43125 0.5083333333333333 0.51125 0.5322222222222223 0.51125
2 0.5244444444444445 0.446875 0.5705555555555556 0.446875 0.5244444444444445 0.47875 0.5705555555555556 0.47875
2 0.62 0.44125 0.6594444444444445 0.44125 0.62 0.464375 0.6594444444444445 0.464375
7 0.6633333333333333 0.3875 0.7483333333333333 0.3875 0.6633333333333333 0.5525 0.7483333333333333 0.5525