4 0.9338235294117647 0.388671875 0.9493464052287581 0.388671875 0.9338235294117647 0.4462890625 0.9493464052287581 0.4462890625
4 0.2295751633986928 0.47265625 0.23366013071895425 0.47265625 0.2295751633986928 0.4775390625 0.23366013071895425 0.4775390625
9 0.701797385620915 0.4482421875 0.7116013071895425 0.4482421875 0.701797385620915 0.4619140625 0.7116013071895425 0.4619140625
9 0.6805555555555556 0.4521484375 0.690359477124183 0.4521484375 0.6805555555555556 0.4638671875 0.690359477124183 0.4638671875
9 0.6184640522875817 0.4599609375 0.630718954248366 0.4599609375 0.6184640522875817 0.4716796875 0.630718954248366 0.4716796875
7 0.2369281045751634 0.4931640625 0.26143790849673204 0.4931640625 0.2369281045751634 0.552734375 0.26143790849673204 0.552734375
7 0.22549019607843138 0.486328125 0.24591503267973855 0.486328125 0.22549019607843138 0.552734375 0.24591503267973855 0.552734375
7 0.2042483660130719 0.509765625 0.2238562091503268 0.509765625 0.2042483660130719 0.587890625 0.2238562091503268 0.587890625
7 0.17320261437908496 0.5068359375 0.20016339869281047 0.5068359375 0.17320261437908496 0.59375 0.20016339869281047 0.59375
7 0.1568627450980392 0.5048828125 0.17647058823529413 0.5048828125 0.1568627450980392 0.587890625 0.17647058823529413 0.587890625
7 0.13725490196078433 0.525390625 0.15604575163398693 0.525390625 0.13725490196078433 0.5908203125 0.15604575163398693 0.5908203125
7 0.11356209150326797 0.5029296875 0.14297385620915032 0.5029296875 0.11356209150326797 0.59375 0.14297385620915032 0.59375
7 0.07761437908496732 0.50390625 0.11437908496732026 0.50390625 0.07761437908496732 0.5859375 0.11437908496732026 0.5859375
7 0.051470588235294115 0.505859375 0.07352941176470588 0.505859375 0.051470588235294115 0.587890625 0.07352941176470588 0.587890625
13 0.701797385620915 0.421875 0.9934640522875817 0.421875 0.701797385620915 0.5458984375 0.9934640522875817 0.5458984375
5 0.9215686274509803 0.556640625 0.9991830065359477 0.556640625 0.9215686274509803 0.7021484375 0.9991830065359477 0.7021484375
5 0.8897058823529411 0.5791015625 0.9763071895424836 0.5791015625 0.8897058823529411 0.6845703125 0.9763071895424836 0.6845703125
5 0.8578431372549019 0.541015625 0.9746732026143791 0.541015625 0.8578431372549019 0.666015625 0.9746732026143791 0.666015625
5 0.8071895424836601 0.521484375 0.9370915032679739 0.521484375 0.8071895424836601 0.6455078125 0.9370915032679739 0.6455078125
5 0.7802287581699346 0.515625 0.8782679738562091 0.515625 0.7802287581699346 0.6279296875 0.8782679738562091 0.6279296875
2 0.5833333333333334 0.5146484375 0.7099673202614379 0.5146484375 0.5833333333333334 0.6318359375 0.7099673202614379 0.6318359375
2 0.5727124183006536 0.4921875 0.6699346405228758 0.4921875 0.5727124183006536 0.5390625 0.6699346405228758 0.5390625
2 0.548202614379085 0.4990234375 0.5882352941176471 0.4990234375 0.548202614379085 0.5341796875 0.5882352941176471 0.5341796875
2 0.27205882352941174 0.5009765625 0.5816993464052288 0.5009765625 0.27205882352941174 0.8359375 0.5816993464052288 0.8359375
2 0.25163398692810457 0.5009765625 0.3553921568627451 0.5009765625 0.25163398692810457 0.6328125 0.3553921568627451 0.6328125
2 0.5187908496732027 0.4951171875 0.548202614379085 0.4951171875 0.5187908496732027 0.517578125 0.548202614379085 0.517578125
2 0.4583333333333333 0.4931640625 0.4730392156862745 0.4931640625 0.4583333333333333 0.5048828125 0.4730392156862745 0.5048828125