4 0.8265625 0.333984375 0.85 0.333984375 0.8265625 0.4111328125 0.85 0.4111328125
4 0.4515625 0.443359375 0.45859375 0.443359375 0.4515625 0.46875 0.45859375 0.46875
9 0.81640625 0.4248046875 0.8546875 0.4248046875 0.81640625 0.4892578125 0.8546875 0.4892578125
9 0.82890625 0.5146484375 0.84453125 0.5146484375 0.82890625 0.541015625 0.84453125 0.541015625
7 0.284375 0.494140625 0.29609375 0.494140625 0.284375 0.5244140625 0.29609375 0.5244140625
0 0.70625 0.5439453125 0.74453125 0.5439453125 0.70625 0.6279296875 0.74453125 0.6279296875
2 0.20546875 0.5595703125 0.39296875 0.5595703125 0.20546875 0.72265625 0.39296875 0.72265625
2 0.375 0.5263671875 0.478125 0.5263671875 0.375 0.623046875 0.478125 0.623046875
2 0.41484375 0.4970703125 0.44140625 0.4970703125 0.41484375 0.5283203125 0.44140625 0.5283203125
2 0.34921875 0.4970703125 0.41953125 0.4970703125 0.34921875 0.55078125 0.41953125 0.55078125
2 0.59765625 0.4814453125 0.6234375 0.4814453125 0.59765625 0.5087890625 0.6234375 0.5087890625
2 0.59140625 0.4765625 0.60546875 0.4765625 0.59140625 0.4951171875 0.60546875 0.4951171875
2 0.5765625 0.474609375 0.5921875 0.474609375 0.5765625 0.4931640625 0.5921875 0.4931640625
7 0.7078125 0.50390625 0.74453125 0.50390625 0.7078125 0.6123046875 0.74453125 0.6123046875