1 0.46435546875 0.4811197916666667 0.5068359375 0.4811197916666667 0.46435546875 0.5481770833333334 0.5068359375 0.5481770833333334
1 0.3369140625 0.4954427083333333 0.423828125 0.4954427083333333 0.3369140625 0.5260416666666666 0.423828125 0.5260416666666666
9 0.919921875 0.3020833333333333 0.95556640625 0.3020833333333333 0.919921875 0.3717447916666667 0.95556640625 0.3717447916666667
7 0.93408203125 0.5071614583333334 0.96875 0.5071614583333334 0.93408203125 0.6888020833333334 0.96875 0.6888020833333334
7 0.8984375 0.5078125 0.9306640625 0.5078125 0.8984375 0.6634114583333334 0.9306640625 0.6634114583333334
7 0.8720703125 0.5078125 0.91455078125 0.5078125 0.8720703125 0.68359375 0.91455078125 0.68359375
7 0.6923828125 0.529296875 0.7451171875 0.529296875 0.6923828125 0.7317708333333334 0.7451171875 0.7317708333333334
7 0.609375 0.521484375 0.65380859375 0.521484375 0.609375 0.6796875 0.65380859375 0.6796875
7 0.578125 0.513671875 0.59716796875 0.513671875 0.578125 0.583984375 0.59716796875 0.583984375
0 0.8291015625 0.5859375 0.8818359375 0.5859375 0.8291015625 0.7024739583333334 0.8818359375 0.7024739583333334
2 0.49267578125 0.5247395833333334 0.55615234375 0.5247395833333334 0.49267578125 0.587890625 0.55615234375 0.587890625
2 0.44140625 0.49609375 0.46484375 0.49609375 0.44140625 0.5423177083333334 0.46484375 0.5423177083333334
2 0.3916015625 0.513671875 0.41796875 0.513671875 0.3916015625 0.5403645833333334 0.41796875 0.5403645833333334
7 0.82080078125 0.5143229166666666 0.87841796875 0.5143229166666666 0.82080078125 0.6959635416666666 0.87841796875 0.6959635416666666
10 0.68212890625 0.6282552083333334 0.7109375 0.6282552083333334 0.68212890625 0.6888020833333334 0.7109375 0.6888020833333334
10 0.630859375 0.6673177083333334 0.6513671875 0.6673177083333334 0.630859375 0.6875 0.6513671875 0.6875