4 0.24375 0.4228515625 0.25078125 0.4228515625 0.24375 0.431640625 0.25078125 0.431640625
4 0.24296875 0.443359375 0.24921875 0.443359375 0.24296875 0.451171875 0.24921875 0.451171875
4 0.39609375 0.3720703125 0.40234375 0.3720703125 0.39609375 0.388671875 0.40234375 0.388671875
4 0.43984375 0.3720703125 0.44609375 0.3720703125 0.43984375 0.388671875 0.44609375 0.388671875
4 0.51484375 0.408203125 0.52109375 0.408203125 0.51484375 0.416015625 0.52109375 0.416015625
4 0.515625 0.419921875 0.51953125 0.419921875 0.515625 0.4267578125 0.51953125 0.4267578125
4 0.5609375 0.404296875 0.56796875 0.404296875 0.5609375 0.4140625 0.56796875 0.4140625
9 0.01328125 0.4921875 0.0421875 0.4921875 0.01328125 0.5322265625 0.0421875 0.5322265625
9 0.0734375 0.4677734375 0.0796875 0.4677734375 0.0734375 0.484375 0.0796875 0.484375
9 0.09921875 0.4697265625 0.10703125 0.4697265625 0.09921875 0.478515625 0.10703125 0.478515625
9 0.1828125 0.40234375 0.209375 0.40234375 0.1828125 0.4140625 0.209375 0.4140625
9 0.32109375 0.3515625 0.33203125 0.3515625 0.32109375 0.3642578125 0.33203125 0.3642578125
9 0.23359375 0.4580078125 0.23828125 0.4580078125 0.23359375 0.462890625 0.23828125 0.462890625
9 0.3203125 0.458984375 0.33046875 0.458984375 0.3203125 0.4736328125 0.33046875 0.4736328125
9 0.39609375 0.4404296875 0.403125 0.4404296875 0.39609375 0.451171875 0.403125 0.451171875
9 0.4703125 0.390625 0.4890625 0.390625 0.4703125 0.3994140625 0.4890625 0.3994140625
9 0.48828125 0.423828125 0.49140625 0.423828125 0.48828125 0.4296875 0.49140625 0.4296875
9 0.48671875 0.41796875 0.4921875 0.41796875 0.48671875 0.423828125 0.4921875 0.423828125
9 0.65 0.3935546875 0.66796875 0.3935546875 0.65 0.4267578125 0.66796875 0.4267578125
2 0.1390625 0.4755859375 0.19609375 0.4755859375 0.1390625 0.53125 0.19609375 0.53125
2 0.43515625 0.4248046875 0.44609375 0.4248046875 0.43515625 0.435546875 0.44609375 0.435546875
2 0.43203125 0.4140625 0.440625 0.4140625 0.43203125 0.4228515625 0.440625 0.4228515625
3 0.83671875 0.5390625 0.8671875 0.5390625 0.83671875 0.599609375 0.8671875 0.599609375
3 0.55234375 0.4560546875 0.5578125 0.4560546875 0.55234375 0.46875 0.5578125 0.46875
9 0.75546875 0.3603515625 0.7984375 0.3603515625 0.75546875 0.41796875 0.7984375 0.41796875