1 0.5996732026143791 0.21875 0.9991830065359477 0.21875 0.5996732026143791 0.8876953125 0.9991830065359477 0.8876953125
4 0.49673202614379086 0.4609375 0.5024509803921569 0.4609375 0.49673202614379086 0.474609375 0.5024509803921569 0.474609375
4 0.29901960784313725 0.4326171875 0.3088235294117647 0.4326171875 0.29901960784313725 0.455078125 0.3088235294117647 0.455078125
4 0.20833333333333334 0.427734375 0.21650326797385622 0.427734375 0.20833333333333334 0.44921875 0.21650326797385622 0.44921875
4 0.07679738562091504 0.2890625 0.10212418300653595 0.2890625 0.07679738562091504 0.3671875 0.10212418300653595 0.3671875
4 0.3014705882352941 0.4912109375 0.3055555555555556 0.4912109375 0.3014705882352941 0.5029296875 0.3055555555555556 0.5029296875
9 0.21405228758169934 0.453125 0.22303921568627452 0.453125 0.21405228758169934 0.4716796875 0.22303921568627452 0.4716796875
9 0.10866013071895425 0.412109375 0.12418300653594772 0.412109375 0.10866013071895425 0.427734375 0.12418300653594772 0.427734375
9 0.10866013071895425 0.4287109375 0.12336601307189543 0.4287109375 0.10866013071895425 0.443359375 0.12336601307189543 0.443359375
9 0.04656862745098039 0.3857421875 0.09477124183006536 0.3857421875 0.04656862745098039 0.44140625 0.09477124183006536 0.44140625
9 0 0.37109375 0.027777777777777776 0.37109375 0 0.419921875 0.027777777777777776 0.419921875
9 0.4444444444444444 0.4677734375 0.45669934640522875 0.4677734375 0.4444444444444444 0.4794921875 0.45669934640522875 0.4794921875
7 0.22058823529411764 0.509765625 0.25326797385620914 0.509765625 0.22058823529411764 0.6015625 0.25326797385620914 0.6015625
7 0.6062091503267973 0.5107421875 0.6127450980392157 0.5107421875 0.6062091503267973 0.546875 0.6127450980392157 0.546875
7 0.5972222222222222 0.513671875 0.6070261437908496 0.513671875 0.5972222222222222 0.546875 0.6070261437908496 0.546875
7 0.559640522875817 0.505859375 0.5686274509803921 0.505859375 0.559640522875817 0.541015625 0.5686274509803921 0.541015625
7 0.49754901960784315 0.4970703125 0.5098039215686274 0.4970703125 0.49754901960784315 0.5244140625 0.5098039215686274 0.5244140625
7 0.20506535947712418 0.486328125 0.2181372549019608 0.486328125 0.20506535947712418 0.53515625 0.2181372549019608 0.53515625
7 0.9738562091503268 0.4873046875 0.9991830065359477 0.4873046875 0.9738562091503268 0.6044921875 0.9991830065359477 0.6044921875
5 0.375 0.5068359375 0.4019607843137255 0.5068359375 0.375 0.5458984375 0.4019607843137255 0.5458984375
5 0.3415032679738562 0.5126953125 0.35947712418300654 0.5126953125 0.3415032679738562 0.541015625 0.35947712418300654 0.541015625
5 0.28921568627450983 0.5048828125 0.3055555555555556 0.5048828125 0.28921568627450983 0.5283203125 0.3055555555555556 0.5283203125
2 0 0.4853515625 0.25163398692810457 0.4853515625 0 0.755859375 0.25163398692810457 0.755859375
2 0.4019607843137255 0.505859375 0.477124183006536 0.505859375 0.4019607843137255 0.5908203125 0.477124183006536 0.5908203125
2 0.4616013071895425 0.5087890625 0.5089869281045751 0.5087890625 0.4616013071895425 0.5546875 0.5089869281045751 0.5546875
2 0.35866013071895425 0.501953125 0.37826797385620914 0.501953125 0.35866013071895425 0.53515625 0.37826797385620914 0.53515625
2 0.25163398692810457 0.4970703125 0.2826797385620915 0.4970703125 0.25163398692810457 0.5107421875 0.2826797385620915 0.5107421875
2 0.23447712418300654 0.498046875 0.25326797385620914 0.498046875 0.23447712418300654 0.5078125 0.25326797385620914 0.5078125
7 0.3758169934640523 0.4951171875 0.3954248366013072 0.4951171875 0.3758169934640523 0.544921875 0.3954248366013072 0.544921875
7 0.3431372549019608 0.4970703125 0.3602941176470588 0.4970703125 0.3431372549019608 0.5322265625 0.3602941176470588 0.5322265625
7 0.2900326797385621 0.4931640625 0.29901960784313725 0.4931640625 0.2900326797385621 0.5224609375 0.29901960784313725 0.5224609375