9 0.9688888888888889 0.369375 0.9755555555555555 0.369375 0.9688888888888889 0.398125 0.9755555555555555 0.398125
9 0.8705555555555555 0.393125 0.875 0.393125 0.8705555555555555 0.415625 0.875 0.415625
9 0.8283333333333334 0.401875 0.8333333333333334 0.401875 0.8283333333333334 0.42125 0.8333333333333334 0.42125
9 0.8066666666666666 0.40375 0.8105555555555556 0.40375 0.8066666666666666 0.421875 0.8105555555555556 0.421875
7 0.9672222222222222 0.375625 0.9994444444444445 0.375625 0.9672222222222222 0.72125 0.9994444444444445 0.72125
7 0.8616666666666667 0.360625 0.985 0.360625 0.8616666666666667 0.750625 0.985 0.750625
2 0.645 0.44 0.8755555555555555 0.44 0.645 0.556875 0.8755555555555555 0.556875
2 0.6027777777777777 0.43625 0.7355555555555555 0.43625 0.6027777777777777 0.51375 0.7355555555555555 0.51375
2 0.5311111111111111 0.420625 0.6572222222222223 0.420625 0.5311111111111111 0.503125 0.6572222222222223 0.503125
2 0.38555555555555554 0.46375 0.44 0.46375 0.38555555555555554 0.488125 0.44 0.488125
2 0 0.454375 0.06166666666666667 0.454375 0 0.523125 0.06166666666666667 0.523125
2 0.04888888888888889 0.458125 0.17055555555555554 0.458125 0.04888888888888889 0.5275 0.17055555555555554 0.5275
2 0.1622222222222222 0.463125 0.21555555555555556 0.463125 0.1622222222222222 0.51375 0.21555555555555556 0.51375
2 0.22111111111111112 0.460625 0.26166666666666666 0.460625 0.22111111111111112 0.4775 0.26166666666666666 0.4775
2 0.2727777777777778 0.45875 0.3016666666666667 0.45875 0.2727777777777778 0.475625 0.3016666666666667 0.475625
2 0.4688888888888889 0.46625 0.4855555555555556 0.46625 0.4688888888888889 0.481875 0.4855555555555556 0.481875
2 0.45611111111111113 0.470625 0.4672222222222222 0.470625 0.45611111111111113 0.481875 0.4672222222222222 0.481875
2 0.07888888888888888 0.445625 0.14 0.445625 0.07888888888888888 0.4575 0.14 0.4575