9 0.5933333333333334 0.379375 0.615 0.379375 0.5933333333333334 0.408125 0.615 0.408125
9 0.3972222222222222 0.4025 0.40444444444444444 0.4025 0.3972222222222222 0.415625 0.40444444444444444 0.415625
9 0.5155555555555555 0.411875 0.5244444444444445 0.411875 0.5155555555555555 0.421875 0.5244444444444445 0.421875
9 0.5161111111111111 0.421875 0.5233333333333333 0.421875 0.5161111111111111 0.42625 0.5233333333333333 0.42625
9 0.2738888888888889 0.421875 0.28555555555555556 0.421875 0.2738888888888889 0.426875 0.28555555555555556 0.426875
9 0.13944444444444445 0.395 0.15777777777777777 0.395 0.13944444444444445 0.420625 0.15777777777777777 0.420625
2 0.5122222222222222 0.375 0.5216666666666666 0.375 0.5122222222222222 0.38375 0.5216666666666666 0.38375
2 0.49944444444444447 0.3825 0.5127777777777778 0.3825 0.49944444444444447 0.394375 0.5127777777777778 0.394375
2 0.5388888888888889 0.405625 0.55 0.405625 0.5388888888888889 0.42 0.55 0.42
2 0.5283333333333333 0.416875 0.5427777777777778 0.416875 0.5283333333333333 0.430625 0.5427777777777778 0.430625
2 0.5 0.425625 0.5188888888888888 0.425625 0.5 0.4425 0.5188888888888888 0.4425
2 0.4855555555555556 0.44 0.5166666666666667 0.44 0.4855555555555556 0.469375 0.5166666666666667 0.469375
2 0.39055555555555554 0.445 0.47944444444444445 0.445 0.39055555555555554 0.48125 0.47944444444444445 0.48125
2 0.3422222222222222 0.43875 0.37666666666666665 0.43875 0.3422222222222222 0.474375 0.37666666666666665 0.474375
2 0.3738888888888889 0.438125 0.39055555555555554 0.438125 0.3738888888888889 0.46375 0.39055555555555554 0.46375
2 0.4072222222222222 0.42875 0.43166666666666664 0.42875 0.4072222222222222 0.446875 0.43166666666666664 0.446875
2 0.20166666666666666 0.454375 0.2911111111111111 0.454375 0.20166666666666666 0.528125 0.2911111111111111 0.528125
2 0.09055555555555556 0.44625 0.22 0.44625 0.09055555555555556 0.501875 0.22 0.501875