7 0.24509803921568626 0.3759765625 0.2679738562091503 0.3759765625 0.24509803921568626 0.40625 0.2679738562091503 0.40625
7 0.19117647058823528 0.373046875 0.22140522875816993 0.373046875 0.19117647058823528 0.458984375 0.22140522875816993 0.458984375
7 0.8145424836601307 0.4365234375 0.8390522875816994 0.4365234375 0.8145424836601307 0.5087890625 0.8390522875816994 0.5087890625
7 0.670751633986928 0.41796875 0.678921568627451 0.41796875 0.670751633986928 0.4453125 0.678921568627451 0.4453125
2 0 0.509765625 0.06372549019607843 0.509765625 0 0.6982421875 0.06372549019607843 0.6982421875
2 0.4199346405228758 0.4140625 0.6895424836601307 0.4140625 0.4199346405228758 0.6845703125 0.6895424836601307 0.6845703125
2 0.3545751633986928 0.3974609375 0.4452614379084967 0.3974609375 0.3545751633986928 0.474609375 0.4452614379084967 0.474609375
2 0.29330065359477125 0.3896484375 0.37336601307189543 0.3896484375 0.29330065359477125 0.4853515625 0.37336601307189543 0.4853515625
2 0.21405228758169934 0.40234375 0.3464052287581699 0.40234375 0.21405228758169934 0.5107421875 0.3464052287581699 0.5107421875
2 0.7083333333333334 0.4287109375 0.7875816993464052 0.4287109375 0.7083333333333334 0.501953125 0.7875816993464052 0.501953125
2 0.49754901960784315 0.404296875 0.5588235294117647 0.404296875 0.49754901960784315 0.419921875 0.5588235294117647 0.419921875
2 0.4632352941176471 0.4052734375 0.48447712418300654 0.4052734375 0.4632352941176471 0.4267578125 0.48447712418300654 0.4267578125