4 0.915 0.399375 0.9322222222222222 0.399375 0.915 0.421875 0.9322222222222222 0.421875
4 0.9061111111111111 0.318125 0.9261111111111111 0.318125 0.9061111111111111 0.384375 0.9261111111111111 0.384375
4 0.7772222222222223 0.275 0.8111111111111111 0.275 0.7772222222222223 0.358125 0.8111111111111111 0.358125
4 0.7694444444444445 0.284375 0.8 0.284375 0.7694444444444445 0.363125 0.8 0.363125
4 0.7827777777777778 0.241875 0.7977777777777778 0.241875 0.7827777777777778 0.276875 0.7977777777777778 0.276875
4 0.7383333333333333 0.261875 0.7522222222222222 0.261875 0.7383333333333333 0.305 0.7522222222222222 0.305
4 0.7827777777777778 0.383125 0.8077777777777778 0.383125 0.7827777777777778 0.410625 0.8077777777777778 0.410625
4 0.5766666666666667 0.4025 0.5866666666666667 0.4025 0.5766666666666667 0.43 0.5866666666666667 0.43
4 0.5783333333333334 0.4375 0.5861111111111111 0.4375 0.5783333333333334 0.44625 0.5861111111111111 0.44625
4 0.26166666666666666 0.4025 0.2727777777777778 0.4025 0.26166666666666666 0.4325 0.2727777777777778 0.4325
4 0.2594444444444444 0.44 0.26722222222222225 0.44 0.2594444444444444 0.448125 0.26722222222222225 0.448125
4 0.20722222222222222 0.405 0.21611111111111111 0.405 0.20722222222222222 0.430625 0.21611111111111111 0.430625
4 0.205 0.438125 0.21333333333333335 0.438125 0.205 0.451875 0.21333333333333335 0.451875
4 0.17 0.316875 0.18055555555555555 0.316875 0.17 0.349375 0.18055555555555555 0.349375
4 0.1288888888888889 0.28 0.1411111111111111 0.28 0.1288888888888889 0.32 0.1411111111111111 0.32
4 0.0077777777777777776 0.375 0.03388888888888889 0.375 0.0077777777777777776 0.403125 0.03388888888888889 0.403125
4 0.017777777777777778 0.281875 0.04111111111111111 0.281875 0.017777777777777778 0.358125 0.04111111111111111 0.358125
9 0.8461111111111111 0.29125 0.8833333333333333 0.29125 0.8461111111111111 0.3225 0.8833333333333333 0.3225
9 0.7777777777777778 0.45375 0.7838888888888889 0.45375 0.7777777777777778 0.47875 0.7838888888888889 0.47875
9 0.7694444444444445 0.48375 0.7927777777777778 0.48375 0.7694444444444445 0.4925 0.7927777777777778 0.4925
9 0.5194444444444445 0.43875 0.5277777777777778 0.43875 0.5194444444444445 0.450625 0.5277777777777778 0.450625
9 0.1711111111111111 0.368125 0.18833333333333332 0.368125 0.1711111111111111 0.385 0.18833333333333332 0.385
9 0.058888888888888886 0.448125 0.06833333333333333 0.448125 0.058888888888888886 0.474375 0.06833333333333333 0.474375
9 0.04611111111111111 0.4275 0.051666666666666666 0.4275 0.04611111111111111 0.44375 0.051666666666666666 0.44375
9 0.07055555555555555 0.436875 0.075 0.436875 0.07055555555555555 0.45 0.075 0.45
0 0.5111111111111111 0.473125 0.7477777777777778 0.473125 0.5111111111111111 0.65875 0.7477777777777778 0.65875
2 0.49666666666666665 0.4625 0.5205555555555555 0.4625 0.49666666666666665 0.48625 0.5205555555555555 0.48625
2 0.49166666666666664 0.460625 0.5077777777777778 0.460625 0.49166666666666664 0.474375 0.5077777777777778 0.474375
2 0.48777777777777775 0.4575 0.49944444444444447 0.4575 0.48777777777777775 0.4725 0.49944444444444447 0.4725
2 0.4166666666666667 0.456875 0.49833333333333335 0.456875 0.4166666666666667 0.505625 0.49833333333333335 0.505625
2 0.41388888888888886 0.4575 0.4261111111111111 0.4575 0.41388888888888886 0.471875 0.4261111111111111 0.471875
2 0 0.4575 0.044444444444444446 0.4575 0 0.493125 0.044444444444444446 0.493125
2 0.97 0.470625 0.9994444444444445 0.470625 0.97 0.505 0.9994444444444445 0.505
7 0.5833333333333334 0.385 0.695 0.385 0.5833333333333334 0.624375 0.695 0.624375
3 0.7461111111111111 0.483125 0.7511111111111111 0.483125 0.7461111111111111 0.495625 0.7511111111111111 0.495625