1 0.3937908496732026 0.3642578125 0.440359477124183 0.3642578125 0.3937908496732026 0.4345703125 0.440359477124183 0.4345703125
9 0.2687908496732026 0.3779296875 0.28104575163398693 0.3779296875 0.2687908496732026 0.396484375 0.28104575163398693 0.396484375
9 0.27124183006535946 0.3828125 0.2900326797385621 0.3828125 0.27124183006535946 0.4013671875 0.2900326797385621 0.4013671875
9 0.2687908496732026 0.40625 0.2900326797385621 0.40625 0.2687908496732026 0.4189453125 0.2900326797385621 0.4189453125
9 0.7483660130718954 0.4013671875 0.7581699346405228 0.4013671875 0.7483660130718954 0.4169921875 0.7581699346405228 0.4169921875
2 0.8325163398692811 0.4306640625 0.9305555555555556 0.4306640625 0.8325163398692811 0.48828125 0.9305555555555556 0.48828125
2 0.8022875816993464 0.4130859375 0.8725490196078431 0.4130859375 0.8022875816993464 0.4638671875 0.8725490196078431 0.4638671875
2 0.6233660130718954 0.4140625 0.6519607843137255 0.4140625 0.6233660130718954 0.4384765625 0.6519607843137255 0.4384765625
2 0.5424836601307189 0.408203125 0.559640522875817 0.408203125 0.5424836601307189 0.4208984375 0.559640522875817 0.4208984375
2 0.5065359477124183 0.4033203125 0.5236928104575164 0.4033203125 0.5065359477124183 0.419921875 0.5236928104575164 0.419921875
2 0.28921568627450983 0.3916015625 0.41748366013071897 0.3916015625 0.28921568627450983 0.51171875 0.41748366013071897 0.51171875
2 0.46568627450980393 0.408203125 0.49836601307189543 0.408203125 0.46568627450980393 0.4365234375 0.49836601307189543 0.4365234375
2 0.4534313725490196 0.40625 0.4730392156862745 0.40625 0.4534313725490196 0.4267578125 0.4730392156862745 0.4267578125
2 0.4354575163398693 0.404296875 0.44281045751633985 0.404296875 0.4354575163398693 0.416015625 0.44281045751633985 0.416015625
2 0.9869281045751634 0.4697265625 0.9991830065359477 0.4697265625 0.9869281045751634 0.5068359375 0.9991830065359477 0.5068359375