4 0.9377777777777778 0.036875 0.9994444444444445 0.036875 0.9377777777777778 0.203125 0.9994444444444445 0.203125
4 0.5155555555555555 0.40375 0.5205555555555555 0.40375 0.5155555555555555 0.415 0.5205555555555555 0.415
4 0.4861111111111111 0.400625 0.4911111111111111 0.400625 0.4861111111111111 0.4125 0.4911111111111111 0.4125
4 0.43666666666666665 0.410625 0.4411111111111111 0.410625 0.43666666666666665 0.42125 0.4411111111111111 0.42125
4 0.9555555555555556 0.24625 0.9922222222222222 0.24625 0.9555555555555556 0.315625 0.9922222222222222 0.315625
9 0.9511111111111111 0.414375 0.9655555555555555 0.414375 0.9511111111111111 0.443125 0.9655555555555555 0.443125
9 0.9572222222222222 0.2175 0.9994444444444445 0.2175 0.9572222222222222 0.246875 0.9994444444444445 0.246875
9 0.5838888888888889 0.4025 0.6066666666666667 0.4025 0.5838888888888889 0.424375 0.6066666666666667 0.424375
9 0.5816666666666667 0.37 0.6105555555555555 0.37 0.5816666666666667 0.4025 0.6105555555555555 0.4025
7 0.2733333333333333 0.449375 0.28 0.449375 0.2733333333333333 0.479375 0.28 0.479375
7 0.28833333333333333 0.450625 0.2961111111111111 0.450625 0.28833333333333333 0.475625 0.2961111111111111 0.475625
7 0.6422222222222222 0.446875 0.6516666666666666 0.446875 0.6422222222222222 0.48 0.6516666666666666 0.48
7 0.6277777777777778 0.44875 0.6338888888888888 0.44875 0.6277777777777778 0.47625 0.6338888888888888 0.47625
7 0.8705555555555555 0.4375 0.8822222222222222 0.4375 0.8705555555555555 0.505 0.8822222222222222 0.505
7 0.8733333333333333 0.438125 0.8911111111111111 0.438125 0.8733333333333333 0.50875 0.8911111111111111 0.50875
7 0.845 0.428125 0.8711111111111111 0.428125 0.845 0.508125 0.8711111111111111 0.508125
7 0.9027777777777778 0.43 0.9327777777777778 0.43 0.9027777777777778 0.523125 0.9327777777777778 0.523125
7 0.985 0.419375 0.9994444444444445 0.419375 0.985 0.52 0.9994444444444445 0.52
7 0.33611111111111114 0.449375 0.3466666666666667 0.449375 0.33611111111111114 0.4675 0.3466666666666667 0.4675
2 0.41888888888888887 0.44875 0.4477777777777778 0.44875 0.41888888888888887 0.4825 0.4477777777777778 0.4825
2 0.39666666666666667 0.451875 0.435 0.451875 0.39666666666666667 0.489375 0.435 0.489375
2 0.3372222222222222 0.444375 0.40055555555555555 0.444375 0.3372222222222222 0.501875 0.40055555555555555 0.501875
2 0.11666666666666667 0.436875 0.22166666666666668 0.436875 0.11666666666666667 0.5375 0.22166666666666668 0.5375
2 0.0005555555555555556 0.4175 0.14444444444444443 0.4175 0.0005555555555555556 0.586875 0.14444444444444443 0.586875
2 0 0.435 0.04 0.435 0 0.728125 0.04 0.728125
2 0.45 0.4475 0.5588888888888889 0.4475 0.45 0.546875 0.5588888888888889 0.546875