9 0.22166666666666668 0.434375 0.22944444444444445 0.434375 0.22166666666666668 0.454375 0.22944444444444445 0.454375
9 0.22111111111111112 0.41875 0.22944444444444445 0.41875 0.22111111111111112 0.43375 0.22944444444444445 0.43375
9 0.615 0.42 0.625 0.42 0.615 0.43625 0.625 0.43625
9 0.5305555555555556 0.41625 0.5377777777777778 0.41625 0.5305555555555556 0.428125 0.5377777777777778 0.428125
2 0.23722222222222222 0.476875 0.2972222222222222 0.476875 0.23722222222222222 0.525 0.2972222222222222 0.525
2 0.2733333333333333 0.465 0.32722222222222225 0.465 0.2733333333333333 0.515 0.32722222222222225 0.515
2 0.3416666666666667 0.47 0.3622222222222222 0.47 0.3416666666666667 0.495 0.3622222222222222 0.495
2 0.3561111111111111 0.456875 0.4 0.456875 0.3561111111111111 0.50375 0.4 0.50375
2 0.43333333333333335 0.475625 0.4483333333333333 0.475625 0.43333333333333335 0.49 0.4483333333333333 0.49
2 0.4461111111111111 0.47125 0.4588888888888889 0.47125 0.4461111111111111 0.491875 0.4588888888888889 0.491875
2 0.45555555555555555 0.46875 0.4772222222222222 0.46875 0.45555555555555555 0.4975 0.4772222222222222 0.4975
2 0.465 0.471875 0.48055555555555557 0.471875 0.465 0.5025 0.48055555555555557 0.5025
2 0.4766666666666667 0.4525 0.535 0.4525 0.4766666666666667 0.515625 0.535 0.515625
3 0.03388888888888889 0.5225 0.05333333333333334 0.5225 0.03388888888888889 0.563125 0.05333333333333334 0.563125