9 0 0.278125 0.11888888888888889 0.278125 0 0.515625 0.11888888888888889 0.515625
9 0.97 0.35875 0.9894444444444445 0.35875 0.97 0.39125 0.9894444444444445 0.39125
7 0.5988888888888889 0.410625 0.645 0.410625 0.5988888888888889 0.5375 0.645 0.5375
7 0.9422222222222222 0.44625 0.9666666666666667 0.44625 0.9422222222222222 0.475625 0.9666666666666667 0.475625
13 0.5438888888888889 0.4125 0.5738888888888889 0.4125 0.5438888888888889 0.4825 0.5738888888888889 0.4825
13 0.3416666666666667 0.415 0.42055555555555557 0.415 0.3416666666666667 0.51 0.42055555555555557 0.51
2 0.12611111111111112 0.431875 0.30722222222222223 0.431875 0.12611111111111112 0.58375 0.30722222222222223 0.58375
2 0.285 0.438125 0.3566666666666667 0.438125 0.285 0.5375 0.3566666666666667 0.5375
2 0.3488888888888889 0.458125 0.38333333333333336 0.458125 0.3488888888888889 0.521875 0.38333333333333336 0.521875
2 0.8572222222222222 0.454375 0.9994444444444445 0.454375 0.8572222222222222 0.601875 0.9994444444444445 0.601875
2 0.6711111111111111 0.438125 0.885 0.438125 0.6711111111111111 0.615625 0.885 0.615625
2 0.6577777777777778 0.4375 0.7211111111111111 0.4375 0.6577777777777778 0.525625 0.7211111111111111 0.525625
2 0.5588888888888889 0.413125 0.6611111111111111 0.413125 0.5588888888888889 0.531875 0.6611111111111111 0.531875
2 0.49666666666666665 0.455625 0.5361111111111111 0.455625 0.49666666666666665 0.490625 0.5361111111111111 0.490625
2 0.41833333333333333 0.45375 0.43944444444444447 0.45375 0.41833333333333333 0.491875 0.43944444444444447 0.491875
2 0.4338888888888889 0.458125 0.45 0.458125 0.4338888888888889 0.484375 0.45 0.484375
2 0.44166666666666665 0.4525 0.46055555555555555 0.4525 0.44166666666666665 0.48375 0.46055555555555555 0.48375
2 0.48444444444444446 0.455 0.49833333333333335 0.455 0.48444444444444446 0.46875 0.49833333333333335 0.46875
2 0.4588888888888889 0.46 0.4811111111111111 0.46 0.4588888888888889 0.48 0.4811111111111111 0.48
2 0.47888888888888886 0.44375 0.4855555555555556 0.44375 0.47888888888888886 0.45 0.4855555555555556 0.45
1 0.45944444444444443 0.4425 0.48 0.4425 0.45944444444444443 0.4625 0.48 0.4625