9 0.2412109375 0.3665364583333333 0.2763671875 0.3665364583333333 0.2412109375 0.4186197916666667 0.2763671875 0.4186197916666667
2 0.12744140625 0.47265625 0.2890625 0.47265625 0.12744140625 0.5865885416666666 0.2890625 0.5865885416666666
2 0.03173828125 0.4602864583333333 0.126953125 0.4602864583333333 0.03173828125 0.5436197916666666 0.126953125 0.5436197916666666
2 0.458984375 0.494140625 0.54345703125 0.494140625 0.458984375 0.5729166666666666 0.54345703125 0.5729166666666666
2 0.53369140625 0.5071614583333334 0.56591796875 0.5071614583333334 0.53369140625 0.560546875 0.56591796875 0.560546875
2 0.55224609375 0.5071614583333334 0.59228515625 0.5071614583333334 0.55224609375 0.5559895833333334 0.59228515625 0.5559895833333334
2 0.7431640625 0.50390625 0.79833984375 0.50390625 0.7431640625 0.5690104166666666 0.79833984375 0.5690104166666666
2 0.759765625 0.4967447916666667 0.806640625 0.4967447916666667 0.759765625 0.5579427083333334 0.806640625 0.5579427083333334
2 0.83642578125 0.4752604166666667 0.9677734375 0.4752604166666667 0.83642578125 0.5846354166666666 0.9677734375 0.5846354166666666
2 0.89111328125 0.5052083333333334 0.96875 0.5052083333333334 0.89111328125 0.6106770833333334 0.96875 0.6106770833333334
2 0.67138671875 0.5091145833333334 0.69677734375 0.5091145833333334 0.67138671875 0.5338541666666666 0.69677734375 0.5338541666666666
2 0.65771484375 0.509765625 0.6826171875 0.509765625 0.65771484375 0.537109375 0.6826171875 0.537109375
2 0.69482421875 0.50390625 0.712890625 0.50390625 0.69482421875 0.529296875 0.712890625 0.529296875
7 0.60986328125 0.4791666666666667 0.63916015625 0.4791666666666667 0.60986328125 0.603515625 0.63916015625 0.603515625
7 0.63037109375 0.4934895833333333 0.66357421875 0.4934895833333333 0.63037109375 0.6315104166666666 0.66357421875 0.6315104166666666
7 0.70166015625 0.4934895833333333 0.7607421875 0.4934895833333333 0.70166015625 0.6946614583333334 0.7607421875 0.6946614583333334
10 0.6123046875 0.5983072916666666 0.62841796875 0.5983072916666666 0.6123046875 0.611328125 0.62841796875 0.611328125
10 0.64111328125 0.625 0.6533203125 0.625 0.64111328125 0.6399739583333334 0.6533203125 0.6399739583333334
10 0.72412109375 0.6907552083333334 0.74755859375 0.6907552083333334 0.72412109375 0.7115885416666666 0.74755859375 0.7115885416666666