4 0.13671875 0.3548177083333333 0.16162109375 0.3548177083333333 0.13671875 0.3880208333333333 0.16162109375 0.3880208333333333
4 0.53662109375 0.14778645833333334 0.5595703125 0.14778645833333334 0.53662109375 0.18229166666666666 0.5595703125 0.18229166666666666
4 0.7890625 0.3391927083333333 0.81298828125 0.3391927083333333 0.7890625 0.373046875 0.81298828125 0.373046875
9 0.1826171875 0.4010416666666667 0.2060546875 0.4010416666666667 0.1826171875 0.4459635416666667 0.2060546875 0.4459635416666667
9 0.736328125 0.4544270833333333 0.74658203125 0.4544270833333333 0.736328125 0.4733072916666667 0.74658203125 0.4733072916666667
9 0.669921875 0.4583333333333333 0.6845703125 0.4583333333333333 0.669921875 0.4798177083333333 0.6845703125 0.4798177083333333
0 0.7333984375 0.5325520833333334 0.81591796875 0.5325520833333334 0.7333984375 0.6484375 0.81591796875 0.6484375
0 0.181640625 0.5247395833333334 0.2109375 0.5247395833333334 0.181640625 0.5813802083333334 0.2109375 0.5813802083333334
2 0.39794921875 0.5006510416666666 0.5 0.5006510416666666 0.39794921875 0.58203125 0.5 0.58203125
2 0.318359375 0.4915364583333333 0.359375 0.4915364583333333 0.318359375 0.5716145833333334 0.359375 0.5716145833333334
2 0.2568359375 0.4915364583333333 0.35107421875 0.4915364583333333 0.2568359375 0.5833333333333334 0.35107421875 0.5833333333333334
7 0.7509765625 0.4837239583333333 0.81591796875 0.4837239583333333 0.7509765625 0.63671875 0.81591796875 0.63671875