1 0.4677777777777778 0.44125 0.4816666666666667 0.44125 0.4677777777777778 0.46 0.4816666666666667 0.46
9 0.14333333333333334 0.39125 0.15555555555555556 0.39125 0.14333333333333334 0.404375 0.15555555555555556 0.404375
9 0.13 0.326875 0.16555555555555557 0.326875 0.13 0.34375 0.16555555555555557 0.34375
9 0.8827777777777778 0.34125 0.8994444444444445 0.34125 0.8827777777777778 0.39125 0.8994444444444445 0.39125
9 0.8638888888888889 0.32375 0.9127777777777778 0.32375 0.8638888888888889 0.338125 0.9127777777777778 0.338125
9 0.8805555555555555 0.31 0.8955555555555555 0.31 0.8805555555555555 0.325 0.8955555555555555 0.325
9 0.6827777777777778 0.38375 0.7216666666666667 0.38375 0.6827777777777778 0.4 0.7216666666666667 0.4
9 0.6894444444444444 0.3525 0.7155555555555555 0.3525 0.6894444444444444 0.38375 0.7155555555555555 0.38375
9 0.6 0.41375 0.6266666666666667 0.41375 0.6 0.445625 0.6266666666666667 0.445625
2 0.5261111111111111 0.448125 0.5577777777777778 0.448125 0.5261111111111111 0.474375 0.5577777777777778 0.474375
2 0.5111111111111111 0.449375 0.5261111111111111 0.449375 0.5111111111111111 0.4675 0.5261111111111111 0.4675
2 0.5033333333333333 0.4475 0.5161111111111111 0.4475 0.5033333333333333 0.464375 0.5161111111111111 0.464375
2 0.49777777777777776 0.445625 0.5072222222222222 0.445625 0.49777777777777776 0.46125 0.5072222222222222 0.46125
2 0.3288888888888889 0.440625 0.37555555555555553 0.440625 0.3288888888888889 0.4825 0.37555555555555553 0.4825
2 0.37277777777777776 0.443125 0.4011111111111111 0.443125 0.37277777777777776 0.475625 0.4011111111111111 0.475625
2 0.3927777777777778 0.435 0.42444444444444446 0.435 0.3927777777777778 0.466875 0.42444444444444446 0.466875
2 0.41444444444444445 0.433125 0.43722222222222223 0.433125 0.41444444444444445 0.464375 0.43722222222222223 0.464375