1 0.5098039215686274 0.4638671875 0.5351307189542484 0.4638671875 0.5098039215686274 0.5029296875 0.5351307189542484 0.5029296875
4 0.013071895424836602 0.02734375 0.08169934640522876 0.02734375 0.013071895424836602 0.1904296875 0.08169934640522876 0.1904296875
4 0.4264705882352941 0.462890625 0.434640522875817 0.462890625 0.4264705882352941 0.4755859375 0.434640522875817 0.4755859375
4 0.4125816993464052 0.462890625 0.4215686274509804 0.462890625 0.4125816993464052 0.4755859375 0.4215686274509804 0.4755859375
4 0.41911764705882354 0.4306640625 0.4272875816993464 0.4306640625 0.41911764705882354 0.4599609375 0.4272875816993464 0.4599609375
4 0.06862745098039216 0.423828125 0.09803921568627451 0.423828125 0.06862745098039216 0.50390625 0.09803921568627451 0.50390625
4 0.042483660130718956 0.4248046875 0.05310457516339869 0.4248046875 0.042483660130718956 0.4619140625 0.05310457516339869 0.4619140625
9 0.9272875816993464 0.4501953125 0.9526143790849673 0.4501953125 0.9272875816993464 0.478515625 0.9526143790849673 0.478515625
9 0.9272875816993464 0.423828125 0.9509803921568627 0.423828125 0.9272875816993464 0.4501953125 0.9509803921568627 0.4501953125
9 0.9338235294117647 0.478515625 0.946078431372549 0.478515625 0.9338235294117647 0.4892578125 0.946078431372549 0.4892578125
9 0.6968954248366013 0.46875 0.7026143790849673 0.46875 0.6968954248366013 0.4755859375 0.7026143790849673 0.4755859375
9 0.696078431372549 0.4609375 0.701797385620915 0.4609375 0.696078431372549 0.46875 0.701797385620915 0.46875
9 0.701797385620915 0.408203125 0.7401960784313726 0.408203125 0.701797385620915 0.46875 0.7401960784313726 0.46875
9 0.7401960784313726 0.4375 0.7581699346405228 0.4375 0.7401960784313726 0.4599609375 0.7581699346405228 0.4599609375
9 0.7426470588235294 0.4599609375 0.755718954248366 0.4599609375 0.7426470588235294 0.470703125 0.755718954248366 0.470703125
9 0.5727124183006536 0.4443359375 0.5915032679738562 0.4443359375 0.5727124183006536 0.451171875 0.5915032679738562 0.451171875
9 0.5727124183006536 0.451171875 0.5882352941176471 0.451171875 0.5727124183006536 0.458984375 0.5882352941176471 0.458984375
9 0.5727124183006536 0.458984375 0.5890522875816994 0.458984375 0.5727124183006536 0.46484375 0.5890522875816994 0.46484375
9 0.5727124183006536 0.46484375 0.5898692810457516 0.46484375 0.5727124183006536 0.4716796875 0.5898692810457516 0.4716796875
9 0.5294117647058824 0.462890625 0.5367647058823529 0.462890625 0.5294117647058824 0.466796875 0.5367647058823529 0.466796875
9 0.5326797385620915 0.466796875 0.5367647058823529 0.466796875 0.5326797385620915 0.4697265625 0.5367647058823529 0.4697265625
7 0.0016339869281045752 0.517578125 0.014705882352941176 0.517578125 0.0016339869281045752 0.5625 0.014705882352941176 0.5625
7 0.09803921568627451 0.51171875 0.12663398692810457 0.51171875 0.09803921568627451 0.5810546875 0.12663398692810457 0.5810546875
7 0.11601307189542484 0.50390625 0.14460784313725492 0.50390625 0.11601307189542484 0.5771484375 0.14460784313725492 0.5771484375
7 0.6911764705882353 0.4833984375 0.704248366013072 0.4833984375 0.6911764705882353 0.52734375 0.704248366013072 0.52734375
2 0.5416666666666666 0.4853515625 0.5580065359477124 0.4853515625 0.5416666666666666 0.5009765625 0.5580065359477124 0.5009765625
2 0.5555555555555556 0.48828125 0.5784313725490197 0.48828125 0.5555555555555556 0.509765625 0.5784313725490197 0.509765625
2 0.576797385620915 0.490234375 0.6086601307189542 0.490234375 0.576797385620915 0.5224609375 0.6086601307189542 0.5224609375
2 0.8186274509803921 0.4990234375 0.8823529411764706 0.4990234375 0.8186274509803921 0.5498046875 0.8823529411764706 0.5498046875
2 0.7287581699346405 0.4873046875 0.7851307189542484 0.4873046875 0.7287581699346405 0.53125 0.7851307189542484 0.53125
2 0.7230392156862745 0.4931640625 0.7410130718954249 0.4931640625 0.7230392156862745 0.5263671875 0.7410130718954249 0.5263671875
2 0.4534313725490196 0.4814453125 0.46568627450980393 0.4814453125 0.4534313725490196 0.4951171875 0.46568627450980393 0.4951171875
2 0.38480392156862747 0.4912109375 0.40522875816993464 0.4912109375 0.38480392156862747 0.513671875 0.40522875816993464 0.513671875
2 0.3464052287581699 0.494140625 0.4035947712418301 0.494140625 0.3464052287581699 0.548828125 0.4035947712418301 0.548828125
2 0.27532679738562094 0.4990234375 0.3374183006535948 0.4990234375 0.27532679738562094 0.55078125 0.3374183006535948 0.55078125
2 0.9370915032679739 0.84765625 0.9991830065359477 0.84765625 0.9370915032679739 0.9990234375 0.9991830065359477 0.9990234375