1 0.5061111111111111 0.4725 0.5366666666666666 0.4725 0.5061111111111111 0.490625 0.5366666666666666 0.490625
4 0.17555555555555555 0.1975 0.2011111111111111 0.1975 0.17555555555555555 0.2625 0.2011111111111111 0.2625
4 0.5027777777777778 0.445 0.5072222222222222 0.445 0.5027777777777778 0.4575 0.5072222222222222 0.4575
4 0.48055555555555557 0.305 0.4905555555555556 0.305 0.48055555555555557 0.335625 0.4905555555555556 0.335625
4 0.7238888888888889 0.285625 0.74 0.285625 0.7238888888888889 0.339375 0.74 0.339375
4 0.7066666666666667 0.285 0.7244444444444444 0.285 0.7066666666666667 0.353125 0.7244444444444444 0.353125
4 0.7438888888888889 0.358125 0.7533333333333333 0.358125 0.7438888888888889 0.3875 0.7533333333333333 0.3875
4 0.7438888888888889 0.409375 0.755 0.409375 0.7438888888888889 0.42125 0.755 0.42125
4 0.7166666666666667 0.378125 0.7372222222222222 0.378125 0.7166666666666667 0.4 0.7372222222222222 0.4
4 0.8444444444444444 0.296875 0.8605555555555555 0.296875 0.8444444444444444 0.33875 0.8605555555555555 0.33875
4 0.8216666666666667 0.354375 0.8272222222222222 0.354375 0.8216666666666667 0.3825 0.8272222222222222 0.3825
4 0.8527777777777777 0.38 0.8677777777777778 0.38 0.8527777777777777 0.400625 0.8677777777777778 0.400625
9 0.095 0.188125 0.14722222222222223 0.188125 0.095 0.229375 0.14722222222222223 0.229375
9 0.1527777777777778 0.395625 0.18388888888888888 0.395625 0.1527777777777778 0.419375 0.18388888888888888 0.419375
9 0.14888888888888888 0.36375 0.18888888888888888 0.36375 0.14888888888888888 0.41 0.18888888888888888 0.41
9 0.5077777777777778 0.295625 0.5233333333333333 0.295625 0.5077777777777778 0.311875 0.5233333333333333 0.311875
9 0.7344444444444445 0.39125 0.7577777777777778 0.39125 0.7344444444444445 0.4025 0.7577777777777778 0.4025
9 0.8761111111111111 0.358125 0.8911111111111111 0.358125 0.8761111111111111 0.37125 0.8911111111111111 0.37125
9 0.9072222222222223 0.199375 0.9455555555555556 0.199375 0.9072222222222223 0.25875 0.9455555555555556 0.25875
9 0.8511111111111112 0.263125 0.8744444444444445 0.263125 0.8511111111111112 0.296875 0.8744444444444445 0.296875
7 0.8038888888888889 0.40375 0.8688888888888889 0.40375 0.8038888888888889 0.57375 0.8688888888888889 0.57375
0 0.6877777777777778 0.49 0.7422222222222222 0.49 0.6877777777777778 0.594375 0.7422222222222222 0.594375
2 0.005555555555555556 0.455 0.12611111111111112 0.455 0.005555555555555556 0.5375 0.12611111111111112 0.5375
2 0.10944444444444444 0.40625 0.35833333333333334 0.40625 0.10944444444444444 0.60875 0.35833333333333334 0.60875
2 0.32055555555555554 0.43 0.4072222222222222 0.43 0.32055555555555554 0.5525 0.4072222222222222 0.5525
2 0.385 0.453125 0.46944444444444444 0.453125 0.385 0.51625 0.46944444444444444 0.51625
2 0.4672222222222222 0.475625 0.48777777777777775 0.475625 0.4672222222222222 0.491875 0.48777777777777775 0.491875
2 0.5955555555555555 0.440625 0.6555555555555556 0.440625 0.5955555555555555 0.488125 0.6555555555555556 0.488125
2 0.5855555555555556 0.443125 0.6027777777777777 0.443125 0.5855555555555556 0.488125 0.6027777777777777 0.488125
2 0.5633333333333334 0.466875 0.5861111111111111 0.466875 0.5633333333333334 0.4875 0.5861111111111111 0.4875
7 0.69 0.42875 0.7422222222222222 0.42875 0.69 0.57625 0.7422222222222222 0.57625