9 0.6961111111111111 0.3975 0.7061111111111111 0.3975 0.6961111111111111 0.414375 0.7061111111111111 0.414375
7 0.8455555555555555 0.433125 0.8605555555555555 0.433125 0.8455555555555555 0.479375 0.8605555555555555 0.479375
7 0.8294444444444444 0.4275 0.8461111111111111 0.4275 0.8294444444444444 0.48125 0.8461111111111111 0.48125
7 0.8083333333333333 0.4275 0.8283333333333334 0.4275 0.8083333333333333 0.48125 0.8283333333333334 0.48125
7 0.7761111111111111 0.435 0.7883333333333333 0.435 0.7761111111111111 0.4775 0.7883333333333333 0.4775
2 0.7033333333333334 0.44375 0.7183333333333334 0.44375 0.7033333333333334 0.455625 0.7183333333333334 0.455625
2 0.6833333333333333 0.448125 0.6955555555555556 0.448125 0.6833333333333333 0.45875 0.6955555555555556 0.45875
2 0.6461111111111111 0.43375 0.6838888888888889 0.43375 0.6461111111111111 0.475625 0.6838888888888889 0.475625
2 0.5883333333333334 0.424375 0.655 0.424375 0.5883333333333334 0.48375 0.655 0.48375
2 0.5138888888888888 0.44125 0.6038888888888889 0.44125 0.5138888888888888 0.515625 0.6038888888888889 0.515625
2 0.4905555555555556 0.4375 0.5272222222222223 0.4375 0.4905555555555556 0.46875 0.5272222222222223 0.46875
2 0 0.421875 0.09277777777777778 0.421875 0 0.529375 0.09277777777777778 0.529375
2 0.057777777777777775 0.419375 0.25333333333333335 0.419375 0.057777777777777775 0.525625 0.25333333333333335 0.525625
2 0.16944444444444445 0.42875 0.29444444444444445 0.42875 0.16944444444444445 0.509375 0.29444444444444445 0.509375
2 0.28055555555555556 0.44125 0.3283333333333333 0.44125 0.28055555555555556 0.501875 0.3283333333333333 0.501875
2 0.2827777777777778 0.440625 0.37222222222222223 0.440625 0.2827777777777778 0.49625 0.37222222222222223 0.49625
2 0.3672222222222222 0.44875 0.4072222222222222 0.44875 0.3672222222222222 0.49125 0.4072222222222222 0.49125
2 0.32055555555555554 0.425 0.44 0.425 0.32055555555555554 0.485625 0.44 0.485625