9 0.51640625 0.431640625 0.52265625 0.431640625 0.51640625 0.4404296875 0.52265625 0.4404296875
7 0.5328125 0.466796875 0.57265625 0.466796875 0.5328125 0.5888671875 0.57265625 0.5888671875
7 0.56640625 0.48046875 0.6015625 0.48046875 0.56640625 0.58984375 0.6015625 0.58984375
7 0.5859375 0.466796875 0.61328125 0.466796875 0.5859375 0.58203125 0.61328125 0.58203125
2 0.78359375 0.50390625 0.99921875 0.50390625 0.78359375 0.982421875 0.99921875 0.982421875
2 0.7046875 0.4892578125 0.9578125 0.4892578125 0.7046875 0.751953125 0.9578125 0.751953125
2 0.61640625 0.49609375 0.721875 0.49609375 0.61640625 0.59765625 0.721875 0.59765625
2 0.60546875 0.4794921875 0.68125 0.4794921875 0.60546875 0.576171875 0.68125 0.576171875
2 0 0.560546875 0.05 0.560546875 0 0.771484375 0.05 0.771484375
2 0.00546875 0.482421875 0.20625 0.482421875 0.00546875 0.716796875 0.20625 0.716796875
2 0.1796875 0.5205078125 0.25 0.5205078125 0.1796875 0.6455078125 0.25 0.6455078125
2 0.18203125 0.5078125 0.28359375 0.5078125 0.18203125 0.6123046875 0.28359375 0.6123046875
2 0.234375 0.4990234375 0.309375 0.4990234375 0.234375 0.583984375 0.309375 0.583984375
2 0.26640625 0.4892578125 0.33125 0.4892578125 0.26640625 0.5654296875 0.33125 0.5654296875
2 0.290625 0.4716796875 0.3609375 0.4716796875 0.290625 0.5517578125 0.3609375 0.5517578125
2 0.35078125 0.474609375 0.39453125 0.474609375 0.35078125 0.51953125 0.39453125 0.51953125
2 0.3796875 0.4638671875 0.41328125 0.4638671875 0.3796875 0.50390625 0.41328125 0.50390625
2 0.40546875 0.466796875 0.428125 0.466796875 0.40546875 0.49609375 0.428125 0.49609375
2 0.41640625 0.4638671875 0.4359375 0.4638671875 0.41640625 0.490234375 0.4359375 0.490234375
2 0.41484375 0.458984375 0.43828125 0.458984375 0.41484375 0.4853515625 0.43828125 0.4853515625
2 0.43515625 0.4619140625 0.44296875 0.4619140625 0.43515625 0.484375 0.44296875 0.484375
2 0.4328125 0.455078125 0.453125 0.455078125 0.4328125 0.478515625 0.453125 0.478515625
2 0.475 0.4619140625 0.5078125 0.4619140625 0.475 0.498046875 0.5078125 0.498046875
2 0.5859375 0.4765625 0.62578125 0.4765625 0.5859375 0.5068359375 0.62578125 0.5068359375
2 0.52734375 0.4609375 0.57109375 0.4609375 0.52734375 0.4990234375 0.57109375 0.4990234375
2 0.52109375 0.45703125 0.55 0.45703125 0.52109375 0.494140625 0.55 0.494140625
2 0.51484375 0.4599609375 0.52578125 0.4599609375 0.51484375 0.486328125 0.52578125 0.486328125
2 0.51171875 0.4560546875 0.528125 0.4560546875 0.51171875 0.482421875 0.528125 0.482421875
2 0.5078125 0.4541015625 0.51953125 0.4541015625 0.5078125 0.4755859375 0.51953125 0.4755859375
2 0.16796875 0.48046875 0.2265625 0.48046875 0.16796875 0.521484375 0.2265625 0.521484375
2 0.22421875 0.474609375 0.28046875 0.474609375 0.22421875 0.5068359375 0.28046875 0.5068359375
2 0.16484375 0.462890625 0.23203125 0.462890625 0.16484375 0.49609375 0.23203125 0.49609375
2 0.09921875 0.46484375 0.1609375 0.46484375 0.09921875 0.4873046875 0.1609375 0.4873046875
2 0.03671875 0.4736328125 0.0921875 0.4736328125 0.03671875 0.494140625 0.0921875 0.494140625
2 0.49375 0.451171875 0.50546875 0.451171875 0.49375 0.462890625 0.50546875 0.462890625
2 0.446875 0.453125 0.4609375 0.453125 0.446875 0.470703125 0.4609375 0.470703125
2 0.4609375 0.44921875 0.47421875 0.44921875 0.4609375 0.4619140625 0.47421875 0.4619140625
7 0.47265625 0.4609375 0.47734375 0.4609375 0.47265625 0.4765625 0.47734375 0.4765625
7 0.45703125 0.45703125 0.4625 0.45703125 0.45703125 0.4765625 0.4625 0.4765625