0 0.1688888888888889 0.466875 0.2111111111111111 0.466875 0.1688888888888889 0.53625 0.2111111111111111 0.53625
0 0.205 0.475 0.2238888888888889 0.475 0.205 0.526875 0.2238888888888889 0.526875
0 0.225 0.47125 0.2594444444444444 0.47125 0.225 0.535625 0.2594444444444444 0.535625
0 0.2477777777777778 0.4675 0.2722222222222222 0.4675 0.2477777777777778 0.52 0.2722222222222222 0.52
0 0.3194444444444444 0.46375 0.3422222222222222 0.46375 0.3194444444444444 0.510625 0.3422222222222222 0.510625
0 0.33611111111111114 0.4625 0.35388888888888886 0.4625 0.33611111111111114 0.500625 0.35388888888888886 0.500625
0 0.3527777777777778 0.47 0.365 0.47 0.3527777777777778 0.498125 0.365 0.498125
0 0.38055555555555554 0.459375 0.39111111111111113 0.459375 0.38055555555555554 0.48125 0.39111111111111113 0.48125
0 0.3938888888888889 0.46 0.40555555555555556 0.46 0.3938888888888889 0.48375 0.40555555555555556 0.48375
0 0.4066666666666667 0.45875 0.41888888888888887 0.45875 0.4066666666666667 0.48125 0.41888888888888887 0.48125
0 0.4161111111111111 0.456875 0.42333333333333334 0.456875 0.4161111111111111 0.474375 0.42333333333333334 0.474375
2 0.06722222222222222 0.440625 0.19444444444444445 0.440625 0.06722222222222222 0.52375 0.19444444444444445 0.52375
2 0.24333333333333335 0.4325 0.3011111111111111 0.4325 0.24333333333333335 0.49375 0.3011111111111111 0.49375
2 0.35444444444444445 0.45 0.37833333333333335 0.45 0.35444444444444445 0.475625 0.37833333333333335 0.475625
2 0.3711111111111111 0.448125 0.3844444444444444 0.448125 0.3711111111111111 0.47 0.3844444444444444 0.47
2 0.435 0.4525 0.46055555555555555 0.4525 0.435 0.47125 0.46055555555555555 0.47125
2 0.4727777777777778 0.45625 0.48388888888888887 0.45625 0.4727777777777778 0.466875 0.48388888888888887 0.466875
2 0.49 0.46125 0.4988888888888889 0.46125 0.49 0.468125 0.4988888888888889 0.468125
2 0.5066666666666667 0.448125 0.52 0.448125 0.5066666666666667 0.476875 0.52 0.476875
2 0.5111111111111111 0.4475 0.5283333333333333 0.4475 0.5111111111111111 0.47875 0.5283333333333333 0.47875
2 0.5177777777777778 0.44625 0.5366666666666666 0.44625 0.5177777777777778 0.484375 0.5366666666666666 0.484375
2 0.5266666666666666 0.435625 0.59 0.435625 0.5266666666666666 0.4925 0.59 0.4925
7 0.1688888888888889 0.428125 0.21333333333333335 0.428125 0.1688888888888889 0.535 0.21333333333333335 0.535
7 0.20444444444444446 0.431875 0.23222222222222222 0.431875 0.20444444444444446 0.526875 0.23222222222222222 0.526875
7 0.2222222222222222 0.420625 0.2594444444444444 0.420625 0.2222222222222222 0.531875 0.2594444444444444 0.531875
7 0.24555555555555555 0.43 0.27666666666666667 0.43 0.24555555555555555 0.50625 0.27666666666666667 0.50625
7 0.31777777777777777 0.431875 0.34444444444444444 0.431875 0.31777777777777777 0.498125 0.34444444444444444 0.498125
7 0.3388888888888889 0.435 0.35944444444444446 0.435 0.3388888888888889 0.490625 0.35944444444444446 0.490625
7 0.3511111111111111 0.448125 0.3672222222222222 0.448125 0.3511111111111111 0.484375 0.3672222222222222 0.484375
7 0.3811111111111111 0.445 0.39222222222222225 0.445 0.3811111111111111 0.475625 0.39222222222222225 0.475625
7 0.3933333333333333 0.4425 0.4066666666666667 0.4425 0.3933333333333333 0.48125 0.4066666666666667 0.48125
7 0.40444444444444444 0.44125 0.42 0.44125 0.40444444444444444 0.4775 0.42 0.4775
7 0.41555555555555557 0.445 0.4261111111111111 0.445 0.41555555555555557 0.4675 0.4261111111111111 0.4675