4 0.6727777777777778 0.344375 0.6955555555555556 0.344375 0.6727777777777778 0.39375 0.6955555555555556 0.39375
4 0.14277777777777778 0.369375 0.15833333333333333 0.369375 0.14277777777777778 0.40875 0.15833333333333333 0.40875
4 0.9561111111111111 0.319375 0.9711111111111111 0.319375 0.9561111111111111 0.363125 0.9711111111111111 0.363125
4 0.9816666666666667 0.380625 0.9938888888888889 0.380625 0.9816666666666667 0.4 0.9938888888888889 0.4
4 0.36666666666666664 0.444375 0.37222222222222223 0.444375 0.36666666666666664 0.454375 0.37222222222222223 0.454375
9 0.6694444444444444 0.39875 0.6894444444444444 0.39875 0.6694444444444444 0.42375 0.6894444444444444 0.42375
9 0.14888888888888888 0.411875 0.16555555555555557 0.411875 0.14888888888888888 0.44375 0.16555555555555557 0.44375
9 0.9655555555555555 0.373125 0.9794444444444445 0.373125 0.9655555555555555 0.411875 0.9794444444444445 0.411875
2 0.31833333333333336 0.46 0.365 0.46 0.31833333333333336 0.50375 0.365 0.50375
2 0.3761111111111111 0.451875 0.4311111111111111 0.451875 0.3761111111111111 0.494375 0.4311111111111111 0.494375
2 0.44555555555555554 0.41875 0.5744444444444444 0.41875 0.44555555555555554 0.54625 0.5744444444444444 0.54625
2 0.5666666666666667 0.455625 0.6205555555555555 0.455625 0.5666666666666667 0.501875 0.6205555555555555 0.501875