9 0.2916666666666667 0.390625 0.31722222222222224 0.390625 0.2916666666666667 0.420625 0.31722222222222224 0.420625
9 0.29944444444444446 0.420625 0.30777777777777776 0.420625 0.29944444444444446 0.435 0.30777777777777776 0.435
9 0.5611111111111111 0.43625 0.5694444444444444 0.43625 0.5611111111111111 0.448125 0.5694444444444444 0.448125
7 0.9077777777777778 0.39875 0.9205555555555556 0.39875 0.9077777777777778 0.419375 0.9205555555555556 0.419375
13 0 0.384375 0.14444444444444443 0.384375 0 0.51375 0.14444444444444443 0.51375
5 0.6627777777777778 0.4525 0.7005555555555556 0.4525 0.6627777777777778 0.521875 0.7005555555555556 0.521875
2 0.4222222222222222 0.445 0.4666666666666667 0.445 0.4222222222222222 0.49 0.4666666666666667 0.49
2 0.4922222222222222 0.450625 0.5277777777777778 0.450625 0.4922222222222222 0.49 0.5277777777777778 0.49
2 0.5716666666666667 0.46 0.5855555555555556 0.46 0.5716666666666667 0.4875 0.5855555555555556 0.4875
2 0.58 0.4525 0.5977777777777777 0.4525 0.58 0.495 0.5977777777777777 0.495
2 0.5888888888888889 0.45 0.61 0.45 0.5888888888888889 0.498125 0.61 0.498125
2 0.6011111111111112 0.439375 0.6583333333333333 0.439375 0.6011111111111112 0.506875 0.6583333333333333 0.506875
2 0.6333333333333333 0.443125 0.7188888888888889 0.443125 0.6333333333333333 0.518125 0.7188888888888889 0.518125
2 0.6805555555555556 0.445 0.7555555555555555 0.445 0.6805555555555556 0.53875 0.7555555555555555 0.53875
2 0.7255555555555555 0.426875 0.8983333333333333 0.426875 0.7255555555555555 0.564375 0.8983333333333333 0.564375
2 0.8361111111111111 0.43625 0.9994444444444445 0.43625 0.8361111111111111 0.629375 0.9994444444444445 0.629375
2 0.8688888888888889 0.418125 0.9877777777777778 0.418125 0.8688888888888889 0.466875 0.9877777777777778 0.466875
2 0.5377777777777778 0.46 0.5577777777777778 0.46 0.5377777777777778 0.475625 0.5577777777777778 0.475625
2 0.5333333333333333 0.459375 0.5416666666666666 0.459375 0.5333333333333333 0.474375 0.5416666666666666 0.474375
2 0.5305555555555556 0.45625 0.5472222222222223 0.45625 0.5305555555555556 0.473125 0.5472222222222223 0.473125
2 0.5194444444444445 0.45125 0.5305555555555556 0.45125 0.5194444444444445 0.485 0.5305555555555556 0.485