4 0.8137254901960784 0.4580078125 0.8186274509803921 0.4580078125 0.8137254901960784 0.46484375 0.8186274509803921 0.46484375
4 0.7140522875816994 0.4794921875 0.7189542483660131 0.4794921875 0.7140522875816994 0.4921875 0.7189542483660131 0.4921875
4 0.43300653594771243 0.427734375 0.440359477124183 0.427734375 0.43300653594771243 0.4521484375 0.440359477124183 0.4521484375
4 0.43790849673202614 0.4873046875 0.44281045751633985 0.4873046875 0.43790849673202614 0.4931640625 0.44281045751633985 0.4931640625
4 0.3627450980392157 0.40625 0.3741830065359477 0.40625 0.3627450980392157 0.4375 0.3741830065359477 0.4375
4 0.6683006535947712 0.486328125 0.6723856209150327 0.486328125 0.6683006535947712 0.4921875 0.6723856209150327 0.4921875
9 0.29901960784313725 0.482421875 0.30800653594771243 0.482421875 0.29901960784313725 0.4931640625 0.30800653594771243 0.4931640625
9 0.3668300653594771 0.451171875 0.37254901960784315 0.451171875 0.3668300653594771 0.46484375 0.37254901960784315 0.46484375
7 0.9697712418300654 0.4892578125 0.9991830065359477 0.4892578125 0.9697712418300654 0.62109375 0.9991830065359477 0.62109375
7 0.8545751633986928 0.4833984375 0.8725490196078431 0.4833984375 0.8545751633986928 0.5380859375 0.8725490196078431 0.5380859375
7 0.8169934640522876 0.5009765625 0.8276143790849673 0.5009765625 0.8169934640522876 0.5322265625 0.8276143790849673 0.5322265625
7 0.7034313725490197 0.431640625 0.7246732026143791 0.431640625 0.7034313725490197 0.45703125 0.7246732026143791 0.45703125
7 0.7075163398692811 0.4560546875 0.7238562091503268 0.4560546875 0.7075163398692811 0.4638671875 0.7238562091503268 0.4638671875
7 0.678921568627451 0.4931640625 0.6854575163398693 0.4931640625 0.678921568627451 0.521484375 0.6854575163398693 0.521484375
7 0.4910130718954248 0.5068359375 0.5 0.5068359375 0.4910130718954248 0.5322265625 0.5 0.5322265625
7 0.4542483660130719 0.5029296875 0.46405228758169936 0.5029296875 0.4542483660130719 0.5322265625 0.46405228758169936 0.5322265625
5 0.3145424836601307 0.5166015625 0.3276143790849673 0.5166015625 0.3145424836601307 0.5498046875 0.3276143790849673 0.5498046875
5 0.5612745098039216 0.5068359375 0.5841503267973857 0.5068359375 0.5612745098039216 0.529296875 0.5841503267973857 0.529296875
2 0.7851307189542484 0.498046875 0.8047385620915033 0.498046875 0.7851307189542484 0.513671875 0.8047385620915033 0.513671875
2 0.7001633986928104 0.494140625 0.7091503267973857 0.494140625 0.7001633986928104 0.5107421875 0.7091503267973857 0.5107421875
2 0.6911764705882353 0.4921875 0.7083333333333334 0.4921875 0.6911764705882353 0.5078125 0.7083333333333334 0.5078125
2 0.6495098039215687 0.4970703125 0.6617647058823529 0.4970703125 0.6495098039215687 0.509765625 0.6617647058823529 0.509765625
2 0.6168300653594772 0.50390625 0.6299019607843137 0.50390625 0.6168300653594772 0.5146484375 0.6299019607843137 0.5146484375
2 0.3799019607843137 0.4990234375 0.4305555555555556 0.4990234375 0.3799019607843137 0.5419921875 0.4305555555555556 0.5419921875
2 0.32189542483660133 0.5 0.39052287581699346 0.5 0.32189542483660133 0.5478515625 0.39052287581699346 0.5478515625
2 0.26715686274509803 0.49609375 0.3112745098039216 0.49609375 0.26715686274509803 0.5537109375 0.3112745098039216 0.5537109375
2 0 0.4501953125 0.2973856209150327 0.4501953125 0 0.759765625 0.2973856209150327 0.759765625
2 0.4125816993464052 0.5234375 0.6576797385620915 0.5234375 0.4125816993464052 0.7587890625 0.6576797385620915 0.7587890625
2 0.6625816993464052 0.4951171875 0.6748366013071896 0.4951171875 0.6625816993464052 0.50390625 0.6748366013071896 0.50390625
7 0.3112745098039216 0.498046875 0.32598039215686275 0.498046875 0.3112745098039216 0.5283203125 0.32598039215686275 0.5283203125
7 0.565359477124183 0.4970703125 0.5776143790849673 0.4970703125 0.565359477124183 0.525390625 0.5776143790849673 0.525390625