9 0.8066666666666666 0.446875 0.8133333333333334 0.446875 0.8066666666666666 0.4575 0.8133333333333334 0.4575
2 0.2877777777777778 0.409375 0.4088888888888889 0.409375 0.2877777777777778 0.490625 0.4088888888888889 0.490625
2 0.5105555555555555 0.44375 0.5611111111111111 0.44375 0.5105555555555555 0.486875 0.5611111111111111 0.486875
2 0.5561111111111111 0.451875 0.5877777777777777 0.451875 0.5561111111111111 0.485625 0.5877777777777777 0.485625
2 0.6177777777777778 0.46125 0.6716666666666666 0.46125 0.6177777777777778 0.505625 0.6716666666666666 0.505625
2 0.6727777777777778 0.45125 0.7066666666666667 0.45125 0.6727777777777778 0.4875 0.7066666666666667 0.4875
2 0.7061111111111111 0.46125 0.7216666666666667 0.46125 0.7061111111111111 0.47625 0.7216666666666667 0.47625
2 0.7361111111111112 0.4625 0.7561111111111111 0.4625 0.7361111111111112 0.471875 0.7561111111111111 0.471875
2 0.7688888888888888 0.461875 0.7788888888888889 0.461875 0.7688888888888888 0.475 0.7788888888888889 0.475
2 0.7766666666666666 0.46125 0.7911111111111111 0.46125 0.7766666666666666 0.476875 0.7911111111111111 0.476875
2 0.7822222222222223 0.465 0.7922222222222223 0.465 0.7822222222222223 0.4775 0.7922222222222223 0.4775
2 0.7905555555555556 0.46125 0.8022222222222222 0.46125 0.7905555555555556 0.481875 0.8022222222222222 0.481875
2 0.7972222222222223 0.459375 0.8188888888888889 0.459375 0.7972222222222223 0.483125 0.8188888888888889 0.483125
2 0.8055555555555556 0.464375 0.8288888888888889 0.464375 0.8055555555555556 0.485625 0.8288888888888889 0.485625
2 0.8277777777777777 0.456875 0.865 0.456875 0.8277777777777777 0.493125 0.865 0.493125
2 0.8577777777777778 0.458125 0.9066666666666666 0.458125 0.8577777777777778 0.503125 0.9066666666666666 0.503125
2 0.9427777777777778 0.440625 0.9994444444444445 0.440625 0.9427777777777778 0.53875 0.9994444444444445 0.53875