4 0.6168300653594772 0.41015625 0.6200980392156863 0.41015625 0.6168300653594772 0.4208984375 0.6200980392156863 0.4208984375
9 0.6576797385620915 0.4189453125 0.6838235294117647 0.4189453125 0.6576797385620915 0.4384765625 0.6838235294117647 0.4384765625
7 0.46078431372549017 0.4521484375 0.4681372549019608 0.4521484375 0.46078431372549017 0.4609375 0.4681372549019608 0.4609375
13 0.6013071895424836 0.43359375 0.6339869281045751 0.43359375 0.6013071895424836 0.4853515625 0.6339869281045751 0.4853515625
5 0.3741830065359477 0.48046875 0.39950980392156865 0.48046875 0.3741830065359477 0.5224609375 0.39950980392156865 0.5224609375
2 0.7410130718954249 0.490234375 0.9991830065359477 0.490234375 0.7410130718954249 0.80078125 0.9991830065359477 0.80078125
2 0.4681372549019608 0.46875 0.5857843137254902 0.46875 0.4681372549019608 0.5888671875 0.5857843137254902 0.5888671875
2 0.5563725490196079 0.4599609375 0.5915032679738562 0.4599609375 0.5563725490196079 0.5048828125 0.5915032679738562 0.5048828125
2 0.5816993464052288 0.4541015625 0.6013071895424836 0.4541015625 0.5816993464052288 0.48046875 0.6013071895424836 0.48046875
2 0.3946078431372549 0.46484375 0.43790849673202614 0.46484375 0.3946078431372549 0.505859375 0.43790849673202614 0.505859375
2 0.3480392156862745 0.48046875 0.3815359477124183 0.48046875 0.3480392156862745 0.5107421875 0.3815359477124183 0.5107421875
2 0.31862745098039214 0.4833984375 0.36356209150326796 0.4833984375 0.31862745098039214 0.515625 0.36356209150326796 0.515625
2 0.23039215686274508 0.4833984375 0.31699346405228757 0.4833984375 0.23039215686274508 0.5283203125 0.31699346405228757 0.5283203125
2 0.10294117647058823 0.498046875 0.17401960784313725 0.498046875 0.10294117647058823 0.564453125 0.17401960784313725 0.564453125
2 0.008169934640522876 0.5009765625 0.14215686274509803 0.5009765625 0.008169934640522876 0.58203125 0.14215686274509803 0.58203125
2 0 0.5322265625 0.01715686274509804 0.5322265625 0 0.5927734375 0.01715686274509804 0.5927734375
2 0 0.5009765625 0.032679738562091505 0.5009765625 0 0.53515625 0.032679738562091505 0.53515625
2 0.4632352941176471 0.470703125 0.48284313725490197 0.470703125 0.4632352941176471 0.4892578125 0.48284313725490197 0.4892578125
7 0.37745098039215685 0.4716796875 0.39869281045751637 0.4716796875 0.37745098039215685 0.5166015625 0.39869281045751637 0.5166015625