4 0.8738888888888889 0.30375 0.885 0.30375 0.8738888888888889 0.34875 0.885 0.34875
4 0.8516666666666667 0.30875 0.8633333333333333 0.30875 0.8516666666666667 0.349375 0.8633333333333333 0.349375
4 0.5905555555555555 0.39125 0.5961111111111111 0.39125 0.5905555555555555 0.4075 0.5961111111111111 0.4075
4 0.39444444444444443 0.39125 0.4011111111111111 0.39125 0.39444444444444443 0.409375 0.4011111111111111 0.409375
9 0.8783333333333333 0.340625 0.9188888888888889 0.340625 0.8783333333333333 0.353125 0.9188888888888889 0.353125
9 0.57 0.415625 0.5916666666666667 0.415625 0.57 0.441875 0.5916666666666667 0.441875
9 0.6705555555555556 0.39125 0.6783333333333333 0.39125 0.6705555555555556 0.405 0.6783333333333333 0.405
7 0.62 0.415625 0.6322222222222222 0.415625 0.62 0.433125 0.6322222222222222 0.433125
0 0.8294444444444444 0.451875 0.8672222222222222 0.451875 0.8294444444444444 0.515 0.8672222222222222 0.515
13 0.5333333333333333 0.42375 0.5566666666666666 0.42375 0.5333333333333333 0.45125 0.5566666666666666 0.45125
2 0.6194444444444445 0.4325 0.6844444444444444 0.4325 0.6194444444444445 0.478125 0.6844444444444444 0.478125
2 0.6044444444444445 0.434375 0.6327777777777778 0.434375 0.6044444444444445 0.47 0.6327777777777778 0.47
2 0.5972222222222222 0.433125 0.6172222222222222 0.433125 0.5972222222222222 0.466875 0.6172222222222222 0.466875
2 0.5827777777777777 0.429375 0.6172222222222222 0.429375 0.5827777777777777 0.465 0.6172222222222222 0.465
2 0.55 0.436875 0.5738888888888889 0.436875 0.55 0.455625 0.5738888888888889 0.455625
2 0.33055555555555555 0.41625 0.4577777777777778 0.41625 0.33055555555555555 0.524375 0.4577777777777778 0.524375
2 0.495 0.44625 0.5022222222222222 0.44625 0.495 0.451875 0.5022222222222222 0.451875
7 0.8333333333333334 0.413125 0.8655555555555555 0.413125 0.8333333333333334 0.491875 0.8655555555555555 0.491875
3 0.8072222222222222 0.45 0.8233333333333334 0.45 0.8072222222222222 0.490625 0.8233333333333334 0.490625