4 0.34055555555555556 0.43375 0.34555555555555556 0.43375 0.34055555555555556 0.44125 0.34555555555555556 0.44125
4 0.5216666666666666 0.378125 0.5327777777777778 0.378125 0.5216666666666666 0.396875 0.5327777777777778 0.396875
4 0.5255555555555556 0.343125 0.5372222222222223 0.343125 0.5255555555555556 0.373125 0.5372222222222223 0.373125
4 0.7633333333333333 0.36125 0.7777777777777778 0.36125 0.7633333333333333 0.383125 0.7777777777777778 0.383125
4 0.7522222222222222 0.29125 0.78 0.29125 0.7522222222222222 0.34125 0.78 0.34125
4 0.425 0.43 0.4311111111111111 0.43 0.425 0.438125 0.4311111111111111 0.438125
4 0.7877777777777778 0.39625 0.7972222222222223 0.39625 0.7877777777777778 0.410625 0.7972222222222223 0.410625
9 0.3411111111111111 0.42875 0.3511111111111111 0.42875 0.3411111111111111 0.433125 0.3511111111111111 0.433125
9 0.4477777777777778 0.413125 0.45611111111111113 0.413125 0.4477777777777778 0.425625 0.45611111111111113 0.425625
9 0.4483333333333333 0.404375 0.4538888888888889 0.404375 0.4483333333333333 0.413125 0.4538888888888889 0.413125
9 0.465 0.41375 0.4711111111111111 0.41375 0.465 0.425 0.4711111111111111 0.425
9 0.46111111111111114 0.386875 0.4738888888888889 0.386875 0.46111111111111114 0.404375 0.4738888888888889 0.404375
9 0.5233333333333333 0.420625 0.5338888888888889 0.420625 0.5233333333333333 0.43625 0.5338888888888889 0.43625
9 0.76 0.344375 0.7811111111111111 0.344375 0.76 0.360625 0.7811111111111111 0.360625
9 0.8005555555555556 0.354375 0.8333333333333334 0.354375 0.8005555555555556 0.36625 0.8333333333333334 0.36625
7 0.10722222222222222 0.44 0.1238888888888889 0.44 0.10722222222222222 0.48875 0.1238888888888889 0.48875
7 0.5033333333333333 0.42125 0.5227777777777778 0.42125 0.5033333333333333 0.474375 0.5227777777777778 0.474375
2 0.12277777777777778 0.445625 0.1922222222222222 0.445625 0.12277777777777778 0.49625 0.1922222222222222 0.49625
2 0.4127777777777778 0.448125 0.42333333333333334 0.448125 0.4127777777777778 0.46875 0.42333333333333334 0.46875
2 0.42 0.443125 0.46444444444444444 0.443125 0.42 0.48125 0.46444444444444444 0.48125
3 0.51 0.451875 0.5233333333333333 0.451875 0.51 0.48625 0.5233333333333333 0.48625