9 0.425 0.431640625 0.42890625 0.431640625 0.425 0.435546875 0.42890625 0.435546875
9 0.42578125 0.435546875 0.42890625 0.435546875 0.42578125 0.4384765625 0.42890625 0.4384765625
7 0.66875 0.4609375 0.69765625 0.4609375 0.66875 0.5107421875 0.69765625 0.5107421875
7 0.37578125 0.4501953125 0.384375 0.4501953125 0.37578125 0.482421875 0.384375 0.482421875
0 0.421875 0.455078125 0.42890625 0.455078125 0.421875 0.4716796875 0.42890625 0.4716796875
5 0.46484375 0.4619140625 0.50390625 0.4619140625 0.46484375 0.49609375 0.50390625 0.49609375
2 0.81484375 0.48046875 0.99921875 0.48046875 0.81484375 0.62109375 0.99921875 0.62109375
2 0.76015625 0.4345703125 0.9171875 0.4345703125 0.76015625 0.5654296875 0.9171875 0.5654296875
2 0.53359375 0.455078125 0.69375 0.455078125 0.53359375 0.611328125 0.69375 0.611328125
2 0.52578125 0.48046875 0.55625 0.48046875 0.52578125 0.568359375 0.55625 0.568359375
2 0.51328125 0.44921875 0.54453125 0.44921875 0.51328125 0.482421875 0.54453125 0.482421875
2 0.490625 0.447265625 0.51328125 0.447265625 0.490625 0.4716796875 0.51328125 0.4716796875
2 0.4546875 0.45703125 0.48671875 0.45703125 0.4546875 0.4912109375 0.48671875 0.4912109375
2 0.446875 0.455078125 0.46171875 0.455078125 0.446875 0.482421875 0.46171875 0.482421875
2 0.440625 0.4541015625 0.45078125 0.4541015625 0.440625 0.4755859375 0.45078125 0.4755859375
2 0.421875 0.4453125 0.4359375 0.4453125 0.421875 0.4599609375 0.4359375 0.4599609375
2 0.41796875 0.443359375 0.42734375 0.443359375 0.41796875 0.45703125 0.42734375 0.45703125
2 0.39921875 0.447265625 0.4109375 0.447265625 0.39921875 0.4580078125 0.4109375 0.4580078125
2 0.3671875 0.4482421875 0.37578125 0.4482421875 0.3671875 0.46484375 0.37578125 0.46484375
2 0.35625 0.4501953125 0.36875 0.4501953125 0.35625 0.470703125 0.36875 0.470703125
2 0.35234375 0.4521484375 0.36328125 0.4521484375 0.35234375 0.4736328125 0.36328125 0.4736328125
2 0.34765625 0.451171875 0.35859375 0.451171875 0.34765625 0.4765625 0.35859375 0.4765625
2 0.32109375 0.4501953125 0.35078125 0.4501953125 0.32109375 0.4814453125 0.35078125 0.4814453125
2 0.32265625 0.4580078125 0.34765625 0.4580078125 0.32265625 0.490234375 0.34765625 0.490234375
2 0.3171875 0.4609375 0.334375 0.4609375 0.3171875 0.4970703125 0.334375 0.4970703125
2 0.3078125 0.4609375 0.32734375 0.4609375 0.3078125 0.5 0.32734375 0.5
2 0.2703125 0.45703125 0.31640625 0.45703125 0.2703125 0.5126953125 0.31640625 0.5126953125
2 0.259375 0.470703125 0.30234375 0.470703125 0.259375 0.517578125 0.30234375 0.517578125
2 0.24765625 0.4775390625 0.2796875 0.4775390625 0.24765625 0.5400390625 0.2796875 0.5400390625
2 0.19921875 0.478515625 0.2625 0.478515625 0.19921875 0.5517578125 0.2625 0.5517578125
2 0.159375 0.48828125 0.2515625 0.48828125 0.159375 0.5732421875 0.2515625 0.5732421875
2 0.0859375 0.4990234375 0.21015625 0.4990234375 0.0859375 0.6103515625 0.21015625 0.6103515625
2 0.08671875 0.466796875 0.171875 0.466796875 0.08671875 0.501953125 0.171875 0.501953125
2 0.69296875 0.45703125 0.70625 0.45703125 0.69296875 0.529296875 0.70625 0.529296875
7 0.421875 0.447265625 0.42890625 0.447265625 0.421875 0.4677734375 0.42890625 0.4677734375