4 0.83740234375 0.412109375 0.85693359375 0.412109375 0.83740234375 0.4420572916666667 0.85693359375 0.4420572916666667
4 0.47412109375 0.525390625 0.4794921875 0.525390625 0.47412109375 0.5436197916666666 0.4794921875 0.5436197916666666
4 0.47216796875 0.546875 0.4765625 0.546875 0.47216796875 0.5553385416666666 0.4765625 0.5553385416666666
4 0.65869140625 0.4791666666666667 0.6650390625 0.4791666666666667 0.65869140625 0.4973958333333333 0.6650390625 0.4973958333333333
4 0.57373046875 0.28515625 0.58544921875 0.28515625 0.57373046875 0.31640625 0.58544921875 0.31640625
9 0.556640625 0.4479166666666667 0.572265625 0.4479166666666667 0.556640625 0.462890625 0.572265625 0.462890625
7 0.90625 0.53515625 0.95703125 0.53515625 0.90625 0.716796875 0.95703125 0.716796875
7 0.0361328125 0.5384114583333334 0.06201171875 0.5384114583333334 0.0361328125 0.638671875 0.06201171875 0.638671875
2 0.4912109375 0.5677083333333334 0.57568359375 0.5677083333333334 0.4912109375 0.6490885416666666 0.57568359375 0.6490885416666666
2 0.599609375 0.5618489583333334 0.6279296875 0.5618489583333334 0.599609375 0.5904947916666666 0.6279296875 0.5904947916666666
2 0.66943359375 0.5625 0.71826171875 0.5625 0.66943359375 0.6204427083333334 0.71826171875 0.6204427083333334