9 0.3203125 0.4150390625 0.3453125 0.4150390625 0.3203125 0.4267578125 0.3453125 0.4267578125
7 0.715625 0.4736328125 0.734375 0.4736328125 0.715625 0.572265625 0.734375 0.572265625
7 0.75 0.470703125 0.77734375 0.470703125 0.75 0.5810546875 0.77734375 0.5810546875
7 0.78046875 0.47265625 0.815625 0.47265625 0.78046875 0.580078125 0.815625 0.580078125
7 0.425 0.451171875 0.4328125 0.451171875 0.425 0.4833984375 0.4328125 0.4833984375
0 0.371875 0.4697265625 0.38046875 0.4697265625 0.371875 0.4892578125 0.38046875 0.4892578125
2 0.12890625 0.4794921875 0.19609375 0.4794921875 0.12890625 0.533203125 0.19609375 0.533203125
2 0 0.4794921875 0.07734375 0.4794921875 0 0.5517578125 0.07734375 0.5517578125
2 0 0.4951171875 0.06484375 0.4951171875 0 0.5830078125 0.06484375 0.5830078125
2 0.465625 0.4521484375 0.50234375 0.4521484375 0.465625 0.486328125 0.50234375 0.486328125
7 0.37109375 0.4541015625 0.38046875 0.4541015625 0.37109375 0.486328125 0.38046875 0.486328125
3 0.3375 0.47265625 0.34453125 0.47265625 0.3375 0.4921875 0.34453125 0.4921875