9 0.50234375 0.4326171875 0.5078125 0.4326171875 0.50234375 0.439453125 0.5078125 0.439453125
7 0.51015625 0.462890625 0.528125 0.462890625 0.51015625 0.546875 0.528125 0.546875
7 0.525 0.4716796875 0.546875 0.4716796875 0.525 0.546875 0.546875 0.546875
7 0.53984375 0.4609375 0.55859375 0.4609375 0.53984375 0.541015625 0.55859375 0.541015625
2 0.821875 0.5263671875 0.99921875 0.5263671875 0.821875 0.9365234375 0.99921875 0.9365234375
2 0.73203125 0.544921875 0.95625 0.544921875 0.73203125 0.7900390625 0.95625 0.7900390625
2 0.596875 0.4677734375 0.75703125 0.4677734375 0.596875 0.6357421875 0.75703125 0.6357421875
2 0.5828125 0.466796875 0.6875 0.466796875 0.5828125 0.5810546875 0.6875 0.5810546875
2 0.5546875 0.4814453125 0.6046875 0.4814453125 0.5546875 0.5458984375 0.6046875 0.5458984375
2 0.55234375 0.470703125 0.60625 0.470703125 0.55234375 0.533203125 0.60625 0.533203125
2 0.47421875 0.4619140625 0.5140625 0.4619140625 0.47421875 0.4970703125 0.5140625 0.4970703125
2 0.5171875 0.458984375 0.54140625 0.458984375 0.5171875 0.4833984375 0.54140625 0.4833984375
2 0 0.5625 0.0734375 0.5625 0 0.7705078125 0.0734375 0.7705078125
2 0.0296875 0.5380859375 0.171875 0.5380859375 0.0296875 0.6865234375 0.171875 0.6865234375
2 0.12578125 0.498046875 0.2453125 0.498046875 0.12578125 0.6279296875 0.2453125 0.6279296875
2 0.19921875 0.4697265625 0.30625 0.4697265625 0.19921875 0.5966796875 0.30625 0.5966796875
2 0.28828125 0.49609375 0.31875 0.49609375 0.28828125 0.5712890625 0.31875 0.5712890625
2 0.28828125 0.490234375 0.33203125 0.490234375 0.28828125 0.556640625 0.33203125 0.556640625
2 0.30625 0.486328125 0.34296875 0.486328125 0.30625 0.5458984375 0.34296875 0.5458984375
2 0.315625 0.48046875 0.35078125 0.48046875 0.315625 0.5361328125 0.35078125 0.5361328125
2 0.3234375 0.466796875 0.37578125 0.466796875 0.3234375 0.5283203125 0.37578125 0.5283203125
2 0.36484375 0.4716796875 0.39765625 0.4716796875 0.36484375 0.5078125 0.39765625 0.5078125
2 0.38125 0.4638671875 0.41171875 0.4638671875 0.38125 0.49609375 0.41171875 0.49609375
2 0.4046875 0.46484375 0.42265625 0.46484375 0.4046875 0.490234375 0.42265625 0.490234375
2 0.415625 0.4638671875 0.42890625 0.4638671875 0.415625 0.4853515625 0.42890625 0.4853515625
2 0.40859375 0.4580078125 0.43359375 0.4580078125 0.40859375 0.482421875 0.43359375 0.482421875
2 0.425 0.4560546875 0.44453125 0.4560546875 0.425 0.4765625 0.44453125 0.4765625
2 0.4375 0.4521484375 0.45078125 0.4521484375 0.4375 0.4697265625 0.45078125 0.4697265625
2 0.08671875 0.470703125 0.146875 0.470703125 0.08671875 0.5126953125 0.146875 0.5126953125
2 0.0328125 0.48046875 0.07890625 0.48046875 0.0328125 0.513671875 0.07890625 0.513671875
2 0.00078125 0.4736328125 0.04375 0.4736328125 0.00078125 0.51171875 0.04375 0.51171875
2 0.2046875 0.4638671875 0.2625 0.4638671875 0.2046875 0.4794921875 0.2625 0.4794921875
2 0.146875 0.462890625 0.16796875 0.462890625 0.146875 0.48046875 0.16796875 0.48046875
2 0.4828125 0.451171875 0.4953125 0.451171875 0.4828125 0.46484375 0.4953125 0.46484375
2 0.14921875 0.46484375 0.20625 0.46484375 0.14921875 0.5 0.20625 0.5
7 0.459375 0.453125 0.465625 0.453125 0.459375 0.4765625 0.465625 0.4765625
7 0.44765625 0.4521484375 0.453125 0.4521484375 0.44765625 0.4755859375 0.453125 0.4755859375