7 0.60546875 0.505859375 0.62060546875 0.505859375 0.60546875 0.5651041666666666 0.62060546875 0.5651041666666666
7 0.58837890625 0.5123697916666666 0.59814453125 0.5123697916666666 0.58837890625 0.5553385416666666 0.59814453125 0.5553385416666666
2 0.7841796875 0.5013020833333334 0.8583984375 0.5013020833333334 0.7841796875 0.5833333333333334 0.8583984375 0.5833333333333334
2 0.6337890625 0.5221354166666666 0.7001953125 0.5221354166666666 0.6337890625 0.591796875 0.7001953125 0.591796875
2 0.62158203125 0.5188802083333334 0.64892578125 0.5188802083333334 0.62158203125 0.556640625 0.64892578125 0.556640625
2 0.51806640625 0.5104166666666666 0.54052734375 0.5104166666666666 0.51806640625 0.5416666666666666 0.54052734375 0.5416666666666666
2 0.49462890625 0.5169270833333334 0.51904296875 0.5169270833333334 0.49462890625 0.548828125 0.51904296875 0.548828125
2 0.4873046875 0.5240885416666666 0.50439453125 0.5240885416666666 0.4873046875 0.5611979166666666 0.50439453125 0.5611979166666666
2 0.4638671875 0.5188802083333334 0.4951171875 0.5188802083333334 0.4638671875 0.5611979166666666 0.4951171875 0.5611979166666666
2 0.42724609375 0.5149739583333334 0.4755859375 0.5149739583333334 0.42724609375 0.57421875 0.4755859375 0.57421875
2 0.42626953125 0.5286458333333334 0.45751953125 0.5286458333333334 0.42626953125 0.580078125 0.45751953125 0.580078125
2 0.40234375 0.5299479166666666 0.4443359375 0.5299479166666666 0.40234375 0.5885416666666666 0.4443359375 0.5885416666666666
2 0.35400390625 0.533203125 0.41455078125 0.533203125 0.35400390625 0.599609375 0.41455078125 0.599609375
2 0.26904296875 0.5143229166666666 0.36181640625 0.5143229166666666 0.26904296875 0.62890625 0.36181640625 0.62890625
2 0.1875 0.529296875 0.29736328125 0.529296875 0.1875 0.65234375 0.29736328125 0.65234375
2 0.06005859375 0.54296875 0.22265625 0.54296875 0.06005859375 0.6875 0.22265625 0.6875
2 0.03076171875 0.5611979166666666 0.09619140625 0.5611979166666666 0.03076171875 0.7278645833333334 0.09619140625 0.7278645833333334