9 0.7288888888888889 0.319375 0.75 0.319375 0.7288888888888889 0.35375 0.75 0.35375
9 0.5372222222222223 0.4175 0.5433333333333333 0.4175 0.5372222222222223 0.4275 0.5433333333333333 0.4275
2 0 0.443125 0.026111111111111113 0.443125 0 0.5 0.026111111111111113 0.5
2 0 0.41625 0.02277777777777778 0.41625 0 0.445 0.02277777777777778 0.445
2 0.029444444444444443 0.401875 0.095 0.401875 0.029444444444444443 0.451875 0.095 0.451875
2 0.013888888888888888 0.411875 0.05444444444444444 0.411875 0.013888888888888888 0.443125 0.05444444444444444 0.443125
2 0.08055555555555556 0.34875 0.31833333333333336 0.34875 0.08055555555555556 0.578125 0.31833333333333336 0.578125
2 0.3161111111111111 0.448125 0.34944444444444445 0.448125 0.3161111111111111 0.489375 0.34944444444444445 0.489375
2 0.3233333333333333 0.44125 0.36333333333333334 0.44125 0.3233333333333333 0.48375 0.36333333333333334 0.48375
2 0.36 0.448125 0.38333333333333336 0.448125 0.36 0.47875 0.38333333333333336 0.47875
2 0.36833333333333335 0.443125 0.3983333333333333 0.443125 0.36833333333333335 0.475 0.3983333333333333 0.475
2 0.39222222222222225 0.446875 0.405 0.446875 0.39222222222222225 0.470625 0.405 0.470625
2 0.40166666666666667 0.4475 0.42277777777777775 0.4475 0.40166666666666667 0.464375 0.42277777777777775 0.464375
2 0.42777777777777776 0.449375 0.44 0.449375 0.42777777777777776 0.46 0.44 0.46
2 0.59 0.435 0.7616666666666667 0.435 0.59 0.566875 0.7616666666666667 0.566875
2 0.5444444444444444 0.414375 0.6455555555555555 0.414375 0.5444444444444444 0.518125 0.6455555555555555 0.518125
2 0.5311111111111111 0.444375 0.5544444444444444 0.444375 0.5311111111111111 0.495 0.5544444444444444 0.495
2 0.5216666666666666 0.42875 0.5611111111111111 0.42875 0.5216666666666666 0.488125 0.5611111111111111 0.488125
2 0.5122222222222222 0.44125 0.5294444444444445 0.44125 0.5122222222222222 0.479375 0.5294444444444445 0.479375
2 0.4955555555555556 0.4475 0.5183333333333333 0.4475 0.4955555555555556 0.47 0.5183333333333333 0.47
2 0.48777777777777775 0.4375 0.5172222222222222 0.4375 0.48777777777777775 0.46625 0.5172222222222222 0.46625
2 0.4666666666666667 0.451875 0.47444444444444445 0.451875 0.4666666666666667 0.46 0.47444444444444445 0.46
2 0.4811111111111111 0.449375 0.4888888888888889 0.449375 0.4811111111111111 0.460625 0.4888888888888889 0.460625
2 0.4411111111111111 0.4525 0.4483333333333333 0.4525 0.4411111111111111 0.459375 0.4483333333333333 0.459375
2 0.4477777777777778 0.455 0.45166666666666666 0.455 0.4477777777777778 0.459375 0.45166666666666666 0.459375
2 0.4738888888888889 0.45125 0.4822222222222222 0.45125 0.4738888888888889 0.459375 0.4822222222222222 0.459375