1 0.48388888888888887 0.42875 0.5161111111111111 0.42875 0.48388888888888887 0.469375 0.5161111111111111 0.469375
4 0.5405555555555556 0.4025 0.5466666666666666 0.4025 0.5405555555555556 0.409375 0.5466666666666666 0.409375
4 0.3461111111111111 0.404375 0.355 0.404375 0.3461111111111111 0.416875 0.355 0.416875
9 0.6072222222222222 0.38625 0.6216666666666667 0.38625 0.6072222222222222 0.413125 0.6216666666666667 0.413125
9 0.5377777777777778 0.413125 0.55 0.413125 0.5377777777777778 0.431875 0.55 0.431875
9 0.5238888888888888 0.4175 0.5311111111111111 0.4175 0.5238888888888888 0.42875 0.5311111111111111 0.42875
9 0.2588888888888889 0.411875 0.2683333333333333 0.411875 0.2588888888888889 0.428125 0.2683333333333333 0.428125
9 0.3422222222222222 0.41875 0.35777777777777775 0.41875 0.3422222222222222 0.440625 0.35777777777777775 0.440625
7 0.7883333333333333 0.42 0.8222222222222222 0.42 0.7883333333333333 0.5175 0.8222222222222222 0.5175
7 0.7633333333333333 0.421875 0.7944444444444444 0.421875 0.7633333333333333 0.50875 0.7944444444444444 0.50875
7 0.7494444444444445 0.424375 0.7677777777777778 0.424375 0.7494444444444445 0.501875 0.7677777777777778 0.501875
7 0.7011111111111111 0.43625 0.7205555555555555 0.43625 0.7011111111111111 0.490625 0.7205555555555555 0.490625
7 0.6794444444444444 0.43875 0.6916666666666667 0.43875 0.6794444444444444 0.4925 0.6916666666666667 0.4925
7 0.8894444444444445 0.416875 0.9027777777777778 0.416875 0.8894444444444445 0.465 0.9027777777777778 0.465
7 0.8961111111111111 0.416875 0.9122222222222223 0.416875 0.8961111111111111 0.46625 0.9122222222222223 0.46625
7 0.9716666666666667 0.4125 0.9827777777777778 0.4125 0.9716666666666667 0.4475 0.9827777777777778 0.4475
7 0.9577777777777777 0.416875 0.9655555555555555 0.416875 0.9577777777777777 0.44875 0.9655555555555555 0.44875
7 0.5311111111111111 0.449375 0.5366666666666666 0.449375 0.5311111111111111 0.46875 0.5366666666666666 0.46875
7 0.5161111111111111 0.449375 0.5211111111111111 0.449375 0.5161111111111111 0.466875 0.5211111111111111 0.466875
2 0.5505555555555556 0.438125 0.6344444444444445 0.438125 0.5505555555555556 0.51375 0.6344444444444445 0.51375
2 0.45222222222222225 0.440625 0.4938888888888889 0.440625 0.45222222222222225 0.485625 0.4938888888888889 0.485625
2 0.4477777777777778 0.451875 0.45666666666666667 0.451875 0.4477777777777778 0.478125 0.45666666666666667 0.478125
2 0.4077777777777778 0.4525 0.4488888888888889 0.4525 0.4077777777777778 0.475 0.4488888888888889 0.475
2 0.3977777777777778 0.45125 0.4177777777777778 0.45125 0.3977777777777778 0.4725 0.4177777777777778 0.4725
2 0.44166666666666665 0.450625 0.45 0.450625 0.44166666666666665 0.46 0.45 0.46
2 0.2761111111111111 0.454375 0.335 0.454375 0.2761111111111111 0.506875 0.335 0.506875
2 0.1688888888888889 0.441875 0.2777777777777778 0.441875 0.1688888888888889 0.533125 0.2777777777777778 0.533125
2 0 0.4425 0.15611111111111112 0.4425 0 0.584375 0.15611111111111112 0.584375
3 0.8538888888888889 0.4775 0.8844444444444445 0.4775 0.8538888888888889 0.551875 0.8844444444444445 0.551875