1 0.3411111111111111 0.436875 0.38166666666666665 0.436875 0.3411111111111111 0.479375 0.38166666666666665 0.479375
9 0 0.416875 0.008888888888888889 0.416875 0 0.44125 0.008888888888888889 0.44125
9 0 0.388125 0.006111111111111111 0.388125 0 0.414375 0.006111111111111111 0.414375
0 0.09111111111111111 0.48625 0.11555555555555555 0.48625 0.09111111111111111 0.5275 0.11555555555555555 0.5275
0 0.12166666666666667 0.485 0.14555555555555555 0.485 0.12166666666666667 0.519375 0.14555555555555555 0.519375
2 0.1461111111111111 0.45625 0.21722222222222223 0.45625 0.1461111111111111 0.5325 0.21722222222222223 0.5325
2 0.18333333333333332 0.45 0.31277777777777777 0.45 0.18333333333333332 0.5425 0.31277777777777777 0.5425
2 0.29333333333333333 0.451875 0.35055555555555556 0.451875 0.29333333333333333 0.50375 0.35055555555555556 0.50375
2 0.39222222222222225 0.414375 0.5127777777777778 0.414375 0.39222222222222225 0.545 0.5127777777777778 0.545
2 0.3811111111111111 0.455 0.39555555555555555 0.455 0.3811111111111111 0.470625 0.39555555555555555 0.470625
2 0.01 0.478125 0.03388888888888889 0.478125 0.01 0.49125 0.03388888888888889 0.49125
2 0.06722222222222222 0.47625 0.07944444444444444 0.47625 0.06722222222222222 0.4875 0.07944444444444444 0.4875
7 0.09055555555555556 0.46375 0.11611111111111111 0.46375 0.09055555555555556 0.519375 0.11611111111111111 0.519375
7 0.12222222222222222 0.465625 0.14333333333333334 0.465625 0.12222222222222222 0.51875 0.14333333333333334 0.51875