9 0 0.337890625 0.026143790849673203 0.337890625 0 0.38671875 0.026143790849673203 0.38671875
9 0 0.384765625 0.022058823529411766 0.384765625 0 0.43359375 0.022058823529411766 0.43359375
9 0 0.43359375 0.021241830065359478 0.43359375 0 0.4853515625 0.021241830065359478 0.4853515625
9 0.18382352941176472 0.5009765625 0.20833333333333334 0.5009765625 0.18382352941176472 0.509765625 0.20833333333333334 0.509765625
9 0.190359477124183 0.5107421875 0.20016339869281047 0.5107421875 0.190359477124183 0.5234375 0.20016339869281047 0.5234375
9 0.20751633986928106 0.4365234375 0.23039215686274508 0.4365234375 0.20751633986928106 0.4658203125 0.23039215686274508 0.4658203125
9 0.3562091503267974 0.44921875 0.3799019607843137 0.44921875 0.3562091503267974 0.4755859375 0.3799019607843137 0.4755859375
9 0.35784313725490197 0.4765625 0.37745098039215685 0.4765625 0.35784313725490197 0.4853515625 0.37745098039215685 0.4853515625
9 0.863562091503268 0.419921875 0.9003267973856209 0.419921875 0.863562091503268 0.4375 0.9003267973856209 0.4375
9 0.863562091503268 0.439453125 0.8995098039215687 0.439453125 0.863562091503268 0.4560546875 0.8995098039215687 0.4560546875
9 0.8602941176470589 0.3671875 0.9019607843137255 0.3671875 0.8602941176470589 0.4189453125 0.9019607843137255 0.4189453125
9 0.6535947712418301 0.4619140625 0.6740196078431373 0.4619140625 0.6535947712418301 0.48828125 0.6740196078431373 0.48828125
9 0.6029411764705882 0.4794921875 0.6143790849673203 0.4794921875 0.6029411764705882 0.494140625 0.6143790849673203 0.494140625
9 0.5800653594771242 0.478515625 0.5906862745098039 0.478515625 0.5800653594771242 0.4833984375 0.5906862745098039 0.4833984375
9 0.5800653594771242 0.4833984375 0.5906862745098039 0.4833984375 0.5800653594771242 0.4970703125 0.5906862745098039 0.4970703125
9 0.5784313725490197 0.4619140625 0.5923202614379085 0.4619140625 0.5784313725490197 0.4775390625 0.5923202614379085 0.4775390625
7 0.32598039215686275 0.5078125 0.33578431372549017 0.5078125 0.32598039215686275 0.5439453125 0.33578431372549017 0.5439453125
7 0.3472222222222222 0.501953125 0.3602941176470588 0.501953125 0.3472222222222222 0.5517578125 0.3602941176470588 0.5517578125
7 0.5498366013071896 0.5078125 0.5555555555555556 0.5078125 0.5498366013071896 0.525390625 0.5555555555555556 0.525390625
5 0.49673202614379086 0.537109375 0.5424836601307189 0.537109375 0.49673202614379086 0.62890625 0.5424836601307189 0.62890625
2 0.4133986928104575 0.5244140625 0.4852941176470588 0.5244140625 0.4133986928104575 0.552734375 0.4852941176470588 0.552734375
2 0.440359477124183 0.5107421875 0.4730392156862745 0.5107421875 0.440359477124183 0.5283203125 0.4730392156862745 0.5283203125
2 0.6143790849673203 0.5107421875 0.7181372549019608 0.5107421875 0.6143790849673203 0.55859375 0.7181372549019608 0.55859375
2 0.3088235294117647 0.5361328125 0.5310457516339869 0.5361328125 0.3088235294117647 0.7587890625 0.5310457516339869 0.7587890625
7 0.4991830065359477 0.51171875 0.5392156862745098 0.51171875 0.4991830065359477 0.6005859375 0.5392156862745098 0.6005859375