4 0.8954248366013072 0.3310546875 0.9117647058823529 0.3310546875 0.8954248366013072 0.375 0.9117647058823529 0.375
4 0.886437908496732 0.37109375 0.8929738562091504 0.37109375 0.886437908496732 0.3916015625 0.8929738562091504 0.3916015625
4 0.8790849673202614 0.3720703125 0.8848039215686274 0.3720703125 0.8790849673202614 0.37890625 0.8848039215686274 0.37890625
4 0.5228758169934641 0.4248046875 0.5343137254901961 0.4248046875 0.5228758169934641 0.4384765625 0.5343137254901961 0.4384765625
4 0.5 0.421875 0.5122549019607843 0.421875 0.5 0.435546875 0.5122549019607843 0.435546875
4 0.5089869281045751 0.37890625 0.5196078431372549 0.37890625 0.5089869281045751 0.4130859375 0.5196078431372549 0.4130859375
4 0.3831699346405229 0.423828125 0.39052287581699346 0.423828125 0.3831699346405229 0.4462890625 0.39052287581699346 0.4462890625
4 0.1315359477124183 0.421875 0.14215686274509803 0.421875 0.1315359477124183 0.4453125 0.14215686274509803 0.4453125
4 0.029411764705882353 0.4169921875 0.0392156862745098 0.4169921875 0.029411764705882353 0.4482421875 0.0392156862745098 0.4482421875
4 0.03758169934640523 0.4150390625 0.04738562091503268 0.4150390625 0.03758169934640523 0.4326171875 0.04738562091503268 0.4326171875
4 0.04411764705882353 0.474609375 0.05228758169934641 0.474609375 0.04411764705882353 0.486328125 0.05228758169934641 0.486328125
4 0.1388888888888889 0.46875 0.1437908496732026 0.46875 0.1388888888888889 0.4765625 0.1437908496732026 0.4765625
4 0.13725490196078433 0.4765625 0.14215686274509803 0.4765625 0.13725490196078433 0.48828125 0.14215686274509803 0.48828125
4 0.011437908496732025 0.470703125 0.01715686274509804 0.470703125 0.011437908496732025 0.486328125 0.01715686274509804 0.486328125
4 0.03104575163398693 0.474609375 0.03594771241830065 0.474609375 0.03104575163398693 0.4921875 0.03594771241830065 0.4921875
4 0.03839869281045752 0.4921875 0.049019607843137254 0.4921875 0.03839869281045752 0.5078125 0.049019607843137254 0.5078125
9 0.8962418300653595 0.3779296875 0.9338235294117647 0.3779296875 0.8962418300653595 0.396484375 0.9338235294117647 0.396484375
9 0.7320261437908496 0.3916015625 0.7450980392156863 0.3916015625 0.7320261437908496 0.4072265625 0.7450980392156863 0.4072265625
9 0.27205882352941174 0.462890625 0.2818627450980392 0.462890625 0.27205882352941174 0.4755859375 0.2818627450980392 0.4755859375
9 0.15604575163398693 0.4404296875 0.17320261437908496 0.4404296875 0.15604575163398693 0.4619140625 0.17320261437908496 0.4619140625
7 0.4166666666666667 0.4638671875 0.4264705882352941 0.4638671875 0.4166666666666667 0.4814453125 0.4264705882352941 0.4814453125
7 0.12254901960784313 0.4833984375 0.136437908496732 0.4833984375 0.12254901960784313 0.51953125 0.136437908496732 0.51953125
0 0.22875816993464052 0.4951171875 0.2508169934640523 0.4951171875 0.22875816993464052 0.5126953125 0.2508169934640523 0.5126953125
5 0.6993464052287581 0.462890625 0.7377450980392157 0.462890625 0.6993464052287581 0.53125 0.7377450980392157 0.53125
5 0.5212418300653595 0.4619140625 0.5285947712418301 0.4619140625 0.5212418300653595 0.4736328125 0.5285947712418301 0.4736328125
5 0.3235294117647059 0.474609375 0.3545751633986928 0.474609375 0.3235294117647059 0.5146484375 0.3545751633986928 0.5146484375
2 0.9354575163398693 0.4033203125 0.9991830065359477 0.4033203125 0.9354575163398693 0.4462890625 0.9991830065359477 0.4462890625
2 0.8218954248366013 0.4296875 0.9248366013071896 0.4296875 0.8218954248366013 0.470703125 0.9248366013071896 0.470703125
2 0.7745098039215687 0.4521484375 0.8831699346405228 0.4521484375 0.7745098039215687 0.525390625 0.8831699346405228 0.525390625
2 0.6315359477124183 0.4365234375 0.7230392156862745 0.4365234375 0.6315359477124183 0.482421875 0.7230392156862745 0.482421875
2 0.5473856209150327 0.4345703125 0.6274509803921569 0.4345703125 0.5473856209150327 0.533203125 0.6274509803921569 0.533203125
2 0.5375816993464052 0.453125 0.5490196078431373 0.453125 0.5375816993464052 0.46875 0.5490196078431373 0.46875
2 0.5351307189542484 0.466796875 0.5490196078431373 0.466796875 0.5351307189542484 0.4921875 0.5490196078431373 0.4921875
2 0.48284313725490197 0.455078125 0.5065359477124183 0.455078125 0.48284313725490197 0.47265625 0.5065359477124183 0.47265625
2 0.42401960784313725 0.4619140625 0.5130718954248366 0.4619140625 0.42401960784313725 0.50390625 0.5130718954248366 0.50390625
2 0.3545751633986928 0.4697265625 0.4387254901960784 0.4697265625 0.3545751633986928 0.5146484375 0.4387254901960784 0.5146484375
7 0.6993464052287581 0.4443359375 0.7393790849673203 0.4443359375 0.6993464052287581 0.529296875 0.7393790849673203 0.529296875
7 0.5204248366013072 0.4521484375 0.5285947712418301 0.4521484375 0.5204248366013072 0.466796875 0.5285947712418301 0.466796875
7 0.33578431372549017 0.46875 0.34477124183006536 0.46875 0.33578431372549017 0.494140625 0.34477124183006536 0.494140625