9 0.4365234375 0.4674479166666667 0.45458984375 0.4674479166666667 0.4365234375 0.4915364583333333 0.45458984375 0.4915364583333333
9 0.732421875 0.3990885416666667 0.77099609375 0.3990885416666667 0.732421875 0.4088541666666667 0.77099609375 0.4088541666666667
9 0.7353515625 0.4166666666666667 0.7685546875 0.4166666666666667 0.7353515625 0.458984375 0.7685546875 0.458984375
9 0.7451171875 0.4596354166666667 0.7607421875 0.4596354166666667 0.7451171875 0.470703125 0.7607421875 0.470703125
9 0.79443359375 0.5032552083333334 0.80029296875 0.5032552083333334 0.79443359375 0.5266927083333334 0.80029296875 0.5266927083333334
9 0.79248046875 0.5299479166666666 0.79931640625 0.5299479166666666 0.79248046875 0.544921875 0.79931640625 0.544921875
7 0.32080078125 0.5260416666666666 0.35107421875 0.5260416666666666 0.32080078125 0.6341145833333334 0.35107421875 0.6341145833333334
7 0.353515625 0.529296875 0.3818359375 0.529296875 0.353515625 0.6328125 0.3818359375 0.6328125
7 0.6123046875 0.5130208333333334 0.640625 0.5130208333333334 0.6123046875 0.6458333333333334 0.640625 0.6458333333333334
7 0.64013671875 0.4798177083333333 0.70361328125 0.4798177083333333 0.64013671875 0.6953125 0.70361328125 0.6953125
2 0.0322265625 0.5247395833333334 0.10205078125 0.5247395833333334 0.0322265625 0.7376302083333334 0.10205078125 0.7376302083333334
2 0.0751953125 0.5481770833333334 0.20654296875 0.5481770833333334 0.0751953125 0.7122395833333334 0.20654296875 0.7122395833333334
2 0.1748046875 0.5416666666666666 0.30224609375 0.5416666666666666 0.1748046875 0.66796875 0.30224609375 0.66796875
2 0.3056640625 0.5104166666666666 0.375 0.5104166666666666 0.3056640625 0.5377604166666666 0.375 0.5377604166666666
2 0.3876953125 0.5208333333333334 0.44189453125 0.5208333333333334 0.3876953125 0.5677083333333334 0.44189453125 0.5677083333333334
2 0.525390625 0.5260416666666666 0.5703125 0.5260416666666666 0.525390625 0.5657552083333334 0.5703125 0.5657552083333334
2 0.56884765625 0.5358072916666666 0.58447265625 0.5358072916666666 0.56884765625 0.5631510416666666 0.58447265625 0.5631510416666666
2 0.5751953125 0.5325520833333334 0.60009765625 0.5325520833333334 0.5751953125 0.560546875 0.60009765625 0.560546875
2 0.8076171875 0.556640625 0.96826171875 0.556640625 0.8076171875 0.9140625 0.96826171875 0.9140625
2 0.68017578125 0.5364583333333334 0.7626953125 0.5364583333333334 0.68017578125 0.6647135416666666 0.7626953125 0.6647135416666666
2 0.70849609375 0.5442708333333334 0.853515625 0.5442708333333334 0.70849609375 0.7063802083333334 0.853515625 0.7063802083333334
10 0.61865234375 0.638671875 0.63232421875 0.638671875 0.61865234375 0.6569010416666666 0.63232421875 0.6569010416666666
10 0.6552734375 0.6920572916666666 0.68017578125 0.6920572916666666 0.6552734375 0.712890625 0.68017578125 0.712890625