4 0.8561111111111112 0.225 0.8816666666666667 0.225 0.8561111111111112 0.303125 0.8816666666666667 0.303125
4 0.8388888888888889 0.326875 0.8755555555555555 0.326875 0.8388888888888889 0.360625 0.8755555555555555 0.360625
9 0.7305555555555555 0.38625 0.7416666666666667 0.38625 0.7305555555555555 0.40375 0.7416666666666667 0.40375
7 0.2238888888888889 0.45375 0.23444444444444446 0.45375 0.2238888888888889 0.495625 0.23444444444444446 0.495625
7 0.19333333333333333 0.43875 0.21722222222222223 0.43875 0.19333333333333333 0.518125 0.21722222222222223 0.518125
7 0.13333333333333333 0.4425 0.16166666666666665 0.4425 0.13333333333333333 0.496875 0.16166666666666665 0.496875
7 0.06277777777777778 0.44 0.08611111111111111 0.44 0.06277777777777778 0.496875 0.08611111111111111 0.496875
7 0.08611111111111111 0.445 0.10111111111111111 0.445 0.08611111111111111 0.495 0.10111111111111111 0.495
7 0.09777777777777778 0.44375 0.11888888888888889 0.44375 0.09777777777777778 0.4975 0.11888888888888889 0.4975
7 0.18555555555555556 0.450625 0.20055555555555554 0.450625 0.18555555555555556 0.508125 0.20055555555555554 0.508125
7 0.21777777777777776 0.44875 0.22777777777777777 0.44875 0.21777777777777776 0.49625 0.22777777777777777 0.49625
7 0.1622222222222222 0.450625 0.18333333333333332 0.450625 0.1622222222222222 0.5225 0.18333333333333332 0.5225
2 0.3888888888888889 0.386875 0.5905555555555555 0.386875 0.3888888888888889 0.598125 0.5905555555555555 0.598125
2 0.6327777777777778 0.433125 0.7127777777777777 0.433125 0.6327777777777778 0.505 0.7127777777777777 0.505
2 0.6133333333333333 0.439375 0.6388888888888888 0.439375 0.6133333333333333 0.495 0.6388888888888888 0.495
2 0.6072222222222222 0.43875 0.6261111111111111 0.43875 0.6072222222222222 0.48875 0.6261111111111111 0.48875
3 0.9755555555555555 0.4675 0.9994444444444445 0.4675 0.9755555555555555 0.564375 0.9994444444444445 0.564375