4 0.65673828125 0.4524739583333333 0.6669921875 0.4524739583333333 0.65673828125 0.4713541666666667 0.6669921875 0.4713541666666667
4 0.6455078125 0.466796875 0.65478515625 0.466796875 0.6455078125 0.482421875 0.65478515625 0.482421875
4 0.587890625 0.421875 0.5966796875 0.421875 0.587890625 0.4368489583333333 0.5966796875 0.4368489583333333
4 0.5244140625 0.4635416666666667 0.53271484375 0.4635416666666667 0.5244140625 0.478515625 0.53271484375 0.478515625
9 0.857421875 0.427734375 0.873046875 0.427734375 0.857421875 0.4609375 0.873046875 0.4609375
7 0.5927734375 0.5169270833333334 0.59912109375 0.5169270833333334 0.5927734375 0.537109375 0.59912109375 0.537109375
7 0.61572265625 0.5130208333333334 0.6240234375 0.5130208333333334 0.61572265625 0.541015625 0.6240234375 0.541015625
7 0.44775390625 0.5071614583333334 0.45654296875 0.5071614583333334 0.44775390625 0.5403645833333334 0.45654296875 0.5403645833333334
7 0.39208984375 0.50390625 0.404296875 0.50390625 0.39208984375 0.5546875 0.404296875 0.5546875
7 0.3701171875 0.5032552083333334 0.384765625 0.5032552083333334 0.3701171875 0.5598958333333334 0.384765625 0.5598958333333334
7 0.34912109375 0.501953125 0.3671875 0.501953125 0.34912109375 0.5690104166666666 0.3671875 0.5690104166666666
7 0.12158203125 0.498046875 0.15283203125 0.498046875 0.12158203125 0.6171875 0.15283203125 0.6171875
7 0.07666015625 0.466796875 0.11572265625 0.466796875 0.07666015625 0.611328125 0.11572265625 0.611328125
0 0.30615234375 0.5266927083333334 0.33154296875 0.5266927083333334 0.30615234375 0.6106770833333334 0.33154296875 0.6106770833333334
0 0.11865234375 0.5390625 0.17529296875 0.5390625 0.11865234375 0.5911458333333334 0.17529296875 0.5911458333333334
0 0.138671875 0.5240885416666666 0.19580078125 0.5240885416666666 0.138671875 0.5872395833333334 0.19580078125 0.5872395833333334
0 0.1513671875 0.521484375 0.208984375 0.521484375 0.1513671875 0.5859375 0.208984375 0.5859375
0 0.1748046875 0.5240885416666666 0.22216796875 0.5240885416666666 0.1748046875 0.5846354166666666 0.22216796875 0.5846354166666666
2 0.921875 0.634765625 0.96923828125 0.634765625 0.921875 0.8841145833333334 0.96923828125 0.8841145833333334
2 0.67529296875 0.5143229166666666 0.755859375 0.5143229166666666 0.67529296875 0.607421875 0.755859375 0.607421875
2 0.662109375 0.521484375 0.6865234375 0.521484375 0.662109375 0.5872395833333334 0.6865234375 0.5872395833333334