9 0.484375 0.439453125 0.4890625 0.439453125 0.484375 0.4453125 0.4890625 0.4453125
7 0.475 0.4638671875 0.48671875 0.4638671875 0.475 0.5126953125 0.48671875 0.5126953125
7 0.48671875 0.4677734375 0.49921875 0.4677734375 0.48671875 0.513671875 0.49921875 0.513671875
7 0.49765625 0.4609375 0.5109375 0.4609375 0.49765625 0.51171875 0.5109375 0.51171875
7 0.43515625 0.4619140625 0.440625 0.4619140625 0.43515625 0.478515625 0.440625 0.478515625
7 0.4484375 0.4580078125 0.45390625 0.4580078125 0.4484375 0.478515625 0.45390625 0.478515625
7 0.10390625 0.49609375 0.125 0.49609375 0.10390625 0.537109375 0.125 0.537109375
7 0.16875 0.49609375 0.18515625 0.49609375 0.16875 0.5263671875 0.18515625 0.5263671875
7 0.19296875 0.4990234375 0.2046875 0.4990234375 0.19296875 0.5234375 0.2046875 0.5234375
2 0.271875 0.4736328125 0.3046875 0.4736328125 0.271875 0.4951171875 0.3046875 0.4951171875
2 0.26875 0.4658203125 0.303125 0.4658203125 0.26875 0.478515625 0.303125 0.478515625
2 0.2375 0.466796875 0.271875 0.466796875 0.2375 0.4892578125 0.271875 0.4892578125
2 0.22109375 0.4697265625 0.2390625 0.4697265625 0.22109375 0.4912109375 0.2390625 0.4912109375
2 0.1875 0.47265625 0.22890625 0.47265625 0.1875 0.4990234375 0.22890625 0.4990234375
2 0.153125 0.478515625 0.19296875 0.478515625 0.153125 0.50390625 0.19296875 0.50390625
2 0.14140625 0.478515625 0.17265625 0.478515625 0.14140625 0.5009765625 0.17265625 0.5009765625
2 0.0875 0.4814453125 0.14375 0.4814453125 0.0875 0.5107421875 0.14375 0.5107421875
2 0.0515625 0.482421875 0.1 0.482421875 0.0515625 0.509765625 0.1 0.509765625
2 0.4359375 0.4560546875 0.44375 0.4560546875 0.4359375 0.46484375 0.44375 0.46484375
2 0.42734375 0.4580078125 0.43984375 0.4580078125 0.42734375 0.4716796875 0.43984375 0.4716796875
2 0.41875 0.4599609375 0.43359375 0.4599609375 0.41875 0.4775390625 0.43359375 0.4775390625
2 0.41328125 0.462890625 0.42734375 0.462890625 0.41328125 0.4814453125 0.42734375 0.4814453125
2 0.40703125 0.46484375 0.4234375 0.46484375 0.40703125 0.486328125 0.4234375 0.486328125
2 0.39296875 0.46484375 0.4125 0.46484375 0.39296875 0.4912109375 0.4125 0.4912109375
2 0.38984375 0.470703125 0.4046875 0.470703125 0.38984375 0.49609375 0.4046875 0.49609375
2 0.365625 0.466796875 0.39609375 0.466796875 0.365625 0.505859375 0.39609375 0.505859375
2 0.365625 0.4755859375 0.38359375 0.4755859375 0.365625 0.513671875 0.38359375 0.513671875
2 0.32734375 0.4658203125 0.37734375 0.4658203125 0.32734375 0.525390625 0.37734375 0.525390625
2 0.309375 0.4775390625 0.35625 0.4775390625 0.309375 0.533203125 0.35625 0.533203125
2 0.30859375 0.48828125 0.340625 0.48828125 0.30859375 0.54296875 0.340625 0.54296875
2 0.2890625 0.4921875 0.325 0.4921875 0.2890625 0.5517578125 0.325 0.5517578125
2 0.278125 0.494140625 0.31640625 0.494140625 0.278125 0.560546875 0.31640625 0.560546875
2 0.203125 0.486328125 0.29765625 0.486328125 0.203125 0.5859375 0.29765625 0.5859375
2 0.16015625 0.521484375 0.2421875 0.521484375 0.16015625 0.6220703125 0.2421875 0.6220703125
2 0.084375 0.5302734375 0.209375 0.5302734375 0.084375 0.666015625 0.209375 0.666015625
2 0 0.5390625 0.128125 0.5390625 0 0.7412109375 0.128125 0.7412109375
2 0.475 0.4580078125 0.4875 0.4580078125 0.475 0.470703125 0.4875 0.470703125
2 0.48203125 0.4599609375 0.49296875 0.4599609375 0.48203125 0.4716796875 0.49296875 0.4716796875
2 0.4859375 0.4619140625 0.5015625 0.4619140625 0.4859375 0.482421875 0.5015625 0.482421875
2 0.49609375 0.46484375 0.51875 0.46484375 0.49609375 0.4833984375 0.51875 0.4833984375
2 0.51015625 0.4609375 0.56015625 0.4609375 0.51015625 0.52734375 0.56015625 0.52734375
2 0.5375 0.466796875 0.62265625 0.466796875 0.5375 0.5556640625 0.62265625 0.5556640625
2 0.5640625 0.4931640625 0.62734375 0.4931640625 0.5640625 0.5654296875 0.62734375 0.5654296875
2 0.575 0.4970703125 0.62734375 0.4970703125 0.575 0.595703125 0.62734375 0.595703125
2 0.59921875 0.4873046875 0.73203125 0.4873046875 0.59921875 0.6279296875 0.73203125 0.6279296875
2 0.621875 0.4716796875 0.6984375 0.4716796875 0.621875 0.4921875 0.6984375 0.4921875
2 0.66796875 0.5419921875 0.8546875 0.5419921875 0.66796875 0.7431640625 0.8546875 0.7431640625
2 0.7453125 0.5400390625 0.99921875 0.5400390625 0.7453125 0.9013671875 0.99921875 0.9013671875
2 0.4671875 0.45703125 0.47578125 0.45703125 0.4671875 0.46875 0.47578125 0.46875