9 0.075 0.380625 0.08888888888888889 0.380625 0.075 0.410625 0.08888888888888889 0.410625
7 0.83 0.428125 0.8538888888888889 0.428125 0.83 0.510625 0.8538888888888889 0.510625
7 0.8611111111111112 0.431875 0.8777777777777778 0.431875 0.8611111111111112 0.504375 0.8777777777777778 0.504375
7 0.8 0.423125 0.8094444444444444 0.423125 0.8 0.461875 0.8094444444444444 0.461875
7 0.695 0.45 0.7111111111111111 0.45 0.695 0.495 0.7111111111111111 0.495
7 0.6761111111111111 0.451875 0.7055555555555556 0.451875 0.6761111111111111 0.526875 0.7055555555555556 0.526875
7 0.6683333333333333 0.44625 0.6894444444444444 0.44625 0.6683333333333333 0.514375 0.6894444444444444 0.514375
7 0.6233333333333333 0.45125 0.655 0.45125 0.6233333333333333 0.521875 0.655 0.521875
7 0.5377777777777778 0.443125 0.5527777777777778 0.443125 0.5377777777777778 0.49375 0.5527777777777778 0.49375
7 0.49277777777777776 0.438125 0.5044444444444445 0.438125 0.49277777777777776 0.495625 0.5044444444444445 0.495625
7 0.6133333333333333 0.453125 0.6261111111111111 0.453125 0.6133333333333333 0.48 0.6261111111111111 0.48
7 0.4583333333333333 0.4425 0.47555555555555556 0.4425 0.4583333333333333 0.48625 0.47555555555555556 0.48625
7 0.4722222222222222 0.446875 0.4855555555555556 0.446875 0.4722222222222222 0.48875 0.4855555555555556 0.48875
7 0.3927777777777778 0.435 0.4311111111111111 0.435 0.3927777777777778 0.525 0.4311111111111111 0.525
0 0.7566666666666667 0.46125 0.8261111111111111 0.46125 0.7566666666666667 0.573125 0.8261111111111111 0.573125
2 0.5283333333333333 0.448125 0.6044444444444445 0.448125 0.5283333333333333 0.48375 0.6044444444444445 0.48375
2 0.41333333333333333 0.436875 0.46055555555555555 0.436875 0.41333333333333333 0.4975 0.46055555555555555 0.4975
2 0.38166666666666665 0.448125 0.4 0.448125 0.38166666666666665 0.465625 0.4 0.465625
2 0 0.439375 0.051666666666666666 0.439375 0 0.528125 0.051666666666666666 0.528125
2 0.02277777777777778 0.43 0.11388888888888889 0.43 0.02277777777777778 0.50625 0.11388888888888889 0.50625
2 0.11277777777777778 0.4575 0.13277777777777777 0.4575 0.11277777777777778 0.493125 0.13277777777777777 0.493125
2 0.14 0.453125 0.2088888888888889 0.453125 0.14 0.4975 0.2088888888888889 0.4975
2 0.12222222222222222 0.453125 0.15222222222222223 0.453125 0.12222222222222222 0.4825 0.15222222222222223 0.4825
2 0.19277777777777777 0.4525 0.23166666666666666 0.4525 0.19277777777777777 0.486875 0.23166666666666666 0.486875
2 0.2388888888888889 0.449375 0.28444444444444444 0.449375 0.2388888888888889 0.478125 0.28444444444444444 0.478125