4 0.0661111111111111 0.39625 0.07722222222222222 0.39625 0.0661111111111111 0.44125 0.07722222222222222 0.44125
4 0.7333333333333333 0.405 0.7433333333333333 0.405 0.7333333333333333 0.416875 0.7433333333333333 0.416875
4 0.7138888888888889 0.405 0.7222222222222222 0.405 0.7138888888888889 0.4175 0.7222222222222222 0.4175
4 0.7088888888888889 0.361875 0.7188888888888889 0.361875 0.7088888888888889 0.389375 0.7188888888888889 0.389375
4 0.5361111111111111 0.3725 0.5472222222222223 0.3725 0.5361111111111111 0.4025 0.5472222222222223 0.4025
4 0.3883333333333333 0.29625 0.3983333333333333 0.29625 0.3883333333333333 0.326875 0.3983333333333333 0.326875
4 0.2866666666666667 0.290625 0.2966666666666667 0.290625 0.2866666666666667 0.32125 0.2966666666666667 0.32125
4 0.74 0.086875 0.8027777777777778 0.086875 0.74 0.22625 0.8027777777777778 0.22625
4 0.9394444444444444 0.135625 0.9633333333333334 0.135625 0.9394444444444444 0.204375 0.9633333333333334 0.204375
9 0.7872222222222223 0.35875 0.8105555555555556 0.35875 0.7872222222222223 0.39625 0.8105555555555556 0.39625
9 0.5261111111111111 0.33625 0.5455555555555556 0.33625 0.5261111111111111 0.346875 0.5455555555555556 0.346875
9 0.30666666666666664 0.295625 0.32055555555555554 0.295625 0.30666666666666664 0.31125 0.32055555555555554 0.31125
7 0.14055555555555554 0.455625 0.15333333333333332 0.455625 0.14055555555555554 0.489375 0.15333333333333332 0.489375
7 0.18166666666666667 0.4575 0.18888888888888888 0.4575 0.18166666666666667 0.485 0.18888888888888888 0.485
7 0.18 0.396875 0.2461111111111111 0.396875 0.18 0.57625 0.2461111111111111 0.57625
7 0.20666666666666667 0.4125 0.2427777777777778 0.4125 0.20666666666666667 0.531875 0.2427777777777778 0.531875
7 0.9483333333333334 0.369375 0.9966666666666667 0.369375 0.9483333333333334 0.52625 0.9966666666666667 0.52625
7 0.9177777777777778 0.383125 0.9783333333333334 0.383125 0.9177777777777778 0.521875 0.9783333333333334 0.521875
7 0.5655555555555556 0.43625 0.5788888888888889 0.43625 0.5655555555555556 0.471875 0.5788888888888889 0.471875
7 0.6494444444444445 0.42875 0.6644444444444444 0.42875 0.6494444444444445 0.469375 0.6644444444444444 0.469375
7 0.6666666666666666 0.4325 0.6805555555555556 0.4325 0.6666666666666666 0.468125 0.6805555555555556 0.468125
0 0.09055555555555556 0.469375 0.10611111111111111 0.469375 0.09055555555555556 0.5 0.10611111111111111 0.5
2 0 0.44 0.09833333333333333 0.44 0 0.510625 0.09833333333333333 0.510625
2 0 0.476875 0.03222222222222222 0.476875 0 0.666875 0.03222222222222222 0.666875
2 0.1938888888888889 0.401875 0.6344444444444445 0.401875 0.1938888888888889 0.773125 0.6344444444444445 0.773125
2 0.7711111111111111 0.415625 0.9572222222222222 0.415625 0.7711111111111111 0.50625 0.9572222222222222 0.50625
2 0.23333333333333334 0.45 0.26722222222222225 0.45 0.23333333333333334 0.483125 0.26722222222222225 0.483125
7 0.09388888888888888 0.45125 0.10944444444444444 0.45125 0.09388888888888888 0.5 0.10944444444444444 0.5