4 0.7716666666666666 0.1825 0.8194444444444444 0.1825 0.7716666666666666 0.293125 0.8194444444444444 0.293125
4 0.7827777777777778 0.328125 0.8144444444444444 0.328125 0.7827777777777778 0.3675 0.8144444444444444 0.3675
4 0.39444444444444443 0 0.44166666666666665 0 0.39444444444444443 0.044375 0.44166666666666665 0.044375
4 0.5066666666666667 0.41625 0.5111111111111111 0.41625 0.5066666666666667 0.42625 0.5111111111111111 0.42625
4 0.4777777777777778 0.413125 0.4822222222222222 0.413125 0.4777777777777778 0.42375 0.4822222222222222 0.42375
4 0.43 0.4225 0.4338888888888889 0.4225 0.43 0.433125 0.4338888888888889 0.433125
9 0.5627777777777778 0.41875 0.5833333333333334 0.41875 0.5627777777777778 0.43625 0.5833333333333334 0.43625
9 0.56 0.389375 0.5844444444444444 0.389375 0.56 0.4175 0.5844444444444444 0.4175
9 0.7877777777777778 0.3025 0.8483333333333334 0.3025 0.7877777777777778 0.321875 0.8483333333333334 0.321875
9 0.7344444444444445 0.11625 0.8111111111111111 0.11625 0.7344444444444445 0.155625 0.8111111111111111 0.155625
9 0.4672222222222222 0 0.515 0 0.4672222222222222 0.018125 0.515 0.018125
9 0.7794444444444445 0.435625 0.79 0.435625 0.7794444444444445 0.455625 0.79 0.455625
7 0.62 0.456875 0.63 0.456875 0.62 0.48625 0.63 0.48625
7 0.6088888888888889 0.4575 0.6183333333333333 0.4575 0.6088888888888889 0.486875 0.6183333333333333 0.486875
7 0.9805555555555555 0.445 0.9961111111111111 0.445 0.9805555555555555 0.504375 0.9961111111111111 0.504375
7 0.9011111111111111 0.43125 0.9288888888888889 0.43125 0.9011111111111111 0.51875 0.9288888888888889 0.51875
7 0.8594444444444445 0.444375 0.8894444444444445 0.444375 0.8594444444444445 0.51875 0.8894444444444445 0.51875
7 0.8327777777777777 0.440625 0.86 0.440625 0.8327777777777777 0.519375 0.86 0.519375
7 0.8161111111111111 0.445625 0.8327777777777777 0.445625 0.8161111111111111 0.505625 0.8327777777777777 0.505625
7 0.79 0.438125 0.8138888888888889 0.438125 0.79 0.508125 0.8138888888888889 0.508125
2 0.41555555555555557 0.46 0.44277777777777777 0.46 0.41555555555555557 0.48875 0.44277777777777777 0.48875
2 0.4022222222222222 0.464375 0.43166666666666664 0.464375 0.4022222222222222 0.49625 0.43166666666666664 0.49625
2 0.35333333333333333 0.45875 0.4061111111111111 0.45875 0.35333333333333333 0.50625 0.4061111111111111 0.50625
2 0.275 0.451875 0.31222222222222223 0.451875 0.275 0.52625 0.31222222222222223 0.52625
2 0.21166666666666667 0.44625 0.2972222222222222 0.44625 0.21166666666666667 0.548125 0.2972222222222222 0.548125
2 0 0.413125 0.23833333333333334 0.413125 0 0.65125 0.23833333333333334 0.65125
2 0.43833333333333335 0.456875 0.5522222222222222 0.456875 0.43833333333333335 0.558125 0.5522222222222222 0.558125