4 0.010555555555555556 0.364375 0.01611111111111111 0.364375 0.010555555555555556 0.38375 0.01611111111111111 0.38375
4 0.04388888888888889 0.3725 0.049444444444444444 0.3725 0.04388888888888889 0.389375 0.049444444444444444 0.389375
4 0.07111111111111111 0.314375 0.08388888888888889 0.314375 0.07111111111111111 0.348125 0.08388888888888889 0.348125
4 0.1988888888888889 0.29125 0.21388888888888888 0.29125 0.1988888888888889 0.32625 0.21388888888888888 0.32625
4 0.10166666666666667 0.423125 0.10666666666666667 0.423125 0.10166666666666667 0.4375 0.10666666666666667 0.4375
4 0.175 0.421875 0.18 0.421875 0.175 0.43625 0.18 0.43625
4 0.3572222222222222 0.36 0.3622222222222222 0.36 0.3572222222222222 0.37625 0.3622222222222222 0.37625
4 0.44722222222222224 0.36375 0.45222222222222225 0.36375 0.44722222222222224 0.38125 0.45222222222222225 0.38125
4 0.5472222222222223 0.4 0.5533333333333333 0.4 0.5472222222222223 0.41875 0.5533333333333333 0.41875
4 0.5488888888888889 0.4275 0.5555555555555556 0.4275 0.5488888888888889 0.43625 0.5555555555555556 0.43625
4 0.5833333333333334 0.3975 0.5888888888888889 0.3975 0.5833333333333334 0.415625 0.5888888888888889 0.415625
4 0.5972222222222222 0.396875 0.6033333333333334 0.396875 0.5972222222222222 0.414375 0.6033333333333334 0.414375
4 0.5872222222222222 0.423125 0.5916666666666667 0.423125 0.5872222222222222 0.43125 0.5916666666666667 0.43125
4 0.6227777777777778 0.35 0.6338888888888888 0.35 0.6227777777777778 0.38375 0.6338888888888888 0.38375
4 0.6261111111111111 0.31375 0.6327777777777778 0.31375 0.6261111111111111 0.335625 0.6327777777777778 0.335625
4 0.6483333333333333 0.3075 0.6555555555555556 0.3075 0.6483333333333333 0.331875 0.6555555555555556 0.331875
4 0.6344444444444445 0.40125 0.6427777777777778 0.40125 0.6344444444444445 0.414375 0.6427777777777778 0.414375
9 0 0.3675 0.019444444444444445 0.3675 0 0.37875 0.019444444444444445 0.37875
9 0.06666666666666667 0.409375 0.08055555555555556 0.409375 0.06666666666666667 0.415625 0.08055555555555556 0.415625
9 0.3661111111111111 0.3575 0.37777777777777777 0.3575 0.3661111111111111 0.371875 0.37777777777777777 0.371875
9 0.48 0.386875 0.5055555555555555 0.386875 0.48 0.395625 0.5055555555555555 0.395625
9 0.5305555555555556 0.416875 0.5427777777777778 0.416875 0.5305555555555556 0.4325 0.5427777777777778 0.4325
9 0.69 0.3425 0.71 0.3425 0.69 0.35875 0.71 0.35875
9 0.7694444444444445 0.298125 0.7955555555555556 0.298125 0.7694444444444445 0.341875 0.7955555555555556 0.341875
9 0.7694444444444445 0.343125 0.7966666666666666 0.343125 0.7694444444444445 0.361875 0.7966666666666666 0.361875
7 0.55 0.438125 0.5694444444444444 0.438125 0.55 0.48875 0.5694444444444444 0.48875
7 0.5744444444444444 0.436875 0.5855555555555556 0.436875 0.5744444444444444 0.4675 0.5855555555555556 0.4675
7 0.6016666666666667 0.42625 0.6188888888888889 0.42625 0.6016666666666667 0.485625 0.6188888888888889 0.485625
7 0.66 0.436875 0.6766666666666666 0.436875 0.66 0.479375 0.6766666666666666 0.479375
7 0.6872222222222222 0.43875 0.7016666666666667 0.43875 0.6872222222222222 0.476875 0.7016666666666667 0.476875
7 0.7027777777777777 0.425625 0.7127777777777777 0.425625 0.7027777777777777 0.4625 0.7127777777777777 0.4625
7 0.7383333333333333 0.4325 0.7583333333333333 0.4325 0.7383333333333333 0.46625 0.7583333333333333 0.46625
2 0 0.453125 0.06277777777777778 0.453125 0 0.484375 0.06277777777777778 0.484375
2 0.08388888888888889 0.454375 0.10555555555555556 0.454375 0.08388888888888889 0.468125 0.10555555555555556 0.468125
2 0.08944444444444444 0.4425 0.2111111111111111 0.4425 0.08944444444444444 0.5225 0.2111111111111111 0.5225
2 0.18944444444444444 0.44125 0.22944444444444445 0.44125 0.18944444444444444 0.49 0.22944444444444445 0.49
2 0.22333333333333333 0.43 0.30833333333333335 0.43 0.22333333333333333 0.49875 0.30833333333333335 0.49875
2 0.2966666666666667 0.44625 0.3327777777777778 0.44625 0.2966666666666667 0.488125 0.3327777777777778 0.488125
2 0.32166666666666666 0.44625 0.33944444444444444 0.44625 0.32166666666666666 0.46875 0.33944444444444444 0.46875
2 0.3372222222222222 0.443125 0.3661111111111111 0.443125 0.3372222222222222 0.47 0.3661111111111111 0.47
2 0.3655555555555556 0.445625 0.38166666666666665 0.445625 0.3655555555555556 0.463125 0.38166666666666665 0.463125
2 0.44055555555555553 0.42 0.5255555555555556 0.42 0.44055555555555553 0.500625 0.5255555555555556 0.500625