4 0.36444444444444446 0.430625 0.3672222222222222 0.430625 0.36444444444444446 0.436875 0.3672222222222222 0.436875
5 0.43722222222222223 0.456875 0.4661111111111111 0.456875 0.43722222222222223 0.50125 0.4661111111111111 0.50125
2 0.06777777777777778 0.449375 0.14166666666666666 0.449375 0.06777777777777778 0.495625 0.14166666666666666 0.495625
2 0.205 0.43875 0.23777777777777778 0.43875 0.205 0.470625 0.23777777777777778 0.470625
2 0.24222222222222223 0.446875 0.2638888888888889 0.446875 0.24222222222222223 0.46625 0.2638888888888889 0.46625
2 0.28444444444444444 0.446875 0.30277777777777776 0.446875 0.28444444444444444 0.464375 0.30277777777777776 0.464375
2 0.305 0.45125 0.31555555555555553 0.45125 0.305 0.4625 0.31555555555555553 0.4625
2 0.4088888888888889 0.450625 0.42944444444444446 0.450625 0.4088888888888889 0.469375 0.42944444444444446 0.469375
2 0.3888888888888889 0.453125 0.39666666666666667 0.453125 0.3888888888888889 0.465625 0.39666666666666667 0.465625
2 0.3616666666666667 0.44625 0.3933333333333333 0.44625 0.3616666666666667 0.48125 0.3933333333333333 0.48125
2 0.3327777777777778 0.45 0.3883333333333333 0.45 0.3327777777777778 0.498125 0.3883333333333333 0.498125
2 0.43555555555555553 0.43875 0.48777777777777775 0.43875 0.43555555555555553 0.480625 0.48777777777777775 0.480625
7 0.43833333333333335 0.433125 0.465 0.433125 0.43833333333333335 0.493125 0.465 0.493125