4 0.6797385620915033 0.2705078125 0.7075163398692811 0.2705078125 0.6797385620915033 0.3623046875 0.7075163398692811 0.3623046875
4 0.678921568627451 0.46875 0.6895424836601307 0.46875 0.678921568627451 0.5068359375 0.6895424836601307 0.5068359375
4 0.8006535947712419 0.4228515625 0.809640522875817 0.4228515625 0.8006535947712419 0.43359375 0.809640522875817 0.43359375
4 0.32107843137254904 0.4375 0.3292483660130719 0.4375 0.32107843137254904 0.4462890625 0.3292483660130719 0.4462890625
9 0.5441176470588235 0.369140625 0.6004901960784313 0.369140625 0.5441176470588235 0.380859375 0.6004901960784313 0.380859375
9 0.5441176470588235 0.3828125 0.6004901960784313 0.3828125 0.5441176470588235 0.39453125 0.6004901960784313 0.39453125
9 0.5130718954248366 0.396484375 0.5686274509803921 0.396484375 0.5130718954248366 0.4150390625 0.5686274509803921 0.4150390625
9 0.5449346405228758 0.416015625 0.6004901960784313 0.416015625 0.5449346405228758 0.4267578125 0.6004901960784313 0.4267578125
9 0.7761437908496732 0.53515625 0.8415032679738562 0.53515625 0.7761437908496732 0.5595703125 0.8415032679738562 0.5595703125
9 0.8022875816993464 0.4541015625 0.8300653594771242 0.4541015625 0.8022875816993464 0.4677734375 0.8300653594771242 0.4677734375
9 0.9509803921568627 0.3076171875 0.9991830065359477 0.3076171875 0.9509803921568627 0.3857421875 0.9991830065359477 0.3857421875
9 0.8243464052287581 0.3447265625 0.8406862745098039 0.3447265625 0.8243464052287581 0.3818359375 0.8406862745098039 0.3818359375
9 0.5694444444444444 0.36328125 0.5816993464052288 0.36328125 0.5694444444444444 0.369140625 0.5816993464052288 0.369140625
2 0 0.439453125 0.2508169934640523 0.439453125 0 0.7197265625 0.2508169934640523 0.7197265625
2 0 0.619140625 0.0457516339869281 0.619140625 0 0.8359375 0.0457516339869281 0.8359375
2 0.352124183006536 0.5234375 0.7140522875816994 0.5234375 0.352124183006536 0.8759765625 0.7140522875816994 0.8759765625
2 0.5220588235294118 0.453125 0.684640522875817 0.453125 0.5220588235294118 0.5458984375 0.684640522875817 0.5458984375
6 0.0008169934640522876 0.3955078125 0.051470588235294115 0.3955078125 0.0008169934640522876 0.4423828125 0.051470588235294115 0.4423828125