4 0.28594771241830064 0.4189453125 0.2973856209150327 0.4189453125 0.28594771241830064 0.453125 0.2973856209150327 0.453125
4 0.2900326797385621 0.5078125 0.2965686274509804 0.5078125 0.2900326797385621 0.525390625 0.2965686274509804 0.525390625
4 0.6070261437908496 0.474609375 0.6127450980392157 0.474609375 0.6070261437908496 0.490234375 0.6127450980392157 0.490234375
4 0.6527777777777778 0.4228515625 0.6658496732026143 0.4228515625 0.6527777777777778 0.4619140625 0.6658496732026143 0.4619140625
4 0.6511437908496732 0.5107421875 0.6560457516339869 0.5107421875 0.6511437908496732 0.5283203125 0.6560457516339869 0.5283203125
4 0.6895424836601307 0.5 0.6944444444444444 0.5 0.6895424836601307 0.5107421875 0.6944444444444444 0.5107421875
4 0.6838235294117647 0.462890625 0.6928104575163399 0.462890625 0.6838235294117647 0.4833984375 0.6928104575163399 0.4833984375
4 0.6029411764705882 0.5048828125 0.6070261437908496 0.5048828125 0.6029411764705882 0.51171875 0.6070261437908496 0.51171875
4 0.2638888888888889 0.5087890625 0.2687908496732026 0.5087890625 0.2638888888888889 0.515625 0.2687908496732026 0.515625
4 0.3194444444444444 0.5126953125 0.3235294117647059 0.5126953125 0.3194444444444444 0.51953125 0.3235294117647059 0.51953125
4 0.7173202614379085 0.4384765625 0.7295751633986928 0.4384765625 0.7173202614379085 0.4677734375 0.7295751633986928 0.4677734375
4 0.613562091503268 0.3603515625 0.6217320261437909 0.3603515625 0.613562091503268 0.3828125 0.6217320261437909 0.3828125
4 0.10049019607843138 0.5068359375 0.10866013071895425 0.5068359375 0.10049019607843138 0.5166015625 0.10866013071895425 0.5166015625
9 0.1437908496732026 0.478515625 0.1642156862745098 0.478515625 0.1437908496732026 0.50390625 0.1642156862745098 0.50390625
9 0.3619281045751634 0.482421875 0.3758169934640523 0.482421875 0.3619281045751634 0.5 0.3758169934640523 0.5
9 0.4068627450980392 0.49609375 0.4133986928104575 0.49609375 0.4068627450980392 0.50390625 0.4133986928104575 0.50390625
9 0.553921568627451 0.4873046875 0.5645424836601307 0.4873046875 0.553921568627451 0.4990234375 0.5645424836601307 0.4990234375
9 0.5547385620915033 0.4990234375 0.5629084967320261 0.4990234375 0.5547385620915033 0.505859375 0.5629084967320261 0.505859375
9 0.5980392156862745 0.490234375 0.6086601307189542 0.490234375 0.5980392156862745 0.5048828125 0.6086601307189542 0.5048828125
9 0.31781045751633985 0.4931640625 0.32516339869281047 0.4931640625 0.31781045751633985 0.501953125 0.32516339869281047 0.501953125
9 0.3545751633986928 0.5029296875 0.36356209150326796 0.5029296875 0.3545751633986928 0.5126953125 0.36356209150326796 0.5126953125
9 0.8504901960784313 0.2998046875 0.8782679738562091 0.2998046875 0.8504901960784313 0.3359375 0.8782679738562091 0.3359375
7 0.10457516339869281 0.529296875 0.12091503267973856 0.529296875 0.10457516339869281 0.583984375 0.12091503267973856 0.583984375
7 0.1380718954248366 0.5322265625 0.1503267973856209 0.5322265625 0.1380718954248366 0.583984375 0.1503267973856209 0.583984375
7 0.1650326797385621 0.5302734375 0.1781045751633987 0.5302734375 0.1650326797385621 0.578125 0.1781045751633987 0.578125
7 0.1781045751633987 0.5283203125 0.19526143790849673 0.5283203125 0.1781045751633987 0.58203125 0.19526143790849673 0.58203125
7 0.5857843137254902 0.51953125 0.5996732026143791 0.51953125 0.5857843137254902 0.5634765625 0.5996732026143791 0.5634765625
7 0.6053921568627451 0.521484375 0.6184640522875817 0.521484375 0.6053921568627451 0.5625 0.6184640522875817 0.5625
7 0.619281045751634 0.5224609375 0.6331699346405228 0.5224609375 0.619281045751634 0.564453125 0.6331699346405228 0.564453125
7 0.6274509803921569 0.5185546875 0.636437908496732 0.5185546875 0.6274509803921569 0.5400390625 0.636437908496732 0.5400390625
7 0.690359477124183 0.5126953125 0.7099673202614379 0.5126953125 0.690359477124183 0.580078125 0.7099673202614379 0.580078125
2 0.36519607843137253 0.5205078125 0.39215686274509803 0.5205078125 0.36519607843137253 0.5439453125 0.39215686274509803 0.5439453125
2 0.48366013071895425 0.513671875 0.4959150326797386 0.513671875 0.48366013071895425 0.525390625 0.4959150326797386 0.525390625