4 0.9955555555555555 0.38875 0.9988888888888889 0.38875 0.9955555555555555 0.3975 0.9988888888888889 0.3975
9 0.4438888888888889 0.45125 0.45055555555555554 0.45125 0.4438888888888889 0.458125 0.45055555555555554 0.458125
9 0.4766666666666667 0.446875 0.48277777777777775 0.446875 0.4766666666666667 0.455 0.48277777777777775 0.455
9 0.5161111111111111 0.441875 0.5266666666666666 0.441875 0.5161111111111111 0.44875 0.5266666666666666 0.44875
9 0.5222222222222223 0.444375 0.5355555555555556 0.444375 0.5222222222222223 0.455625 0.5355555555555556 0.455625
9 0.5138888888888888 0.44875 0.5183333333333333 0.44875 0.5138888888888888 0.45375 0.5183333333333333 0.45375
9 0.5594444444444444 0.440625 0.5666666666666667 0.440625 0.5594444444444444 0.450625 0.5666666666666667 0.450625
9 0.4538888888888889 0.38875 0.5022222222222222 0.38875 0.4538888888888889 0.41625 0.5022222222222222 0.41625
9 0.5144444444444445 0.390625 0.5622222222222222 0.390625 0.5144444444444445 0.416875 0.5622222222222222 0.416875
9 0.775 0.431875 0.7927777777777778 0.431875 0.775 0.439375 0.7927777777777778 0.439375
9 0.9305555555555556 0.39125 0.9511111111111111 0.39125 0.9305555555555556 0.405625 0.9511111111111111 0.405625
9 0.9172222222222223 0.4 0.9255555555555556 0.4 0.9172222222222223 0.411875 0.9255555555555556 0.411875
13 0.4583333333333333 0.446875 0.4738888888888889 0.446875 0.4583333333333333 0.461875 0.4738888888888889 0.461875
13 0.41944444444444445 0.453125 0.43222222222222223 0.453125 0.41944444444444445 0.464375 0.43222222222222223 0.464375
2 0.4177777777777778 0.46 0.4255555555555556 0.46 0.4177777777777778 0.46625 0.4255555555555556 0.46625
2 0.43277777777777776 0.459375 0.44555555555555554 0.459375 0.43277777777777776 0.47 0.44555555555555554 0.47
2 0.45944444444444443 0.45875 0.47444444444444445 0.45875 0.45944444444444443 0.470625 0.47444444444444445 0.470625
2 0.5172222222222222 0.455625 0.5294444444444445 0.455625 0.5172222222222222 0.46625 0.5294444444444445 0.46625
2 0.6233333333333333 0.436875 0.7094444444444444 0.436875 0.6233333333333333 0.508125 0.7094444444444444 0.508125
2 0.9872222222222222 0.41125 0.9994444444444445 0.41125 0.9872222222222222 0.430625 0.9994444444444445 0.430625