9 0.5816666666666667 0.390625 0.6 0.390625 0.5816666666666667 0.410625 0.6 0.410625
9 0.3388888888888889 0.419375 0.3516666666666667 0.419375 0.3388888888888889 0.43375 0.3516666666666667 0.43375
9 0.3416666666666667 0.43375 0.34944444444444445 0.43375 0.3416666666666667 0.4375 0.34944444444444445 0.4375
9 0.5533333333333333 0.4075 0.5655555555555556 0.4075 0.5533333333333333 0.4275 0.5655555555555556 0.4275
13 0.4861111111111111 0.44125 0.5022222222222222 0.44125 0.4861111111111111 0.464375 0.5022222222222222 0.464375
2 0.655 0.429375 0.9283333333333333 0.429375 0.655 0.616875 0.9283333333333333 0.616875
2 0.5727777777777778 0.4425 0.6966666666666667 0.4425 0.5727777777777778 0.545625 0.6966666666666667 0.545625
2 0.5077777777777778 0.455625 0.5388888888888889 0.455625 0.5077777777777778 0.48 0.5388888888888889 0.48
2 0.4988888888888889 0.4525 0.5233333333333333 0.4525 0.4988888888888889 0.4725 0.5233333333333333 0.4725
2 0 0.485 0.044444444444444446 0.485 0 0.605625 0.044444444444444446 0.605625
2 0.0022222222222222222 0.456875 0.15666666666666668 0.456875 0.0022222222222222222 0.578125 0.15666666666666668 0.578125
2 0.10444444444444445 0.4275 0.245 0.4275 0.10444444444444445 0.546875 0.245 0.546875
2 0.37222222222222223 0.4575 0.4011111111111111 0.4575 0.37222222222222223 0.483125 0.4011111111111111 0.483125
2 0.3927777777777778 0.455 0.41388888888888886 0.455 0.3927777777777778 0.476875 0.41388888888888886 0.476875
2 0.40944444444444444 0.45125 0.4261111111111111 0.45125 0.40944444444444444 0.47375 0.4261111111111111 0.47375
2 0.42277777777777775 0.450625 0.43833333333333335 0.450625 0.42277777777777775 0.468125 0.43833333333333335 0.468125
2 0.4361111111111111 0.449375 0.455 0.449375 0.4361111111111111 0.46875 0.455 0.46875
2 0.0044444444444444444 0.455 0.045 0.455 0.0044444444444444444 0.47875 0.045 0.47875
2 0.4627777777777778 0.446875 0.4866666666666667 0.446875 0.4627777777777778 0.46 0.4866666666666667 0.46