9 0.55625 0.443359375 0.5640625 0.443359375 0.55625 0.451171875 0.5640625 0.451171875
9 0.39140625 0.4482421875 0.39765625 0.4482421875 0.39140625 0.4560546875 0.39765625 0.4560546875
9 0.2984375 0.4404296875 0.31875 0.4404296875 0.2984375 0.4462890625 0.31875 0.4462890625
9 0.50546875 0.451171875 0.51015625 0.451171875 0.50546875 0.45703125 0.51015625 0.45703125
9 0.50546875 0.45703125 0.51015625 0.45703125 0.50546875 0.458984375 0.51015625 0.458984375
7 0.5046875 0.4638671875 0.51796875 0.4638671875 0.5046875 0.509765625 0.51796875 0.509765625
7 0.4265625 0.46875 0.43203125 0.46875 0.4265625 0.484375 0.43203125 0.484375
7 0.38671875 0.4638671875 0.39453125 0.4638671875 0.38671875 0.498046875 0.39453125 0.498046875
7 0.37421875 0.466796875 0.3796875 0.466796875 0.37421875 0.4853515625 0.3796875 0.4853515625
7 0.34921875 0.470703125 0.35859375 0.470703125 0.34921875 0.5087890625 0.35859375 0.5087890625
7 0.340625 0.4736328125 0.3515625 0.4736328125 0.340625 0.505859375 0.3515625 0.505859375
7 0.33046875 0.4697265625 0.34140625 0.4697265625 0.33046875 0.5029296875 0.34140625 0.5029296875
7 0.2203125 0.484375 0.23203125 0.484375 0.2203125 0.5380859375 0.23203125 0.5380859375
7 0.24609375 0.478515625 0.26328125 0.478515625 0.24609375 0.5341796875 0.26328125 0.5341796875
7 0.24140625 0.4775390625 0.25390625 0.4775390625 0.24140625 0.5322265625 0.25390625 0.5322265625
2 0.7984375 0.5009765625 0.99921875 0.5009765625 0.7984375 0.78515625 0.99921875 0.78515625
2 0.66484375 0.4990234375 0.80390625 0.4990234375 0.66484375 0.6240234375 0.80390625 0.6240234375
2 0.8421875 0.4609375 0.86328125 0.4609375 0.8421875 0.501953125 0.86328125 0.501953125
2 0.77578125 0.4765625 0.8078125 0.4765625 0.77578125 0.5048828125 0.8078125 0.5048828125
2 0.6328125 0.4970703125 0.71953125 0.4970703125 0.6328125 0.5927734375 0.71953125 0.5927734375
2 0.61171875 0.4892578125 0.690625 0.4892578125 0.61171875 0.5654296875 0.690625 0.5654296875
2 0.6578125 0.47265625 0.72734375 0.47265625 0.6578125 0.50390625 0.72734375 0.50390625
2 0.58046875 0.470703125 0.66015625 0.470703125 0.58046875 0.548828125 0.66015625 0.548828125
2 0.52890625 0.47265625 0.565625 0.47265625 0.52890625 0.509765625 0.565625 0.509765625
2 0.5203125 0.47265625 0.53828125 0.47265625 0.5203125 0.501953125 0.53828125 0.501953125
2 0.51640625 0.4716796875 0.5265625 0.4716796875 0.51640625 0.498046875 0.5265625 0.498046875
2 0.49765625 0.4658203125 0.50859375 0.4658203125 0.49765625 0.4853515625 0.50859375 0.4853515625
2 0.49140625 0.4697265625 0.4984375 0.4697265625 0.49140625 0.4833984375 0.4984375 0.4833984375
2 0.48828125 0.4697265625 0.49453125 0.4697265625 0.48828125 0.4814453125 0.49453125 0.4814453125
2 0.48515625 0.466796875 0.49140625 0.466796875 0.48515625 0.4794921875 0.49140625 0.4794921875
2 0.4796875 0.46875 0.48671875 0.46875 0.4796875 0.478515625 0.48671875 0.478515625
2 0.45234375 0.46875 0.475 0.46875 0.45234375 0.4921875 0.475 0.4921875
2 0.00078125 0.4755859375 0.10390625 0.4755859375 0.00078125 0.5166015625 0.10390625 0.5166015625