9 0.3688888888888889 0.443125 0.375 0.443125 0.3688888888888889 0.453125 0.375 0.453125
7 0.5188888888888888 0.449375 0.5322222222222223 0.449375 0.5188888888888888 0.495625 0.5322222222222223 0.495625
7 0.5644444444444444 0.444375 0.5888888888888889 0.444375 0.5644444444444444 0.504375 0.5888888888888889 0.504375
7 0.5283333333333333 0.428125 0.5644444444444444 0.428125 0.5283333333333333 0.55875 0.5644444444444444 0.55875
7 0.8088888888888889 0.44875 0.8627777777777778 0.44875 0.8088888888888889 0.55625 0.8627777777777778 0.55625
7 0.81 0.4525 0.8383333333333334 0.4525 0.81 0.5525 0.8383333333333334 0.5525
7 0.775 0.4425 0.8061111111111111 0.4425 0.775 0.535 0.8061111111111111 0.535
7 0.7244444444444444 0.451875 0.7611111111111111 0.451875 0.7244444444444444 0.540625 0.7611111111111111 0.540625
7 0.67 0.455625 0.6905555555555556 0.455625 0.67 0.4925 0.6905555555555556 0.4925
7 0.6872222222222222 0.455625 0.705 0.455625 0.6872222222222222 0.49375 0.705 0.49375
7 0.9233333333333333 0.444375 0.9494444444444444 0.444375 0.9233333333333333 0.49375 0.9494444444444444 0.49375
7 0.9044444444444445 0.439375 0.9233333333333333 0.439375 0.9044444444444445 0.46875 0.9233333333333333 0.46875
7 0.9266666666666666 0.44 0.9394444444444444 0.44 0.9266666666666666 0.465625 0.9394444444444444 0.465625
7 0.6372222222222222 0.448125 0.6488888888888888 0.448125 0.6372222222222222 0.4775 0.6488888888888888 0.4775
2 0 0.43 0.07444444444444444 0.43 0 0.52625 0.07444444444444444 0.52625
2 0.07111111111111111 0.460625 0.12277777777777778 0.460625 0.07111111111111111 0.51375 0.12277777777777778 0.51375
2 0.12277777777777778 0.460625 0.2088888888888889 0.460625 0.12277777777777778 0.514375 0.2088888888888889 0.514375
2 0.19166666666666668 0.46 0.23777777777777778 0.46 0.19166666666666668 0.503125 0.23777777777777778 0.503125
2 0.24944444444444444 0.45125 0.30666666666666664 0.45125 0.24944444444444444 0.483125 0.30666666666666664 0.483125
2 0.30666666666666664 0.4575 0.3338888888888889 0.4575 0.30666666666666664 0.47375 0.3338888888888889 0.47375
2 0.41055555555555556 0.455 0.43166666666666664 0.455 0.41055555555555556 0.47125 0.43166666666666664 0.47125
2 0.39111111111111113 0.45375 0.41555555555555557 0.45375 0.39111111111111113 0.47 0.41555555555555557 0.47
2 0.43444444444444447 0.438125 0.5011111111111111 0.438125 0.43444444444444447 0.508125 0.5011111111111111 0.508125
2 0.5922222222222222 0.450625 0.6766666666666666 0.450625 0.5922222222222222 0.4925 0.6766666666666666 0.4925