1 0.7058823529411765 0 0.9991830065359477 0 0.7058823529411765 0.9169921875 0.9991830065359477 0.9169921875
1 0.6119281045751634 0.4013671875 0.6683006535947712 0.4013671875 0.6119281045751634 0.470703125 0.6683006535947712 0.470703125
4 0.5898692810457516 0.3876953125 0.5947712418300654 0.3876953125 0.5898692810457516 0.4013671875 0.5947712418300654 0.4013671875
4 0.5147058823529411 0.4365234375 0.5187908496732027 0.4365234375 0.5147058823529411 0.4462890625 0.5187908496732027 0.4462890625
4 0.4305555555555556 0.443359375 0.4362745098039216 0.443359375 0.4305555555555556 0.451171875 0.4362745098039216 0.451171875
5 0.5089869281045751 0.46484375 0.5392156862745098 0.46484375 0.5089869281045751 0.513671875 0.5392156862745098 0.513671875
2 0.5490196078431373 0.4423828125 0.6233660130718954 0.4423828125 0.5490196078431373 0.517578125 0.6233660130718954 0.517578125
2 0.46895424836601307 0.4453125 0.5171568627450981 0.4453125 0.46895424836601307 0.5068359375 0.5171568627450981 0.5068359375
2 0.5130718954248366 0.4482421875 0.5473856209150327 0.4482421875 0.5130718954248366 0.4873046875 0.5473856209150327 0.4873046875
2 0.5351307189542484 0.447265625 0.553921568627451 0.447265625 0.5351307189542484 0.46875 0.553921568627451 0.46875
2 0.545751633986928 0.4443359375 0.5645424836601307 0.4443359375 0.545751633986928 0.4599609375 0.5645424836601307 0.4599609375
2 0.7058823529411765 0.443359375 0.7328431372549019 0.443359375 0.7058823529411765 0.4736328125 0.7328431372549019 0.4736328125
2 0.6919934640522876 0.4423828125 0.7066993464052288 0.4423828125 0.6919934640522876 0.46875 0.7066993464052288 0.46875
2 0.678921568627451 0.4423828125 0.6919934640522876 0.4423828125 0.678921568627451 0.4599609375 0.6919934640522876 0.4599609375
2 0.5735294117647058 0.4345703125 0.6086601307189542 0.4345703125 0.5735294117647058 0.4501953125 0.6086601307189542 0.4501953125
7 0.5122549019607843 0.447265625 0.5359477124183006 0.447265625 0.5122549019607843 0.5009765625 0.5359477124183006 0.5009765625