4 0.8444444444444444 0.316875 0.86 0.316875 0.8444444444444444 0.366875 0.86 0.366875
4 0.8005555555555556 0.31875 0.8161111111111111 0.31875 0.8005555555555556 0.37125 0.8161111111111111 0.37125
4 0.8116666666666666 0.393125 0.8233333333333334 0.393125 0.8116666666666666 0.416875 0.8233333333333334 0.416875
4 0.6888888888888889 0.33875 0.7033333333333334 0.33875 0.6888888888888889 0.38375 0.7033333333333334 0.38375
4 0.6911111111111111 0.401875 0.7083333333333334 0.401875 0.6911111111111111 0.419375 0.7083333333333334 0.419375
4 0.4311111111111111 0.248125 0.44722222222222224 0.248125 0.4311111111111111 0.291875 0.44722222222222224 0.291875
4 0.215 0.24375 0.22944444444444445 0.24375 0.215 0.2875 0.22944444444444445 0.2875
9 0.5177777777777778 0.3075 0.58 0.3075 0.5177777777777778 0.325 0.58 0.325
9 0.6172222222222222 0.400625 0.6377777777777778 0.400625 0.6172222222222222 0.43125 0.6377777777777778 0.43125
9 0.6061111111111112 0.416875 0.6166666666666667 0.416875 0.6061111111111112 0.438125 0.6166666666666667 0.438125
9 0.6066666666666667 0.448125 0.6122222222222222 0.448125 0.6066666666666667 0.4625 0.6122222222222222 0.4625
9 0.24055555555555555 0.243125 0.26666666666666666 0.243125 0.24055555555555555 0.274375 0.26666666666666666 0.274375
9 0.5666666666666667 0.429375 0.58 0.429375 0.5666666666666667 0.45125 0.58 0.45125
9 0.5444444444444444 0.448125 0.5511111111111111 0.448125 0.5444444444444444 0.4575 0.5511111111111111 0.4575
7 0.9261111111111111 0.41875 0.9744444444444444 0.41875 0.9261111111111111 0.53875 0.9744444444444444 0.53875
6 0 0.483125 0.03777777777777778 0.483125 0 0.518125 0.03777777777777778 0.518125
2 0.45111111111111113 0.43375 0.5411111111111111 0.43375 0.45111111111111113 0.523125 0.5411111111111111 0.523125
2 0.4261111111111111 0.45875 0.45055555555555554 0.45875 0.4261111111111111 0.48625 0.45055555555555554 0.48625
2 0.31555555555555553 0.4675 0.34444444444444444 0.4675 0.31555555555555553 0.489375 0.34444444444444444 0.489375
2 0.03888888888888889 0.443125 0.1622222222222222 0.443125 0.03888888888888889 0.523125 0.1622222222222222 0.523125