7 0.8133333333333334 0.3625 0.9344444444444444 0.3625 0.8133333333333334 0.630625 0.9344444444444444 0.630625
7 0.815 0.381875 0.9044444444444445 0.381875 0.815 0.64125 0.9044444444444445 0.64125
7 0.56 0.4125 0.5944444444444444 0.4125 0.56 0.565 0.5944444444444444 0.565
7 0.4666666666666667 0.41375 0.515 0.41375 0.4666666666666667 0.578125 0.515 0.578125
7 0.3011111111111111 0.42625 0.37333333333333335 0.42625 0.3011111111111111 0.588125 0.37333333333333335 0.588125
13 0.41 0.440625 0.47 0.440625 0.41 0.4925 0.47 0.4925
2 0.23 0.4525 0.2777777777777778 0.4525 0.23 0.50875 0.2777777777777778 0.50875
2 0.11277777777777778 0.438125 0.2361111111111111 0.438125 0.11277777777777778 0.4925 0.2361111111111111 0.4925
2 0.1 0.44375 0.2338888888888889 0.44375 0.1 0.52125 0.2338888888888889 0.52125
2 0.03611111111111111 0.44 0.14444444444444443 0.44 0.03611111111111111 0.535 0.14444444444444443 0.535
2 0 0.436875 0.09388888888888888 0.436875 0 0.545625 0.09388888888888888 0.545625