4 0.005555555555555556 0.438125 0.017222222222222222 0.438125 0.005555555555555556 0.454375 0.017222222222222222 0.454375
4 0.03611111111111111 0.4025 0.04666666666666667 0.4025 0.03611111111111111 0.430625 0.04666666666666667 0.430625
4 0.8138888888888889 0.365 0.8227777777777778 0.365 0.8138888888888889 0.3975 0.8227777777777778 0.3975
4 0.8283333333333334 0.409375 0.8383333333333334 0.409375 0.8283333333333334 0.421875 0.8383333333333334 0.421875
4 0.8972222222222223 0.335625 0.9166666666666666 0.335625 0.8972222222222223 0.36625 0.9166666666666666 0.36625
4 0.9744444444444444 0.32125 0.9894444444444445 0.32125 0.9744444444444444 0.36 0.9894444444444445 0.36
4 0.23555555555555555 0.396875 0.24944444444444444 0.396875 0.23555555555555555 0.428125 0.24944444444444444 0.428125
9 0.6211111111111111 0.384375 0.6338888888888888 0.384375 0.6211111111111111 0.41625 0.6338888888888888 0.41625
9 0.8272222222222222 0.389375 0.85 0.389375 0.8272222222222222 0.396875 0.85 0.396875
9 0.8938888888888888 0.29125 0.9272222222222222 0.29125 0.8938888888888888 0.3225 0.9272222222222222 0.3225
9 0.9855555555555555 0.36875 0.9983333333333333 0.36875 0.9855555555555555 0.41125 0.9983333333333333 0.41125
9 0.2411111111111111 0.428125 0.255 0.428125 0.2411111111111111 0.453125 0.255 0.453125
9 0.6161111111111112 0.418125 0.6355555555555555 0.418125 0.6161111111111112 0.444375 0.6355555555555555 0.444375
0 0.19666666666666666 0.484375 0.27166666666666667 0.484375 0.19666666666666666 0.533125 0.27166666666666667 0.533125
2 0.34833333333333333 0.464375 0.38555555555555554 0.464375 0.34833333333333333 0.506875 0.38555555555555554 0.506875
2 0.37833333333333335 0.37875 0.6377777777777778 0.37875 0.37833333333333335 0.63375 0.6377777777777778 0.63375
7 0.21055555555555555 0.4425 0.2544444444444444 0.4425 0.21055555555555555 0.52375 0.2544444444444444 0.52375