4 0.8700980392156863 0.3125 0.8872549019607843 0.3125 0.8700980392156863 0.3603515625 0.8872549019607843 0.3603515625
4 0.7377450980392157 0.328125 0.7508169934640523 0.328125 0.7377450980392157 0.3642578125 0.7508169934640523 0.3642578125
4 0.7320261437908496 0.337890625 0.7401960784313726 0.337890625 0.7320261437908496 0.361328125 0.7401960784313726 0.361328125
4 0.7132352941176471 0.3310546875 0.7238562091503268 0.3310546875 0.7132352941176471 0.365234375 0.7238562091503268 0.365234375
4 0.7026143790849673 0.3525390625 0.7140522875816994 0.3525390625 0.7026143790849673 0.3642578125 0.7140522875816994 0.3642578125
4 0.6119281045751634 0.3486328125 0.6184640522875817 0.3486328125 0.6119281045751634 0.357421875 0.6184640522875817 0.357421875
4 0.7736928104575164 0.373046875 0.7802287581699346 0.373046875 0.7736928104575164 0.390625 0.7802287581699346 0.390625
4 0.4264705882352941 0.3095703125 0.43709150326797386 0.3095703125 0.4264705882352941 0.3466796875 0.43709150326797386 0.3466796875
4 0.44281045751633985 0.328125 0.45098039215686275 0.328125 0.44281045751633985 0.3505859375 0.45098039215686275 0.3505859375
4 0.45751633986928103 0.3212890625 0.4681372549019608 0.3212890625 0.45751633986928103 0.345703125 0.4681372549019608 0.345703125
4 0.3562091503267974 0.3203125 0.36519607843137253 0.3203125 0.3562091503267974 0.3427734375 0.36519607843137253 0.3427734375
4 0.3897058823529412 0.3369140625 0.39624183006535946 0.3369140625 0.3897058823529412 0.3564453125 0.39624183006535946 0.3564453125
9 0.26552287581699346 0.0673828125 0.34395424836601307 0.0673828125 0.26552287581699346 0.2275390625 0.34395424836601307 0.2275390625
9 0.8251633986928104 0.43359375 0.8423202614379085 0.43359375 0.8251633986928104 0.4775390625 0.8423202614379085 0.4775390625
9 0.6078431372549019 0.3720703125 0.6184640522875817 0.3720703125 0.6078431372549019 0.38671875 0.6184640522875817 0.38671875
7 0.7883986928104575 0.4013671875 0.7998366013071896 0.4013671875 0.7883986928104575 0.4228515625 0.7998366013071896 0.4228515625
0 0.9379084967320261 0.4365234375 0.9550653594771242 0.4365234375 0.9379084967320261 0.4619140625 0.9550653594771242 0.4619140625
2 0.8088235294117647 0.376953125 0.940359477124183 0.376953125 0.8088235294117647 0.4833984375 0.940359477124183 0.4833984375
2 0.6290849673202614 0.3974609375 0.6454248366013072 0.3974609375 0.6290849673202614 0.4140625 0.6454248366013072 0.4140625
2 0.6397058823529411 0.39453125 0.6470588235294118 0.39453125 0.6397058823529411 0.3994140625 0.6470588235294118 0.3994140625
2 0.545751633986928 0.3798828125 0.5816993464052288 0.3798828125 0.545751633986928 0.3974609375 0.5816993464052288 0.3974609375
2 0.6356209150326797 0.3798828125 0.7344771241830066 0.3798828125 0.6356209150326797 0.4697265625 0.7344771241830066 0.4697265625
2 0.4803921568627451 0.3935546875 0.6070261437908496 0.3935546875 0.4803921568627451 0.525390625 0.6070261437908496 0.525390625
2 0.4125816993464052 0.3837890625 0.4795751633986928 0.3837890625 0.4125816993464052 0.4169921875 0.4795751633986928 0.4169921875
2 0.477124183006536 0.376953125 0.545751633986928 0.376953125 0.477124183006536 0.4150390625 0.545751633986928 0.4150390625
2 0.3382352941176471 0.384765625 0.3570261437908497 0.384765625 0.3382352941176471 0.40625 0.3570261437908497 0.40625
7 0.9387254901960784 0.4208984375 0.954248366013072 0.4208984375 0.9387254901960784 0.4521484375 0.954248366013072 0.4521484375