7 0.4765625 0.46484375 0.48828125 0.46484375 0.4765625 0.5107421875 0.48828125 0.5107421875
7 0.45 0.4619140625 0.45625 0.4619140625 0.45 0.482421875 0.45625 0.482421875
7 0.4375 0.4638671875 0.44375 0.4638671875 0.4375 0.4814453125 0.44375 0.4814453125
7 0.3671875 0.4775390625 0.38203125 0.4775390625 0.3671875 0.525390625 0.38203125 0.525390625
7 0.48671875 0.4697265625 0.50234375 0.4697265625 0.48671875 0.5146484375 0.50234375 0.5146484375
7 0.49765625 0.462890625 0.5109375 0.462890625 0.49765625 0.5126953125 0.5109375 0.5126953125
7 0.209375 0.498046875 0.22421875 0.498046875 0.209375 0.51953125 0.22421875 0.51953125
7 0.1890625 0.49609375 0.203125 0.49609375 0.1890625 0.5224609375 0.203125 0.5224609375
2 0.47734375 0.4609375 0.49375 0.4609375 0.47734375 0.48046875 0.49375 0.48046875
2 0.48828125 0.4638671875 0.4984375 0.4638671875 0.48828125 0.4794921875 0.4984375 0.4794921875
2 0.50546875 0.4677734375 0.5171875 0.4677734375 0.50546875 0.484375 0.5171875 0.484375
2 0.509375 0.462890625 0.55546875 0.462890625 0.509375 0.5263671875 0.55546875 0.5263671875
2 0.53359375 0.4658203125 0.6125 0.4658203125 0.53359375 0.55078125 0.6125 0.55078125
2 0.55859375 0.4912109375 0.61015625 0.4912109375 0.55859375 0.5595703125 0.61015625 0.5595703125
2 0.56640625 0.4931640625 0.6109375 0.4931640625 0.56640625 0.5849609375 0.6109375 0.5849609375
2 0.58671875 0.4853515625 0.7015625 0.4853515625 0.58671875 0.611328125 0.7015625 0.611328125
2 0.6265625 0.470703125 0.68203125 0.470703125 0.6265625 0.4892578125 0.68203125 0.4892578125
2 0.421875 0.4609375 0.4359375 0.4609375 0.421875 0.4794921875 0.4359375 0.4794921875
2 0.41796875 0.46484375 0.4296875 0.46484375 0.41796875 0.4833984375 0.4296875 0.4833984375
2 0.41015625 0.4658203125 0.42578125 0.4658203125 0.41015625 0.48828125 0.42578125 0.48828125
2 0.39609375 0.4677734375 0.41484375 0.4677734375 0.39609375 0.4921875 0.41484375 0.4921875
2 0.39375 0.47265625 0.40859375 0.47265625 0.39375 0.4970703125 0.40859375 0.4970703125
2 0.3703125 0.4677734375 0.40078125 0.4677734375 0.3703125 0.505859375 0.40078125 0.505859375
2 0.36953125 0.4765625 0.3890625 0.4765625 0.36953125 0.5107421875 0.3890625 0.5107421875
2 0.33671875 0.4677734375 0.371875 0.4677734375 0.33671875 0.5185546875 0.371875 0.5185546875
2 0.31875 0.478515625 0.3640625 0.478515625 0.31875 0.53125 0.3640625 0.53125
2 0.31875 0.4892578125 0.34921875 0.4892578125 0.31875 0.5380859375 0.34921875 0.5380859375
2 0.29921875 0.4921875 0.33359375 0.4921875 0.29921875 0.55078125 0.33359375 0.55078125
2 0.29140625 0.4951171875 0.32734375 0.4951171875 0.29140625 0.556640625 0.32734375 0.556640625
2 0.2765625 0.4755859375 0.3125 0.4755859375 0.2765625 0.4951171875 0.3125 0.4951171875
2 0.278125 0.46875 0.31171875 0.46875 0.278125 0.478515625 0.31171875 0.478515625
2 0.23515625 0.4677734375 0.278125 0.4677734375 0.23515625 0.490234375 0.278125 0.490234375
2 0.20078125 0.4736328125 0.23828125 0.4736328125 0.20078125 0.4990234375 0.23828125 0.4990234375
2 0.14921875 0.4775390625 0.19609375 0.4775390625 0.14921875 0.501953125 0.19609375 0.501953125
2 0.09921875 0.4814453125 0.15546875 0.4814453125 0.09921875 0.509765625 0.15546875 0.509765625
2 0.065625 0.4833984375 0.10390625 0.4833984375 0.065625 0.509765625 0.10390625 0.509765625
2 0.09453125 0.4775390625 0.13203125 0.4775390625 0.09453125 0.4873046875 0.13203125 0.4873046875
2 0.2265625 0.4853515625 0.31171875 0.4853515625 0.2265625 0.576171875 0.31171875 0.576171875
2 0.2015625 0.5185546875 0.26328125 0.5185546875 0.2015625 0.60546875 0.26328125 0.60546875
2 0.13515625 0.5234375 0.23984375 0.5234375 0.13515625 0.640625 0.23984375 0.640625
2 0.03984375 0.529296875 0.1765625 0.529296875 0.03984375 0.6982421875 0.1765625 0.6982421875
2 0 0.5146484375 0.065625 0.5146484375 0 0.7421875 0.065625 0.7421875
2 0.63828125 0.5283203125 0.77109375 0.5283203125 0.63828125 0.6923828125 0.77109375 0.6923828125
2 0.690625 0.51953125 0.9921875 0.51953125 0.690625 0.7919921875 0.9921875 0.7919921875
2 0.8390625 0.646484375 0.99921875 0.646484375 0.8390625 0.9990234375 0.99921875 0.9990234375