4 0.630859375 0.505859375 0.6435546875 0.505859375 0.630859375 0.5423177083333334 0.6435546875 0.5423177083333334
4 0.3984375 0.5104166666666666 0.4091796875 0.5104166666666666 0.3984375 0.5403645833333334 0.4091796875 0.5403645833333334
4 0.76025390625 0.3600260416666667 0.7861328125 0.3600260416666667 0.76025390625 0.451171875 0.7861328125 0.451171875
4 0.7548828125 0.4798177083333333 0.77294921875 0.4798177083333333 0.7548828125 0.5149739583333334 0.77294921875 0.5149739583333334
9 0.75634765625 0.451171875 0.80419921875 0.451171875 0.75634765625 0.4759114583333333 0.80419921875 0.4759114583333333
9 0.7607421875 0.5481770833333334 0.775390625 0.5481770833333334 0.7607421875 0.5729166666666666 0.775390625 0.5729166666666666
9 0.19921875 0.4954427083333333 0.22021484375 0.4954427083333333 0.19921875 0.5279947916666666 0.22021484375 0.5279947916666666
7 0.2744140625 0.5481770833333334 0.31298828125 0.5481770833333334 0.2744140625 0.6940104166666666 0.31298828125 0.6940104166666666
7 0.25537109375 0.5416666666666666 0.30126953125 0.5416666666666666 0.25537109375 0.6946614583333334 0.30126953125 0.6946614583333334
2 0.53759765625 0.5631510416666666 0.56298828125 0.5631510416666666 0.53759765625 0.5924479166666666 0.56298828125 0.5924479166666666
2 0.55810546875 0.5618489583333334 0.5810546875 0.5618489583333334 0.55810546875 0.5891927083333334 0.5810546875 0.5891927083333334
2 0.59130859375 0.5592447916666666 0.625 0.5592447916666666 0.59130859375 0.5930989583333334 0.625 0.5930989583333334