4 0.7132352941176471 0.3994140625 0.7181372549019608 0.3994140625 0.7132352941176471 0.4140625 0.7181372549019608 0.4140625
4 0.826797385620915 0.392578125 0.8333333333333334 0.392578125 0.826797385620915 0.41015625 0.8333333333333334 0.41015625
9 0.8921568627450981 0.3818359375 0.9027777777777778 0.3818359375 0.8921568627450981 0.408203125 0.9027777777777778 0.408203125
9 0.22140522875816993 0.384765625 0.24428104575163398 0.384765625 0.22140522875816993 0.4130859375 0.24428104575163398 0.4130859375
9 0.2238562091503268 0.4130859375 0.2426470588235294 0.4130859375 0.2238562091503268 0.423828125 0.2426470588235294 0.423828125
9 0.7328431372549019 0.4150390625 0.7369281045751634 0.4150390625 0.7328431372549019 0.423828125 0.7369281045751634 0.423828125
7 0.6160130718954249 0.4423828125 0.6200980392156863 0.4423828125 0.6160130718954249 0.4619140625 0.6200980392156863 0.4619140625
5 0.7491830065359477 0.4404296875 0.761437908496732 0.4404296875 0.7491830065359477 0.462890625 0.761437908496732 0.462890625
2 0.6217320261437909 0.44140625 0.6936274509803921 0.44140625 0.6217320261437909 0.515625 0.6936274509803921 0.515625
2 0.6781045751633987 0.4404296875 0.7034313725490197 0.4404296875 0.6781045751633987 0.4609375 0.7034313725490197 0.4609375
2 0.7271241830065359 0.4384765625 0.7491830065359477 0.4384765625 0.7271241830065359 0.4619140625 0.7491830065359477 0.4619140625
2 0.7638888888888888 0.4384765625 0.7785947712418301 0.4384765625 0.7638888888888888 0.462890625 0.7785947712418301 0.462890625
7 0.7467320261437909 0.4326171875 0.761437908496732 0.4326171875 0.7467320261437909 0.44921875 0.761437908496732 0.44921875