4 0.21044921875 0.3665364583333333 0.224609375 0.3665364583333333 0.21044921875 0.3951822916666667 0.224609375 0.3951822916666667
4 0.67578125 0.3697916666666667 0.6943359375 0.3697916666666667 0.67578125 0.3951822916666667 0.6943359375 0.3951822916666667
4 0.50341796875 0.234375 0.52001953125 0.234375 0.50341796875 0.259765625 0.52001953125 0.259765625
9 0.638671875 0.447265625 0.65771484375 0.447265625 0.638671875 0.4759114583333333 0.65771484375 0.4759114583333333
7 0.810546875 0.4967447916666667 0.8330078125 0.4967447916666667 0.810546875 0.533203125 0.8330078125 0.533203125
7 0.70947265625 0.5045572916666666 0.72509765625 0.5045572916666666 0.70947265625 0.5638020833333334 0.72509765625 0.5638020833333334
0 0.72998046875 0.55078125 0.82373046875 0.55078125 0.72998046875 0.62890625 0.82373046875 0.62890625
2 0.10009765625 0.5247395833333334 0.32470703125 0.5247395833333334 0.10009765625 0.6256510416666666 0.32470703125 0.6256510416666666
2 0.08349609375 0.505859375 0.18017578125 0.505859375 0.08349609375 0.5748697916666666 0.18017578125 0.5748697916666666
2 0.47314453125 0.505859375 0.50390625 0.505859375 0.47314453125 0.541015625 0.50390625 0.541015625
2 0.52978515625 0.513671875 0.55126953125 0.513671875 0.52978515625 0.5416666666666666 0.55126953125 0.5416666666666666
2 0.5693359375 0.515625 0.63134765625 0.515625 0.5693359375 0.5748697916666666 0.63134765625 0.5748697916666666
2 0.55615234375 0.5130208333333334 0.580078125 0.5130208333333334 0.55615234375 0.5611979166666666 0.580078125 0.5611979166666666
2 0.54833984375 0.509765625 0.5673828125 0.509765625 0.54833984375 0.544921875 0.5673828125 0.544921875
7 0.75927734375 0.5091145833333334 0.798828125 0.5091145833333334 0.75927734375 0.6145833333333334 0.798828125 0.6145833333333334