1 0.46977124183006536 0.5009765625 0.49264705882352944 0.5009765625 0.46977124183006536 0.5341796875 0.49264705882352944 0.5341796875
4 0 0.4091796875 0.010620915032679739 0.4091796875 0 0.451171875 0.010620915032679739 0.451171875
4 0.5130718954248366 0.501953125 0.5155228758169934 0.501953125 0.5130718954248366 0.5078125 0.5155228758169934 0.5078125
4 0.5106209150326797 0.501953125 0.5130718954248366 0.501953125 0.5106209150326797 0.5078125 0.5130718954248366 0.5078125
9 0.6756535947712419 0.34765625 0.7205882352941176 0.34765625 0.6756535947712419 0.39453125 0.7205882352941176 0.39453125
9 0.684640522875817 0.396484375 0.7148692810457516 0.396484375 0.684640522875817 0.4306640625 0.7148692810457516 0.4306640625
9 0.7924836601307189 0.4296875 0.8112745098039216 0.4296875 0.7924836601307189 0.4609375 0.8112745098039216 0.4609375
9 0.6674836601307189 0.4423828125 0.6944444444444444 0.4423828125 0.6674836601307189 0.4658203125 0.6944444444444444 0.4658203125
9 0.6993464052287581 0.439453125 0.7058823529411765 0.439453125 0.6993464052287581 0.4638671875 0.7058823529411765 0.4638671875
9 0.6887254901960784 0.4306640625 0.7116013071895425 0.4306640625 0.6887254901960784 0.44140625 0.7116013071895425 0.44140625
9 0.5629084967320261 0.498046875 0.5727124183006536 0.498046875 0.5629084967320261 0.5068359375 0.5727124183006536 0.5068359375
9 0.5612745098039216 0.484375 0.5735294117647058 0.484375 0.5612745098039216 0.498046875 0.5735294117647058 0.498046875
9 0.5612745098039216 0.470703125 0.5743464052287581 0.470703125 0.5612745098039216 0.484375 0.5743464052287581 0.484375
13 0.0008169934640522876 0.384765625 0.43300653594771243 0.384765625 0.0008169934640522876 0.7255859375 0.43300653594771243 0.7255859375
2 0.4950980392156863 0.515625 0.5098039215686274 0.515625 0.4950980392156863 0.529296875 0.5098039215686274 0.529296875
2 0.49264705882352944 0.515625 0.49754901960784315 0.515625 0.49264705882352944 0.525390625 0.49754901960784315 0.525390625
2 0.46486928104575165 0.517578125 0.47058823529411764 0.517578125 0.46486928104575165 0.5244140625 0.47058823529411764 0.5244140625
2 0.434640522875817 0.5205078125 0.4534313725490196 0.5205078125 0.434640522875817 0.537109375 0.4534313725490196 0.537109375