4 0.65576171875 0.447265625 0.66259765625 0.447265625 0.65576171875 0.46484375 0.66259765625 0.46484375
4 0.64306640625 0.4635416666666667 0.6494140625 0.4635416666666667 0.64306640625 0.4791666666666667 0.6494140625 0.4791666666666667
4 0.5830078125 0.416015625 0.5888671875 0.416015625 0.5830078125 0.4303385416666667 0.5888671875 0.4303385416666667
4 0.51708984375 0.4602864583333333 0.5234375 0.4602864583333333 0.51708984375 0.474609375 0.5234375 0.474609375
9 0.88037109375 0.4173177083333333 0.89892578125 0.4173177083333333 0.88037109375 0.4518229166666667 0.89892578125 0.4518229166666667
7 0.037109375 0.4921875 0.068359375 0.4921875 0.037109375 0.6302083333333334 0.068359375 0.6302083333333334
7 0.24755859375 0.4752604166666667 0.26171875 0.4752604166666667 0.24755859375 0.5338541666666666 0.26171875 0.5338541666666666
7 0.3095703125 0.4947916666666667 0.326171875 0.4947916666666667 0.3095703125 0.58203125 0.326171875 0.58203125
7 0.33251953125 0.4954427083333333 0.3525390625 0.4954427083333333 0.33251953125 0.568359375 0.3525390625 0.568359375
7 0.35302734375 0.4986979166666667 0.37255859375 0.4986979166666667 0.35302734375 0.5553385416666666 0.37255859375 0.5553385416666666
7 0.3740234375 0.5 0.38671875 0.5 0.3740234375 0.5520833333333334 0.38671875 0.5520833333333334
7 0.4345703125 0.501953125 0.44482421875 0.501953125 0.4345703125 0.5416666666666666 0.44482421875 0.5416666666666666
7 0.58447265625 0.51171875 0.591796875 0.51171875 0.58447265625 0.5384114583333334 0.591796875 0.5384114583333334
7 0.744140625 0.4986979166666667 0.759765625 0.4986979166666667 0.744140625 0.546875 0.759765625 0.546875
0 0.06982421875 0.5240885416666666 0.12841796875 0.5240885416666666 0.06982421875 0.5930989583333334 0.12841796875 0.5930989583333334
0 0.09326171875 0.5182291666666666 0.15380859375 0.5182291666666666 0.09326171875 0.5872395833333334 0.15380859375 0.5872395833333334
0 0.11865234375 0.5149739583333334 0.18603515625 0.5149739583333334 0.11865234375 0.5852864583333334 0.18603515625 0.5852864583333334
2 0.677734375 0.5130208333333334 0.763671875 0.5130208333333334 0.677734375 0.6119791666666666 0.763671875 0.6119791666666666
2 0.65869140625 0.517578125 0.69091796875 0.517578125 0.65869140625 0.58203125 0.69091796875 0.58203125
2 0.53515625 0.5084635416666666 0.5576171875 0.5084635416666666 0.53515625 0.5286458333333334 0.5576171875 0.5286458333333334