4 0.4734375 0.4248046875 0.484375 0.4248046875 0.4734375 0.4560546875 0.484375 0.4560546875
4 0.63984375 0.4228515625 0.64765625 0.4228515625 0.63984375 0.44921875 0.64765625 0.44921875
4 0.8421875 0.2705078125 0.87265625 0.2705078125 0.8421875 0.3701171875 0.87265625 0.3701171875
4 0 0.38671875 0.01796875 0.38671875 0 0.4482421875 0.01796875 0.4482421875
9 0.00703125 0.45703125 0.03828125 0.45703125 0.00703125 0.5185546875 0.03828125 0.5185546875
7 0.078125 0.521484375 0.09609375 0.521484375 0.078125 0.5693359375 0.09609375 0.5693359375
0 0.925 0.5810546875 0.99921875 0.5810546875 0.925 0.7109375 0.99921875 0.7109375
0 0.809375 0.4775390625 0.8375 0.4775390625 0.809375 0.5185546875 0.8375 0.5185546875
2 0.37109375 0.50390625 0.4828125 0.50390625 0.37109375 0.6044921875 0.4828125 0.6044921875
2 0.44453125 0.494140625 0.50859375 0.494140625 0.44453125 0.5654296875 0.50859375 0.5654296875
2 0.4703125 0.4765625 0.52421875 0.4765625 0.4703125 0.5244140625 0.52421875 0.5244140625
7 0.8109375 0.45703125 0.83515625 0.45703125 0.8109375 0.5185546875 0.83515625 0.5185546875
3 0.79609375 0.5263671875 0.8203125 0.5263671875 0.79609375 0.6005859375 0.8203125 0.6005859375