4 0.7894444444444444 0.234375 0.8122222222222222 0.234375 0.7894444444444444 0.304375 0.8122222222222222 0.304375
4 0.7833333333333333 0.3375 0.81 0.3375 0.7833333333333333 0.366875 0.81 0.366875
4 0.5166666666666667 0.214375 0.545 0.214375 0.5166666666666667 0.290625 0.545 0.290625
4 0.52 0.318125 0.545 0.318125 0.52 0.35 0.545 0.35
9 0.8127777777777778 0.426875 0.8205555555555556 0.426875 0.8127777777777778 0.4425 0.8205555555555556 0.4425
9 0.5033333333333333 0.29875 0.5366666666666666 0.29875 0.5033333333333333 0.314375 0.5366666666666666 0.314375
9 0.4816666666666667 0.100625 0.5205555555555555 0.100625 0.4816666666666667 0.14375 0.5205555555555555 0.14375
2 0.05277777777777778 0.434375 0.13666666666666666 0.434375 0.05277777777777778 0.49375 0.13666666666666666 0.49375
2 0.9594444444444444 0.4525 0.9933333333333333 0.4525 0.9594444444444444 0.469375 0.9933333333333333 0.469375
2 0.5855555555555556 0.42125 0.6588888888888889 0.42125 0.5855555555555556 0.443125 0.6588888888888889 0.443125
7 0.08222222222222222 0.441875 0.105 0.441875 0.08222222222222222 0.495 0.105 0.495