9 0.7867647058823529 0.3564453125 0.8202614379084967 0.3564453125 0.7867647058823529 0.3974609375 0.8202614379084967 0.3974609375
9 0.7361111111111112 0.37890625 0.7549019607843137 0.37890625 0.7361111111111112 0.40234375 0.7549019607843137 0.40234375
9 0.4158496732026144 0.416015625 0.4411764705882353 0.416015625 0.4158496732026144 0.447265625 0.4411764705882353 0.447265625
7 0.7892156862745098 0.4384765625 0.8022875816993464 0.4384765625 0.7892156862745098 0.46875 0.8022875816993464 0.46875
7 0.5906862745098039 0.453125 0.6045751633986928 0.453125 0.5906862745098039 0.484375 0.6045751633986928 0.484375
7 0.5727124183006536 0.451171875 0.5800653594771242 0.451171875 0.5727124183006536 0.486328125 0.5800653594771242 0.486328125
7 0.6004901960784313 0.4501953125 0.6086601307189542 0.4501953125 0.6004901960784313 0.4716796875 0.6086601307189542 0.4716796875
7 0.6478758169934641 0.4453125 0.6552287581699346 0.4453125 0.6478758169934641 0.45703125 0.6552287581699346 0.45703125
2 0 0.5712890625 0.272875816993464 0.5712890625 0 0.9951171875 0.272875816993464 0.9951171875
2 0.11683006535947713 0.4921875 0.4215686274509804 0.4921875 0.11683006535947713 0.7275390625 0.4215686274509804 0.7275390625
2 0.3553921568627451 0.474609375 0.4910130718954248 0.474609375 0.3553921568627451 0.59375 0.4910130718954248 0.59375
2 0.4493464052287582 0.474609375 0.5122549019607843 0.474609375 0.4493464052287582 0.556640625 0.5122549019607843 0.556640625
2 0.4714052287581699 0.4697265625 0.5302287581699346 0.4697265625 0.4714052287581699 0.537109375 0.5302287581699346 0.537109375
2 0.5163398692810458 0.458984375 0.5547385620915033 0.458984375 0.5163398692810458 0.4970703125 0.5547385620915033 0.4970703125
2 0.5204248366013072 0.4501953125 0.5612745098039216 0.4501953125 0.5204248366013072 0.4921875 0.5612745098039216 0.4921875
2 0.5531045751633987 0.4521484375 0.5686274509803921 0.4521484375 0.5531045751633987 0.4873046875 0.5686274509803921 0.4873046875
2 0.6200980392156863 0.4541015625 0.6601307189542484 0.4541015625 0.6200980392156863 0.490234375 0.6601307189542484 0.490234375
2 0.6127450980392157 0.451171875 0.6405228758169934 0.451171875 0.6127450980392157 0.48046875 0.6405228758169934 0.48046875
2 0.6086601307189542 0.451171875 0.6225490196078431 0.451171875 0.6086601307189542 0.474609375 0.6225490196078431 0.474609375
2 0.6544117647058824 0.4638671875 0.7075163398692811 0.4638671875 0.6544117647058824 0.5439453125 0.7075163398692811 0.5439453125
2 0.6748366013071896 0.462890625 0.7679738562091504 0.462890625 0.6748366013071896 0.5751953125 0.7679738562091504 0.5751953125
2 0.7001633986928104 0.4677734375 0.869281045751634 0.4677734375 0.7001633986928104 0.6337890625 0.869281045751634 0.6337890625
2 0.7908496732026143 0.4892578125 0.9991830065359477 0.4892578125 0.7908496732026143 0.78125 0.9991830065359477 0.78125