1 0.5318627450980392 0.4677734375 0.6331699346405228 0.4677734375 0.5318627450980392 0.5498046875 0.6331699346405228 0.5498046875
4 0.630718954248366 0.470703125 0.6348039215686274 0.470703125 0.630718954248366 0.484375 0.6348039215686274 0.484375
4 0.6372549019607843 0.4619140625 0.6437908496732027 0.4619140625 0.6372549019607843 0.4755859375 0.6437908496732027 0.4755859375
4 0.4223856209150327 0.4521484375 0.4272875816993464 0.4521484375 0.4223856209150327 0.46875 0.4272875816993464 0.46875
4 0.3954248366013072 0.4794921875 0.39950980392156865 0.4794921875 0.3954248366013072 0.484375 0.39950980392156865 0.484375
9 0.34967320261437906 0.4443359375 0.36437908496732024 0.4443359375 0.34967320261437906 0.4716796875 0.36437908496732024 0.4716796875
9 0.029411764705882353 0.4482421875 0.06290849673202614 0.4482421875 0.029411764705882353 0.4658203125 0.06290849673202614 0.4658203125
9 0.1781045751633987 0.39453125 0.19362745098039216 0.39453125 0.1781045751633987 0.4150390625 0.19362745098039216 0.4150390625
9 0.2434640522875817 0.41796875 0.2565359477124183 0.41796875 0.2434640522875817 0.4375 0.2565359477124183 0.4375
9 0.3831699346405229 0.484375 0.3888888888888889 0.484375 0.3831699346405229 0.4912109375 0.3888888888888889 0.4912109375
9 0.18872549019607843 0.421875 0.21568627450980393 0.421875 0.18872549019607843 0.4296875 0.21568627450980393 0.4296875
9 0.25245098039215685 0.4404296875 0.27369281045751637 0.4404296875 0.25245098039215685 0.447265625 0.27369281045751637 0.447265625
9 0.704248366013072 0.40625 0.7165032679738562 0.40625 0.704248366013072 0.42578125 0.7165032679738562 0.42578125
9 0.6838235294117647 0.4296875 0.7083333333333334 0.4296875 0.6838235294117647 0.4384765625 0.7083333333333334 0.4384765625
9 0.6519607843137255 0.4267578125 0.6633986928104575 0.4267578125 0.6519607843137255 0.4404296875 0.6633986928104575 0.4404296875
9 0.6372549019607843 0.4453125 0.6560457516339869 0.4453125 0.6372549019607843 0.4501953125 0.6560457516339869 0.4501953125
7 0.7532679738562091 0.4970703125 0.7761437908496732 0.4970703125 0.7532679738562091 0.5703125 0.7761437908496732 0.5703125
7 0.7377450980392157 0.4970703125 0.755718954248366 0.4970703125 0.7377450980392157 0.5556640625 0.755718954248366 0.5556640625
7 0.7230392156862745 0.501953125 0.7361111111111112 0.501953125 0.7230392156862745 0.5556640625 0.7361111111111112 0.5556640625
7 0.7083333333333334 0.4990234375 0.7279411764705882 0.4990234375 0.7083333333333334 0.556640625 0.7279411764705882 0.556640625
7 0.6944444444444444 0.5087890625 0.7083333333333334 0.5087890625 0.6944444444444444 0.560546875 0.7083333333333334 0.560546875
7 0.6797385620915033 0.4990234375 0.696078431372549 0.4990234375 0.6797385620915033 0.5517578125 0.696078431372549 0.5517578125
7 0.6495098039215687 0.5 0.6617647058823529 0.5 0.6495098039215687 0.544921875 0.6617647058823529 0.544921875
7 0.6413398692810458 0.5 0.6519607843137255 0.5 0.6413398692810458 0.544921875 0.6519607843137255 0.544921875
7 0.6299019607843137 0.50390625 0.6372549019607843 0.50390625 0.6299019607843137 0.5390625 0.6372549019607843 0.5390625
7 0.34395424836601307 0.5078125 0.3545751633986928 0.5078125 0.34395424836601307 0.5361328125 0.3545751633986928 0.5361328125
7 0.3006535947712418 0.509765625 0.31290849673202614 0.509765625 0.3006535947712418 0.546875 0.31290849673202614 0.546875
7 0.3112745098039216 0.509765625 0.3235294117647059 0.509765625 0.3112745098039216 0.5439453125 0.3235294117647059 0.5439453125
7 0.3276143790849673 0.509765625 0.3382352941176471 0.509765625 0.3276143790849673 0.537109375 0.3382352941176471 0.537109375
7 0.3235294117647059 0.509765625 0.33088235294117646 0.509765625 0.3235294117647059 0.5400390625 0.33088235294117646 0.5400390625
7 0.33578431372549017 0.5068359375 0.3431372549019608 0.5068359375 0.33578431372549017 0.5361328125 0.3431372549019608 0.5361328125
7 0.056372549019607844 0.501953125 0.08251633986928104 0.501953125 0.056372549019607844 0.576171875 0.08251633986928104 0.576171875
7 0 0.4990234375 0.03349673202614379 0.4990234375 0 0.5986328125 0.03349673202614379 0.5986328125
7 0.9795751633986928 0.5048828125 0.9991830065359477 0.5048828125 0.9795751633986928 0.6142578125 0.9991830065359477 0.6142578125
7 0.7933006535947712 0.5146484375 0.815359477124183 0.5146484375 0.7933006535947712 0.56640625 0.815359477124183 0.56640625
7 0.7728758169934641 0.5166015625 0.7924836601307189 0.5166015625 0.7728758169934641 0.5615234375 0.7924836601307189 0.5615234375
5 0.4452614379084967 0.5107421875 0.4599673202614379 0.5107421875 0.4452614379084967 0.5419921875 0.4599673202614379 0.5419921875
5 0.056372549019607844 0.5234375 0.11601307189542484 0.5234375 0.056372549019607844 0.60546875 0.11601307189542484 0.60546875
2 0.5040849673202614 0.5087890625 0.5776143790849673 0.5087890625 0.5040849673202614 0.580078125 0.5776143790849673 0.580078125
2 0.46895424836601307 0.505859375 0.511437908496732 0.505859375 0.46895424836601307 0.546875 0.511437908496732 0.546875
2 0.3553921568627451 0.509765625 0.3839869281045752 0.509765625 0.3553921568627451 0.533203125 0.3839869281045752 0.533203125
2 0.36437908496732024 0.50390625 0.4542483660130719 0.50390625 0.36437908496732024 0.609375 0.4542483660130719 0.609375
7 0.4452614379084967 0.5009765625 0.4599673202614379 0.5009765625 0.4452614379084967 0.53125 0.4599673202614379 0.53125