9 0.29 0.346875 0.32222222222222224 0.346875 0.29 0.376875 0.32222222222222224 0.376875
9 0.29944444444444446 0.38375 0.32611111111111113 0.38375 0.29944444444444446 0.395625 0.32611111111111113 0.395625
9 0.6261111111111111 0.426875 0.6344444444444445 0.426875 0.6261111111111111 0.443125 0.6344444444444445 0.443125
9 0.6094444444444445 0.42625 0.6161111111111112 0.42625 0.6094444444444445 0.4375 0.6161111111111112 0.4375
9 0.7938888888888889 0.36125 0.8144444444444444 0.36125 0.7938888888888889 0.3775 0.8144444444444444 0.3775
9 0.72 0.44 0.7272222222222222 0.44 0.72 0.450625 0.7272222222222222 0.450625
9 0.715 0.415625 0.7255555555555555 0.415625 0.715 0.43125 0.7255555555555555 0.43125
9 0.4477777777777778 0.438125 0.45555555555555555 0.438125 0.4477777777777778 0.45125 0.45555555555555555 0.45125
2 0.5672222222222222 0.4575 0.6027777777777777 0.4575 0.5672222222222222 0.483125 0.6027777777777777 0.483125
2 0.45444444444444443 0.4425 0.5166666666666667 0.4425 0.45444444444444443 0.5025 0.5166666666666667 0.5025
2 0.4127777777777778 0.444375 0.44055555555555553 0.444375 0.4127777777777778 0.4775 0.44055555555555553 0.4775
2 0.37555555555555553 0.445 0.42277777777777775 0.445 0.37555555555555553 0.486875 0.42277777777777775 0.486875
2 0.9255555555555556 0.438125 0.9994444444444445 0.438125 0.9255555555555556 0.580625 0.9994444444444445 0.580625