0 0.13359375 0.6533203125 0.26328125 0.6533203125 0.13359375 0.8857421875 0.26328125 0.8857421875
0 0.39609375 0.50390625 0.41796875 0.50390625 0.39609375 0.5478515625 0.41796875 0.5478515625
2 0 0.5517578125 0.1453125 0.5517578125 0 0.7802734375 0.1453125 0.7802734375
2 0.06953125 0.5224609375 0.1984375 0.5224609375 0.06953125 0.62109375 0.1984375 0.62109375
2 0.221875 0.482421875 0.32734375 0.482421875 0.221875 0.5966796875 0.32734375 0.5966796875
2 0.278125 0.4716796875 0.34765625 0.4716796875 0.278125 0.5673828125 0.34765625 0.5673828125
2 0.3296875 0.4736328125 0.36796875 0.4736328125 0.3296875 0.5498046875 0.36796875 0.5498046875
2 0.328125 0.4619140625 0.38828125 0.4619140625 0.328125 0.5361328125 0.38828125 0.5361328125
2 0.3828125 0.47265625 0.42421875 0.47265625 0.3828125 0.529296875 0.42421875 0.529296875
2 0.41953125 0.4599609375 0.45625 0.4599609375 0.41953125 0.49609375 0.45625 0.49609375
2 0.56171875 0.4599609375 0.596875 0.4599609375 0.56171875 0.49609375 0.596875 0.49609375
2 0.5796875 0.4853515625 0.62109375 0.4853515625 0.5796875 0.546875 0.62109375 0.546875
2 0.60546875 0.4736328125 0.6921875 0.4736328125 0.60546875 0.55859375 0.6921875 0.55859375
2 0.6140625 0.4912109375 0.7078125 0.4912109375 0.6140625 0.5849609375 0.7078125 0.5849609375
2 0.6578125 0.501953125 0.79453125 0.501953125 0.6578125 0.615234375 0.79453125 0.615234375
2 0.76328125 0.5068359375 0.99921875 0.5068359375 0.76328125 0.83984375 0.99921875 0.83984375
7 0.13984375 0.5302734375 0.2609375 0.5302734375 0.13984375 0.8251953125 0.2609375 0.8251953125
7 0.396875 0.470703125 0.41875 0.470703125 0.396875 0.541015625 0.41875 0.541015625
2 0.6953125 0.4345703125 0.76953125 0.4345703125 0.6953125 0.478515625 0.76953125 0.478515625
7 0.9578125 0.5673828125 0.99921875 0.5673828125 0.9578125 0.8759765625 0.99921875 0.8759765625