7 0.678125 0.435546875 0.7171875 0.435546875 0.678125 0.6015625 0.7171875 0.6015625
7 0.2625 0.4072265625 0.26953125 0.4072265625 0.2625 0.4326171875 0.26953125 0.4326171875
7 0.27734375 0.4072265625 0.284375 0.4072265625 0.27734375 0.4326171875 0.284375 0.4326171875
7 0.25 0.4052734375 0.25390625 0.4052734375 0.25 0.4228515625 0.25390625 0.4228515625
0 0 0.4921875 0.0375 0.4921875 0 0.595703125 0.0375 0.595703125
0 0.059375 0.4892578125 0.09765625 0.4892578125 0.059375 0.5654296875 0.09765625 0.5654296875
0 0.10625 0.4931640625 0.14296875 0.4931640625 0.10625 0.5791015625 0.14296875 0.5791015625
0 0.2546875 0.494140625 0.30546875 0.494140625 0.2546875 0.59375 0.30546875 0.59375
2 0.23203125 0.40625 0.24296875 0.40625 0.23203125 0.419921875 0.24296875 0.419921875
2 0.22578125 0.4091796875 0.23828125 0.4091796875 0.22578125 0.423828125 0.23828125 0.423828125
2 0.21796875 0.4091796875 0.22890625 0.4091796875 0.21796875 0.4296875 0.22890625 0.4296875
2 0.2015625 0.4072265625 0.22265625 0.4072265625 0.2015625 0.4345703125 0.22265625 0.4345703125
2 0.2015625 0.412109375 0.21640625 0.412109375 0.2015625 0.4375 0.21640625 0.4375
2 0.1828125 0.4111328125 0.209375 0.4111328125 0.1828125 0.4443359375 0.209375 0.4443359375
2 0.18359375 0.41796875 0.2015625 0.41796875 0.18359375 0.4482421875 0.2015625 0.4482421875
2 0.15546875 0.4111328125 0.18984375 0.4111328125 0.15546875 0.4580078125 0.18984375 0.4580078125
2 0.16171875 0.4228515625 0.18359375 0.4228515625 0.16171875 0.4599609375 0.18359375 0.4599609375
2 0.1546875 0.423828125 0.1734375 0.423828125 0.1546875 0.46484375 0.1734375 0.46484375
2 0.109375 0.41015625 0.16328125 0.41015625 0.109375 0.4765625 0.16328125 0.4765625
2 0.0609375 0.423828125 0.12421875 0.423828125 0.0609375 0.501953125 0.12421875 0.501953125
2 0.0328125 0.439453125 0.10703125 0.439453125 0.0328125 0.5224609375 0.10703125 0.5224609375
2 0 0.4580078125 0.05078125 0.4580078125 0 0.54296875 0.05078125 0.54296875
2 0.0734375 0.412109375 0.0984375 0.412109375 0.0734375 0.42578125 0.0984375 0.42578125
2 0.02421875 0.4140625 0.04765625 0.4140625 0.02421875 0.4296875 0.04765625 0.4296875
2 0.0453125 0.412109375 0.078125 0.412109375 0.0453125 0.4306640625 0.078125 0.4306640625
2 0.27421875 0.4072265625 0.2859375 0.4072265625 0.27421875 0.4228515625 0.2859375 0.4228515625
2 0.28203125 0.4091796875 0.29140625 0.4091796875 0.28203125 0.42578125 0.29140625 0.42578125
2 0.28515625 0.4072265625 0.303125 0.4072265625 0.28515625 0.4306640625 0.303125 0.4306640625
2 0.290625 0.408203125 0.31640625 0.408203125 0.290625 0.4404296875 0.31640625 0.4404296875
2 0.29765625 0.412109375 0.32578125 0.412109375 0.29765625 0.4443359375 0.32578125 0.4443359375
2 0.303125 0.416015625 0.33515625 0.416015625 0.303125 0.455078125 0.33515625 0.455078125
2 0.31015625 0.419921875 0.3265625 0.419921875 0.31015625 0.4580078125 0.3265625 0.4580078125
2 0.315625 0.4208984375 0.35390625 0.4208984375 0.315625 0.46875 0.35390625 0.46875
2 0.33359375 0.4296875 0.36484375 0.4296875 0.33359375 0.4853515625 0.36484375 0.4853515625
2 0.34375 0.4296875 0.375 0.4296875 0.34375 0.50390625 0.375 0.50390625
2 0.35625 0.4189453125 0.45234375 0.4189453125 0.35625 0.5244140625 0.45234375 0.5244140625
2 0.378125 0.443359375 0.49140625 0.443359375 0.378125 0.5537109375 0.49140625 0.5537109375
2 0.484375 0.4365234375 0.5 0.4365234375 0.484375 0.46875 0.5 0.46875
7 0 0.4443359375 0.040625 0.4443359375 0 0.5693359375 0.040625 0.5693359375
7 0.059375 0.439453125 0.096875 0.439453125 0.059375 0.552734375 0.096875 0.552734375
7 0.10859375 0.43359375 0.146875 0.43359375 0.10859375 0.56640625 0.146875 0.56640625
7 0.26015625 0.431640625 0.30546875 0.431640625 0.26015625 0.5771484375 0.30546875 0.5771484375
7 0.8171875 0.2958984375 0.83984375 0.2958984375 0.8171875 0.3369140625 0.83984375 0.3369140625
7 0.80078125 0.2861328125 0.81796875 0.2861328125 0.80078125 0.333984375 0.81796875 0.333984375