1 0.36666666666666664 0.4425 0.39944444444444444 0.4425 0.36666666666666664 0.4575 0.39944444444444444 0.4575
9 0.75 0.2725 0.8061111111111111 0.2725 0.75 0.351875 0.8061111111111111 0.351875
9 0.1622222222222222 0.436875 0.17166666666666666 0.436875 0.1622222222222222 0.451875 0.17166666666666666 0.451875
9 0.16 0.418125 0.17 0.418125 0.16 0.435625 0.17 0.435625
9 0.02666666666666667 0.38375 0.06388888888888888 0.38375 0.02666666666666667 0.433125 0.06388888888888888 0.433125
2 0.4011111111111111 0.405625 0.5444444444444444 0.405625 0.4011111111111111 0.56125 0.5444444444444444 0.56125
2 0.3661111111111111 0.455 0.4088888888888889 0.455 0.3661111111111111 0.49375 0.4088888888888889 0.49375
2 0.3516666666666667 0.458125 0.37 0.458125 0.3516666666666667 0.4875 0.37 0.4875
2 0.32944444444444443 0.45875 0.3561111111111111 0.45875 0.32944444444444443 0.49 0.3561111111111111 0.49
2 0.31444444444444447 0.46125 0.335 0.46125 0.31444444444444447 0.49625 0.335 0.49625
2 0.29333333333333333 0.46 0.32611111111111113 0.46 0.29333333333333333 0.50125 0.32611111111111113 0.50125
2 0.2722222222222222 0.46125 0.30833333333333335 0.46125 0.2722222222222222 0.504375 0.30833333333333335 0.504375
2 0.1761111111111111 0.461875 0.29944444444444446 0.461875 0.1761111111111111 0.546875 0.29944444444444446 0.546875
2 0.10222222222222223 0.48125 0.11166666666666666 0.48125 0.10222222222222223 0.49 0.11166666666666666 0.49
2 0 0.486875 0.013888888888888888 0.486875 0 0.5 0.013888888888888888 0.5
2 0.051111111111111114 0.484375 0.075 0.484375 0.051111111111111114 0.496875 0.075 0.496875
2 0.026111111111111113 0.485625 0.04555555555555556 0.485625 0.026111111111111113 0.496875 0.04555555555555556 0.496875
2 0.11166666666666666 0.481875 0.11944444444444445 0.481875 0.11166666666666666 0.488125 0.11944444444444445 0.488125