9 0.11833333333333333 0.41625 0.14666666666666667 0.41625 0.11833333333333333 0.429375 0.14666666666666667 0.429375
9 0.2816666666666667 0.376875 0.29388888888888887 0.376875 0.2816666666666667 0.388125 0.29388888888888887 0.388125
9 0.2822222222222222 0.38875 0.2927777777777778 0.38875 0.2822222222222222 0.41375 0.2927777777777778 0.41375
9 0.305 0.414375 0.31277777777777777 0.414375 0.305 0.43 0.31277777777777777 0.43
9 0.7794444444444445 0.473125 0.835 0.473125 0.7794444444444445 0.49375 0.835 0.49375
9 0.885 0.3825 0.9255555555555556 0.3825 0.885 0.40125 0.9255555555555556 0.40125
9 0.7766666666666666 0.295 0.8322222222222222 0.295 0.7766666666666666 0.31875 0.8322222222222222 0.31875
9 0.7866666666666666 0.31875 0.835 0.31875 0.7866666666666666 0.373125 0.835 0.373125
7 0.021111111111111112 0.446875 0.03944444444444444 0.446875 0.021111111111111112 0.473125 0.03944444444444444 0.473125
7 0.07944444444444444 0.455625 0.105 0.455625 0.07944444444444444 0.546875 0.105 0.546875
7 0.12333333333333334 0.47 0.15944444444444444 0.47 0.12333333333333334 0.549375 0.15944444444444444 0.549375
7 0.15222222222222223 0.449375 0.195 0.449375 0.15222222222222223 0.553125 0.195 0.553125
7 0.25833333333333336 0.43375 0.27 0.43375 0.25833333333333336 0.480625 0.27 0.480625
7 0.6838888888888889 0.42625 0.7038888888888889 0.42625 0.6838888888888889 0.476875 0.7038888888888889 0.476875
7 0.6972222222222222 0.45375 0.715 0.45375 0.6972222222222222 0.503125 0.715 0.503125
7 0.7066666666666667 0.42625 0.7366666666666667 0.42625 0.7066666666666667 0.514375 0.7366666666666667 0.514375
7 0.7061111111111111 0.425 0.7211111111111111 0.425 0.7061111111111111 0.455625 0.7211111111111111 0.455625
7 0.7722222222222223 0.4325 0.7994444444444444 0.4325 0.7722222222222223 0.5125 0.7994444444444444 0.5125
7 0.7916666666666666 0.415 0.8105555555555556 0.415 0.7916666666666666 0.5075 0.8105555555555556 0.5075
2 0.825 0.4275 0.9127777777777778 0.4275 0.825 0.4875 0.9127777777777778 0.4875
2 0.855 0.413125 0.9994444444444445 0.413125 0.855 0.4975 0.9994444444444445 0.4975
2 0 0.466875 0.09666666666666666 0.466875 0 0.610625 0.09666666666666666 0.610625
2 0.3388888888888889 0.441875 0.38666666666666666 0.441875 0.3388888888888889 0.485 0.38666666666666666 0.485
2 0.4116666666666667 0.443125 0.4216666666666667 0.443125 0.4116666666666667 0.466875 0.4216666666666667 0.466875
2 0.41388888888888886 0.439375 0.4305555555555556 0.439375 0.41388888888888886 0.46375 0.4305555555555556 0.46375
2 0.4266666666666667 0.44 0.44222222222222224 0.44 0.4266666666666667 0.4625 0.44222222222222224 0.4625
2 0.4411111111111111 0.44 0.45222222222222225 0.44 0.4411111111111111 0.45875 0.45222222222222225 0.45875
2 0.38166666666666665 0.4375 0.47833333333333333 0.4375 0.38166666666666665 0.530625 0.47833333333333333 0.530625
2 0.4216666666666667 0.4425 0.4766666666666667 0.4425 0.4216666666666667 0.559375 0.4766666666666667 0.559375
2 0.4211111111111111 0.41875 0.735 0.41875 0.4211111111111111 0.689375 0.735 0.689375
1 0.36 0.40625 0.4127777777777778 0.40625 0.36 0.471875 0.4127777777777778 0.471875