1 0.5683333333333334 0.395 0.6344444444444445 0.395 0.5683333333333334 0.48875 0.6344444444444445 0.48875
4 0.3661111111111111 0.418125 0.3711111111111111 0.418125 0.3661111111111111 0.433125 0.3711111111111111 0.433125
4 0.37722222222222224 0.4225 0.38222222222222224 0.4225 0.37722222222222224 0.43625 0.38222222222222224 0.43625
9 0.7644444444444445 0.34375 0.8105555555555556 0.34375 0.7644444444444445 0.36875 0.8105555555555556 0.36875
9 0.7677777777777778 0.37375 0.78 0.37375 0.7677777777777778 0.3975 0.78 0.3975
9 0.6694444444444444 0.416875 0.675 0.416875 0.6694444444444444 0.431875 0.675 0.431875
9 0.6655555555555556 0.433125 0.6711111111111111 0.433125 0.6655555555555556 0.44875 0.6711111111111111 0.44875
9 0.6294444444444445 0.435 0.6383333333333333 0.435 0.6294444444444445 0.46 0.6383333333333333 0.46
0 0.7411111111111112 0.4825 0.8188888888888889 0.4825 0.7411111111111112 0.61625 0.8188888888888889 0.61625
2 0.9444444444444444 0.49375 0.9994444444444445 0.49375 0.9444444444444444 0.634375 0.9994444444444445 0.634375
2 0.8155555555555556 0.41375 0.9994444444444445 0.41375 0.8155555555555556 0.595625 0.9994444444444445 0.595625
2 0.7116666666666667 0.44375 0.8383333333333334 0.44375 0.7116666666666667 0.540625 0.8383333333333334 0.540625
2 0.6494444444444445 0.425625 0.7522222222222222 0.425625 0.6494444444444445 0.52 0.7522222222222222 0.52
2 0.38666666666666666 0.385625 0.6022222222222222 0.385625 0.38666666666666666 0.615 0.6022222222222222 0.615
2 0 0.344375 0.18055555555555555 0.344375 0 0.706875 0.18055555555555555 0.706875
2 0.07388888888888889 0.381875 0.23944444444444443 0.381875 0.07388888888888889 0.5475 0.23944444444444443 0.5475
2 0.23333333333333334 0.456875 0.3244444444444444 0.456875 0.23333333333333334 0.525 0.3244444444444444 0.525
2 0.30333333333333334 0.46 0.3516666666666667 0.46 0.30333333333333334 0.510625 0.3516666666666667 0.510625
2 0.3322222222222222 0.45875 0.3761111111111111 0.45875 0.3322222222222222 0.50375 0.3761111111111111 0.50375
2 0.3605555555555556 0.4575 0.3861111111111111 0.4575 0.3605555555555556 0.494375 0.3861111111111111 0.494375
7 0.74 0.39875 0.8166666666666667 0.39875 0.74 0.591875 0.8166666666666667 0.591875