7 0.7272222222222222 0.456875 0.8138888888888889 0.456875 0.7272222222222222 0.635625 0.8138888888888889 0.635625
2 0.8611111111111112 0.39875 0.9994444444444445 0.39875 0.8611111111111112 0.665625 0.9994444444444445 0.665625
2 0.7533333333333333 0.453125 0.9266666666666666 0.453125 0.7533333333333333 0.639375 0.9266666666666666 0.639375
2 0.6888888888888889 0.538125 0.7244444444444444 0.538125 0.6888888888888889 0.5725 0.7244444444444444 0.5725
2 0.7055555555555556 0.525625 0.7283333333333334 0.525625 0.7055555555555556 0.543125 0.7283333333333334 0.543125
2 0.6794444444444444 0.534375 0.695 0.534375 0.6794444444444444 0.548125 0.695 0.548125
2 0.6572222222222223 0.526875 0.6716666666666666 0.526875 0.6572222222222223 0.54125 0.6716666666666666 0.54125
2 0.6594444444444445 0.520625 0.6711111111111111 0.520625 0.6594444444444445 0.53 0.6711111111111111 0.53
2 0.6466666666666666 0.51875 0.6594444444444445 0.51875 0.6466666666666666 0.53125 0.6594444444444445 0.53125
2 0.6422222222222222 0.5275 0.6533333333333333 0.5275 0.6422222222222222 0.536875 0.6533333333333333 0.536875
2 0.6305555555555555 0.52875 0.6455555555555555 0.52875 0.6305555555555555 0.54375 0.6455555555555555 0.54375
2 0.6194444444444445 0.533125 0.6388888888888888 0.533125 0.6194444444444445 0.5525 0.6388888888888888 0.5525
2 0.4088888888888889 0.4875 0.5705555555555556 0.4875 0.4088888888888889 0.626875 0.5705555555555556 0.626875
2 0.18611111111111112 0.5175 0.30444444444444446 0.5175 0.18611111111111112 0.6 0.30444444444444446 0.6
2 0.0961111111111111 0.511875 0.19666666666666666 0.511875 0.0961111111111111 0.615625 0.19666666666666666 0.615625
2 0 0.473125 0.11166666666666666 0.473125 0 0.62875 0.11166666666666666 0.62875
2 0.6516666666666666 0.505 0.6638888888888889 0.505 0.6516666666666666 0.51375 0.6638888888888889 0.51375
2 0.3938888888888889 0.536875 0.4166666666666667 0.536875 0.3938888888888889 0.57875 0.4166666666666667 0.57875