9 0.63037109375 0.4739583333333333 0.64697265625 0.4739583333333333 0.63037109375 0.494140625 0.64697265625 0.494140625
9 0.63623046875 0.494140625 0.642578125 0.494140625 0.63623046875 0.4973958333333333 0.642578125 0.4973958333333333
9 0.10009765625 0.4420572916666667 0.1396484375 0.4420572916666667 0.10009765625 0.4544270833333333 0.1396484375 0.4544270833333333
0 0.64404296875 0.53125 0.6669921875 0.53125 0.64404296875 0.603515625 0.6669921875 0.603515625
2 0.48095703125 0.5149739583333334 0.49755859375 0.5149739583333334 0.48095703125 0.5397135416666666 0.49755859375 0.5397135416666666
2 0.458984375 0.5182291666666666 0.4814453125 0.5182291666666666 0.458984375 0.544921875 0.4814453125 0.544921875
2 0.39453125 0.5221354166666666 0.42724609375 0.5221354166666666 0.39453125 0.5631510416666666 0.42724609375 0.5631510416666666
2 0.353515625 0.517578125 0.3955078125 0.517578125 0.353515625 0.5696614583333334 0.3955078125 0.5696614583333334
2 0.3310546875 0.5260416666666666 0.38134765625 0.5260416666666666 0.3310546875 0.5807291666666666 0.38134765625 0.5807291666666666
2 0.29150390625 0.5266927083333334 0.3330078125 0.5266927083333334 0.29150390625 0.5944010416666666 0.3330078125 0.5944010416666666
2 0.212890625 0.5299479166666666 0.3154296875 0.5299479166666666 0.212890625 0.6100260416666666 0.3154296875 0.6100260416666666
7 0.64208984375 0.5143229166666666 0.66796875 0.5143229166666666 0.64208984375 0.5904947916666666 0.66796875 0.5904947916666666
3 0.7275390625 0.5592447916666666 0.7451171875 0.5592447916666666 0.7275390625 0.603515625 0.7451171875 0.603515625