7 0.34326171875 0.5078125 0.36328125 0.5078125 0.34326171875 0.6197916666666666 0.36328125 0.6197916666666666
7 0.6259765625 0.5091145833333334 0.658203125 0.5091145833333334 0.6259765625 0.634765625 0.658203125 0.634765625
7 0.9345703125 0.5065104166666666 0.96728515625 0.5065104166666666 0.9345703125 0.5638020833333334 0.96728515625 0.5638020833333334
0 0.3544921875 0.552734375 0.3974609375 0.552734375 0.3544921875 0.6451822916666666 0.3974609375 0.6451822916666666
2 0.03125 0.5423177083333334 0.11767578125 0.5423177083333334 0.03125 0.7473958333333334 0.11767578125 0.7473958333333334
2 0.2646484375 0.5149739583333334 0.32080078125 0.5149739583333334 0.2646484375 0.5677083333333334 0.32080078125 0.5677083333333334
2 0.3291015625 0.5188802083333334 0.408203125 0.5188802083333334 0.3291015625 0.6009114583333334 0.408203125 0.6009114583333334
2 0.40234375 0.5227864583333334 0.4287109375 0.5227864583333334 0.40234375 0.587890625 0.4287109375 0.587890625
2 0.39794921875 0.50390625 0.443359375 0.50390625 0.39794921875 0.5397135416666666 0.443359375 0.5397135416666666
2 0.443359375 0.5091145833333334 0.4853515625 0.5091145833333334 0.443359375 0.5358072916666666 0.4853515625 0.5358072916666666
2 0.46826171875 0.5091145833333334 0.494140625 0.5091145833333334 0.46826171875 0.5325520833333334 0.494140625 0.5325520833333334
2 0.49462890625 0.51171875 0.5185546875 0.51171875 0.49462890625 0.5325520833333334 0.5185546875 0.5325520833333334
2 0.52001953125 0.5130208333333334 0.53759765625 0.5130208333333334 0.52001953125 0.5305989583333334 0.53759765625 0.5305989583333334
2 0.5361328125 0.51171875 0.54443359375 0.51171875 0.5361328125 0.5299479166666666 0.54443359375 0.5299479166666666
2 0.54248046875 0.5110677083333334 0.54931640625 0.5110677083333334 0.54248046875 0.5266927083333334 0.54931640625 0.5266927083333334
2 0.56298828125 0.5104166666666666 0.587890625 0.5104166666666666 0.56298828125 0.537109375 0.587890625 0.537109375
2 0.76513671875 0.5514322916666666 0.96923828125 0.5514322916666666 0.76513671875 0.7923177083333334 0.96923828125 0.7923177083333334
2 0.72216796875 0.5123697916666666 0.88671875 0.5123697916666666 0.72216796875 0.7102864583333334 0.88671875 0.7102864583333334
2 0.671875 0.5149739583333334 0.75830078125 0.5149739583333334 0.671875 0.6354166666666666 0.75830078125 0.6354166666666666
2 0.65966796875 0.501953125 0.73974609375 0.501953125 0.65966796875 0.5891927083333334 0.73974609375 0.5891927083333334
2 0.615234375 0.5286458333333334 0.62939453125 0.5286458333333334 0.615234375 0.5546875 0.62939453125 0.5546875
2 0.60400390625 0.5247395833333334 0.61669921875 0.5247395833333334 0.60400390625 0.544921875 0.61669921875 0.544921875
2 0.60693359375 0.515625 0.623046875 0.515625 0.60693359375 0.53125 0.623046875 0.53125
2 0.59765625 0.5227864583333334 0.6064453125 0.5227864583333334 0.59765625 0.537109375 0.6064453125 0.537109375
7 0.353515625 0.5078125 0.3974609375 0.5078125 0.353515625 0.6276041666666666 0.3974609375 0.6276041666666666