4 0.3464052287581699 0.3701171875 0.35784313725490197 0.3701171875 0.3464052287581699 0.4013671875 0.35784313725490197 0.4013671875
4 0.33905228758169936 0.4140625 0.34395424836601307 0.4140625 0.33905228758169936 0.4306640625 0.34395424836601307 0.4306640625
4 0.3480392156862745 0.4462890625 0.352124183006536 0.4462890625 0.3480392156862745 0.46484375 0.352124183006536 0.46484375
4 0.010620915032679739 0.4140625 0.031862745098039214 0.4140625 0.010620915032679739 0.4453125 0.031862745098039214 0.4453125
4 0.8872549019607843 0.1923828125 0.9248366013071896 0.1923828125 0.8872549019607843 0.294921875 0.9248366013071896 0.294921875
4 0.8995098039215687 0.4443359375 0.9150326797385621 0.4443359375 0.8995098039215687 0.4931640625 0.9150326797385621 0.4931640625
4 0.184640522875817 0.3994140625 0.19444444444444445 0.3994140625 0.184640522875817 0.4267578125 0.19444444444444445 0.4267578125
9 0.34395424836601307 0.4130859375 0.3602941176470588 0.4130859375 0.34395424836601307 0.4326171875 0.3602941176470588 0.4326171875
9 0.3243464052287582 0.462890625 0.33088235294117646 0.462890625 0.3243464052287582 0.46875 0.33088235294117646 0.46875
9 0.18709150326797386 0.4384765625 0.19852941176470587 0.4384765625 0.18709150326797386 0.4560546875 0.19852941176470587 0.4560546875
9 0.8823529411764706 0.2958984375 0.9281045751633987 0.2958984375 0.8823529411764706 0.3486328125 0.9281045751633987 0.3486328125
9 0.8823529411764706 0.34765625 0.9313725490196079 0.34765625 0.8823529411764706 0.375 0.9313725490196079 0.375
9 0.8725490196078431 0.3017578125 0.9354575163398693 0.3017578125 0.8725490196078431 0.365234375 0.9354575163398693 0.365234375
9 0.8986928104575164 0.419921875 0.9174836601307189 0.419921875 0.8986928104575164 0.4384765625 0.9174836601307189 0.4384765625
9 0.7107843137254902 0.404296875 0.7222222222222222 0.404296875 0.7107843137254902 0.4189453125 0.7222222222222222 0.4189453125
9 0.7099673202614379 0.4169921875 0.7230392156862745 0.4169921875 0.7099673202614379 0.4267578125 0.7230392156862745 0.4267578125
9 0.7140522875816994 0.42578125 0.7189542483660131 0.42578125 0.7140522875816994 0.4365234375 0.7189542483660131 0.4365234375
9 0.7001633986928104 0.43359375 0.7107843137254902 0.43359375 0.7001633986928104 0.4453125 0.7107843137254902 0.4453125
9 0.701797385620915 0.4453125 0.7099673202614379 0.4453125 0.701797385620915 0.4501953125 0.7099673202614379 0.4501953125
7 0.4591503267973856 0.4638671875 0.49264705882352944 0.4638671875 0.4591503267973856 0.578125 0.49264705882352944 0.578125
7 0.08333333333333333 0.455078125 0.11601307189542484 0.455078125 0.08333333333333333 0.50390625 0.11601307189542484 0.50390625
7 0.16258169934640523 0.46484375 0.17401960784313725 0.46484375 0.16258169934640523 0.4931640625 0.17401960784313725 0.4931640625
7 0.14787581699346405 0.4697265625 0.1576797385620915 0.4697265625 0.14787581699346405 0.484375 0.1576797385620915 0.484375
7 0.11519607843137254 0.4736328125 0.12826797385620914 0.4736328125 0.11519607843137254 0.5029296875 0.12826797385620914 0.5029296875
7 0.7083333333333334 0.44140625 0.7263071895424836 0.44140625 0.7083333333333334 0.5029296875 0.7263071895424836 0.5029296875
7 0.704248366013072 0.455078125 0.7124183006535948 0.455078125 0.704248366013072 0.484375 0.7124183006535948 0.484375
0 0.2361111111111111 0.478515625 0.26715686274509803 0.478515625 0.2361111111111111 0.5078125 0.26715686274509803 0.5078125
13 0.059640522875817 0.4521484375 0.12990196078431374 0.4521484375 0.059640522875817 0.498046875 0.12990196078431374 0.498046875
5 0.24754901960784315 0.4736328125 0.28022875816993464 0.4736328125 0.24754901960784315 0.50390625 0.28022875816993464 0.50390625
2 0 0.5029296875 0.2679738562091503 0.5029296875 0 0.82421875 0.2679738562091503 0.82421875
2 0.06535947712418301 0.478515625 0.15441176470588236 0.478515625 0.06535947712418301 0.5078125 0.15441176470588236 0.5078125
2 0.12908496732026145 0.4775390625 0.17483660130718953 0.4775390625 0.12908496732026145 0.509765625 0.17483660130718953 0.509765625
2 0.20833333333333334 0.4755859375 0.255718954248366 0.4755859375 0.20833333333333334 0.5048828125 0.255718954248366 0.5048828125
2 0.40032679738562094 0.4658203125 0.45751633986928103 0.4658203125 0.40032679738562094 0.4951171875 0.45751633986928103 0.4951171875
2 0.4526143790849673 0.462890625 0.7483660130718954 0.462890625 0.4526143790849673 0.7822265625 0.7483660130718954 0.7822265625
7 0.2426470588235294 0.4658203125 0.255718954248366 0.4658203125 0.2426470588235294 0.5029296875 0.255718954248366 0.5029296875
7 0.25163398692810457 0.4658203125 0.2638888888888889 0.4658203125 0.25163398692810457 0.4990234375 0.2638888888888889 0.4990234375