4 0.22900390625 0.498046875 0.2421875 0.498046875 0.22900390625 0.5188802083333334 0.2421875 0.5188802083333334
4 0.64404296875 0.49609375 0.65576171875 0.49609375 0.64404296875 0.5201822916666666 0.65576171875 0.5201822916666666
4 0.49853515625 0.5501302083333334 0.505859375 0.5501302083333334 0.49853515625 0.5598958333333334 0.505859375 0.5598958333333334
4 0.57421875 0.55078125 0.58203125 0.55078125 0.57421875 0.5592447916666666 0.58203125 0.5592447916666666
7 0.79296875 0.537109375 0.81884765625 0.537109375 0.79296875 0.6009114583333334 0.81884765625 0.6009114583333334
7 0.12744140625 0.552734375 0.14306640625 0.552734375 0.12744140625 0.6106770833333334 0.14306640625 0.6106770833333334
7 0.18994140625 0.5533854166666666 0.203125 0.5533854166666666 0.18994140625 0.6002604166666666 0.203125 0.6002604166666666
2 0.56494140625 0.5631510416666666 0.62060546875 0.5631510416666666 0.56494140625 0.619140625 0.62060546875 0.619140625
2 0.6123046875 0.5638020833333334 0.63623046875 0.5638020833333334 0.6123046875 0.6015625 0.63623046875 0.6015625
2 0.4384765625 0.5703125 0.47705078125 0.5703125 0.4384765625 0.6028645833333334 0.47705078125 0.6028645833333334
2 0.54345703125 0.5638020833333334 0.5615234375 0.5638020833333334 0.54345703125 0.5865885416666666 0.5615234375 0.5865885416666666
3 0.6435546875 0.5859375 0.65478515625 0.5859375 0.6435546875 0.625 0.65478515625 0.625