1 0.7214052287581699 0.3994140625 0.7802287581699346 0.3994140625 0.7214052287581699 0.4560546875 0.7802287581699346 0.4560546875
1 0.8529411764705882 0.369140625 0.9991830065359477 0.369140625 0.8529411764705882 0.419921875 0.9991830065359477 0.419921875
1 0 0 0.3480392156862745 0 0 0.6591796875 0.3480392156862745 0.6591796875
4 0.8276143790849673 0.396484375 0.8333333333333334 0.396484375 0.8276143790849673 0.4111328125 0.8333333333333334 0.4111328125
4 0.4068627450980392 0.3642578125 0.4125816993464052 0.3642578125 0.4068627450980392 0.38671875 0.4125816993464052 0.38671875
4 0.6127450980392157 0.3759765625 0.619281045751634 0.3759765625 0.6127450980392157 0.3974609375 0.619281045751634 0.3974609375
9 0.434640522875817 0.373046875 0.4411764705882353 0.373046875 0.434640522875817 0.3798828125 0.4411764705882353 0.3798828125
9 0.5473856209150327 0.384765625 0.5571895424836601 0.384765625 0.5473856209150327 0.396484375 0.5571895424836601 0.396484375
9 0.4632352941176471 0.380859375 0.46977124183006536 0.380859375 0.4632352941176471 0.388671875 0.46977124183006536 0.388671875
2 0.41911764705882354 0.396484375 0.4550653594771242 0.396484375 0.41911764705882354 0.439453125 0.4550653594771242 0.439453125
2 0.45098039215686275 0.3974609375 0.4722222222222222 0.3974609375 0.45098039215686275 0.4267578125 0.4722222222222222 0.4267578125
2 0.4852941176470588 0.40625 0.5147058823529411 0.40625 0.4852941176470588 0.4482421875 0.5147058823529411 0.4482421875
2 0.49673202614379086 0.4072265625 0.5939542483660131 0.4072265625 0.49673202614379086 0.501953125 0.5939542483660131 0.501953125
2 0.6756535947712419 0.40234375 0.7156862745098039 0.40234375 0.6756535947712419 0.4453125 0.7156862745098039 0.4453125
2 0.7900326797385621 0.42578125 0.8333333333333334 0.42578125 0.7900326797385621 0.470703125 0.8333333333333334 0.470703125
2 0.7328431372549019 0.416015625 0.7826797385620915 0.416015625 0.7328431372549019 0.4619140625 0.7826797385620915 0.4619140625
2 0.8333333333333334 0.4140625 0.9493464052287581 0.4140625 0.8333333333333334 0.494140625 0.9493464052287581 0.494140625
2 0.8717320261437909 0.390625 0.9991830065359477 0.390625 0.8717320261437909 0.681640625 0.9991830065359477 0.681640625