4 0.494281045751634 0.3740234375 0.5040849673202614 0.3740234375 0.494281045751634 0.400390625 0.5040849673202614 0.400390625
4 0.7622549019607843 0.3720703125 0.7712418300653595 0.3720703125 0.7622549019607843 0.3974609375 0.7712418300653595 0.3974609375
4 0.0727124183006536 0.3447265625 0.12418300653594772 0.3447265625 0.0727124183006536 0.4072265625 0.12418300653594772 0.4072265625
4 0.006535947712418301 0.34765625 0.049836601307189546 0.34765625 0.006535947712418301 0.41015625 0.049836601307189546 0.41015625
9 0.4452614379084967 0.396484375 0.4632352941176471 0.396484375 0.4452614379084967 0.4169921875 0.4632352941176471 0.4169921875
9 0.5269607843137255 0.41796875 0.5383986928104575 0.41796875 0.5269607843137255 0.4306640625 0.5383986928104575 0.4306640625
9 0.4950980392156863 0.4150390625 0.5065359477124183 0.4150390625 0.4950980392156863 0.4267578125 0.5065359477124183 0.4267578125
9 0.5285947712418301 0.3955078125 0.5359477124183006 0.3955078125 0.5285947712418301 0.4140625 0.5359477124183006 0.4140625
9 0.6650326797385621 0.4033203125 0.6748366013071896 0.4033203125 0.6650326797385621 0.4150390625 0.6748366013071896 0.4150390625
9 0.6666666666666666 0.416015625 0.6748366013071896 0.416015625 0.6666666666666666 0.42578125 0.6748366013071896 0.42578125
9 0.7132352941176471 0.4169921875 0.7434640522875817 0.4169921875 0.7132352941176471 0.4248046875 0.7434640522875817 0.4248046875
7 0 0.4755859375 0.016339869281045753 0.4755859375 0 0.533203125 0.016339869281045753 0.533203125
7 0.12091503267973856 0.458984375 0.1380718954248366 0.458984375 0.12091503267973856 0.5322265625 0.1380718954248366 0.5322265625
7 0.21160130718954248 0.4599609375 0.22058823529411764 0.4599609375 0.21160130718954248 0.482421875 0.22058823529411764 0.482421875
7 0.7712418300653595 0.439453125 0.7867647058823529 0.439453125 0.7712418300653595 0.466796875 0.7867647058823529 0.466796875
7 0.9640522875816994 0.43359375 0.9763071895424836 0.43359375 0.9640522875816994 0.46484375 0.9763071895424836 0.46484375
0 0.08823529411764706 0.5 0.11437908496732026 0.5 0.08823529411764706 0.5400390625 0.11437908496732026 0.5400390625
5 0.43790849673202614 0.4609375 0.45098039215686275 0.4609375 0.43790849673202614 0.4853515625 0.45098039215686275 0.4853515625
5 0.5408496732026143 0.470703125 0.5825163398692811 0.470703125 0.5408496732026143 0.5419921875 0.5825163398692811 0.5419921875
5 0.576797385620915 0.4541015625 0.6094771241830066 0.4541015625 0.576797385620915 0.484375 0.6094771241830066 0.484375
2 0.8300653594771242 0.4423828125 0.9991830065359477 0.4423828125 0.8300653594771242 0.8037109375 0.9991830065359477 0.8037109375
2 0.3284313725490196 0.4599609375 0.3888888888888889 0.4599609375 0.3284313725490196 0.513671875 0.3888888888888889 0.513671875
2 0.5923202614379085 0.4462890625 0.6241830065359477 0.4462890625 0.5923202614379085 0.4794921875 0.6241830065359477 0.4794921875
2 0.4820261437908497 0.4501953125 0.5098039215686274 0.4501953125 0.4820261437908497 0.4755859375 0.5098039215686274 0.4755859375
2 0.5555555555555556 0.4345703125 0.5678104575163399 0.4345703125 0.5555555555555556 0.4453125 0.5678104575163399 0.4453125
2 0.5351307189542484 0.4365234375 0.5473856209150327 0.4365234375 0.5351307189542484 0.451171875 0.5473856209150327 0.451171875
7 0.08905228758169935 0.466796875 0.10784313725490197 0.466796875 0.08905228758169935 0.5263671875 0.10784313725490197 0.5263671875
7 0.4387254901960784 0.455078125 0.4493464052287582 0.455078125 0.4387254901960784 0.478515625 0.4493464052287582 0.478515625
7 0.5473856209150327 0.4453125 0.5800653594771242 0.4453125 0.5473856209150327 0.5224609375 0.5800653594771242 0.5224609375
7 0.5808823529411765 0.443359375 0.5947712418300654 0.443359375 0.5808823529411765 0.4765625 0.5947712418300654 0.4765625