9 0.8466666666666667 0.390625 0.8533333333333334 0.390625 0.8466666666666667 0.415625 0.8533333333333334 0.415625
9 0.7327777777777778 0.413125 0.7366666666666667 0.413125 0.7327777777777778 0.431875 0.7366666666666667 0.431875
9 0.7061111111111111 0.418125 0.71 0.418125 0.7061111111111111 0.435625 0.71 0.435625
9 0.6905555555555556 0.419375 0.6933333333333334 0.419375 0.6905555555555556 0.434375 0.6933333333333334 0.434375
9 0.67 0.425 0.6733333333333333 0.425 0.67 0.439375 0.6733333333333333 0.439375
7 0.5672222222222222 0.4325 0.6038888888888889 0.4325 0.5672222222222222 0.55875 0.6038888888888889 0.55875
7 0.5133333333333333 0.435625 0.5533333333333333 0.435625 0.5133333333333333 0.5625 0.5533333333333333 0.5625
2 0.545 0.45125 0.69 0.45125 0.545 0.528125 0.69 0.528125
2 0.545 0.446875 0.6116666666666667 0.446875 0.545 0.471875 0.6116666666666667 0.471875
2 0.4622222222222222 0.43125 0.5655555555555556 0.43125 0.4622222222222222 0.49875 0.5655555555555556 0.49875
2 0.38555555555555554 0.46375 0.4172222222222222 0.46375 0.38555555555555554 0.48625 0.4172222222222222 0.48625
2 0.4161111111111111 0.466875 0.42944444444444446 0.466875 0.4161111111111111 0.48125 0.42944444444444446 0.48125
2 0 0.41625 0.29333333333333333 0.41625 0 0.689375 0.29333333333333333 0.689375
2 0.23777777777777778 0.45875 0.26666666666666666 0.45875 0.23777777777777778 0.474375 0.26666666666666666 0.474375
2 0.29333333333333333 0.46125 0.31777777777777777 0.46125 0.29333333333333333 0.48 0.31777777777777777 0.48
6 0.37 0.46 0.3888888888888889 0.46 0.37 0.4825 0.3888888888888889 0.4825