9 0.5561111111111111 0.43625 0.5661111111111111 0.43625 0.5561111111111111 0.449375 0.5661111111111111 0.449375
9 0.5366666666666666 0.44 0.545 0.44 0.5366666666666666 0.451875 0.545 0.451875
9 0.40055555555555555 0.440625 0.4077777777777778 0.440625 0.40055555555555555 0.448125 0.4077777777777778 0.448125
7 0.3161111111111111 0.450625 0.3372222222222222 0.450625 0.3161111111111111 0.515625 0.3372222222222222 0.515625
2 0.6838888888888889 0.44625 0.86 0.44625 0.6838888888888889 0.5775 0.86 0.5775
2 0.6388888888888888 0.449375 0.7227777777777777 0.449375 0.6388888888888888 0.541875 0.7227777777777777 0.541875
2 0.6038888888888889 0.44375 0.6938888888888889 0.44375 0.6038888888888889 0.5225 0.6938888888888889 0.5225
2 0.5855555555555556 0.455625 0.6222222222222222 0.455625 0.5855555555555556 0.510625 0.6222222222222222 0.510625
2 0.5711111111111111 0.45375 0.6077777777777778 0.45375 0.5711111111111111 0.50125 0.6077777777777778 0.50125
2 0.5444444444444444 0.4575 0.58 0.4575 0.5444444444444444 0.489375 0.58 0.489375
2 0.54 0.459375 0.5527777777777778 0.459375 0.54 0.484375 0.5527777777777778 0.484375
2 0.5233333333333333 0.456875 0.55 0.456875 0.5233333333333333 0.4825 0.55 0.4825
2 0.5083333333333333 0.45375 0.5277777777777778 0.45375 0.5083333333333333 0.473125 0.5277777777777778 0.473125
2 0.5038888888888889 0.45375 0.5116666666666667 0.45375 0.5038888888888889 0.46875 0.5116666666666667 0.46875
2 0.49833333333333335 0.451875 0.5083333333333333 0.451875 0.49833333333333335 0.464375 0.5083333333333333 0.464375
2 0.45 0.454375 0.4572222222222222 0.454375 0.45 0.464375 0.4572222222222222 0.464375
2 0.44 0.45375 0.4533333333333333 0.45375 0.44 0.46625 0.4533333333333333 0.46625
2 0.44055555555555553 0.456875 0.4494444444444444 0.456875 0.44055555555555553 0.4675 0.4494444444444444 0.4675
2 0.43277777777777776 0.4575 0.44333333333333336 0.4575 0.43277777777777776 0.470625 0.44333333333333336 0.470625
2 0.41444444444444445 0.455625 0.43722222222222223 0.455625 0.41444444444444445 0.47375 0.43722222222222223 0.47375
2 0.39611111111111114 0.45875 0.4116666666666667 0.45875 0.39611111111111114 0.4825 0.4116666666666667 0.4825
2 0.38666666666666666 0.45875 0.40166666666666667 0.45875 0.38666666666666666 0.484375 0.40166666666666667 0.484375
2 0.3616666666666667 0.459375 0.3938888888888889 0.459375 0.3616666666666667 0.4875 0.3938888888888889 0.4875
2 0.3511111111111111 0.46 0.37166666666666665 0.46 0.3511111111111111 0.495 0.37166666666666665 0.495
2 0.32666666666666666 0.458125 0.3616666666666667 0.458125 0.32666666666666666 0.500625 0.3616666666666667 0.500625
2 0.2922222222222222 0.460625 0.31722222222222224 0.460625 0.2922222222222222 0.504375 0.31722222222222224 0.504375
2 0.23944444444444443 0.46125 0.31055555555555553 0.46125 0.23944444444444443 0.52 0.31055555555555553 0.52
2 0.16166666666666665 0.460625 0.24055555555555555 0.460625 0.16166666666666665 0.545625 0.24055555555555555 0.545625
2 0 0.428125 0.17444444444444446 0.428125 0 0.57125 0.17444444444444446 0.57125