9 0.5866666666666667 0.43875 0.5922222222222222 0.43875 0.5866666666666667 0.446875 0.5922222222222222 0.446875
9 0.4911111111111111 0.42125 0.4988888888888889 0.42125 0.4911111111111111 0.434375 0.4988888888888889 0.434375
7 0.5405555555555556 0.4425 0.5505555555555556 0.4425 0.5405555555555556 0.47625 0.5505555555555556 0.47625
7 0.5783333333333334 0.44625 0.5844444444444444 0.44625 0.5783333333333334 0.468125 0.5844444444444444 0.468125
7 0.05333333333333334 0.4325 0.06833333333333333 0.4325 0.05333333333333334 0.464375 0.06833333333333333 0.464375
7 0.7188888888888889 0.431875 0.7305555555555555 0.431875 0.7188888888888889 0.465 0.7305555555555555 0.465
0 0.5655555555555556 0.45875 0.5755555555555556 0.45875 0.5655555555555556 0.473125 0.5755555555555556 0.473125
0 0.6344444444444445 0.45875 0.6561111111111111 0.45875 0.6344444444444445 0.495 0.6561111111111111 0.495
2 0.08666666666666667 0.441875 0.16166666666666665 0.441875 0.08666666666666667 0.46625 0.16166666666666665 0.46625
2 0.16444444444444445 0.443125 0.2561111111111111 0.443125 0.16444444444444445 0.490625 0.2561111111111111 0.490625
2 0.25333333333333335 0.4425 0.3461111111111111 0.4425 0.25333333333333335 0.4975 0.3461111111111111 0.4975
2 0.33111111111111113 0.445625 0.37222222222222223 0.445625 0.33111111111111113 0.4875 0.37222222222222223 0.4875
2 0.3894444444444444 0.439375 0.4211111111111111 0.439375 0.3894444444444444 0.4575 0.4211111111111111 0.4575
2 0.41555555555555557 0.4425 0.45944444444444443 0.4425 0.41555555555555557 0.47125 0.45944444444444443 0.47125
2 0.4483333333333333 0.438125 0.47888888888888886 0.438125 0.4483333333333333 0.475625 0.47888888888888886 0.475625
2 0.47833333333333333 0.443125 0.5061111111111111 0.443125 0.47833333333333333 0.4725 0.5061111111111111 0.4725
2 0.5038888888888889 0.45 0.5261111111111111 0.45 0.5038888888888889 0.471875 0.5261111111111111 0.471875
2 0.5955555555555555 0.45125 0.6266666666666667 0.45125 0.5955555555555555 0.470625 0.6266666666666667 0.470625
2 0.6555555555555556 0.451875 0.6816666666666666 0.451875 0.6555555555555556 0.47 0.6816666666666666 0.47
7 0.5666666666666667 0.444375 0.5744444444444444 0.444375 0.5666666666666667 0.468125 0.5744444444444444 0.468125
7 0.6333333333333333 0.43375 0.6544444444444445 0.43375 0.6333333333333333 0.48625 0.6544444444444445 0.48625