1 0.5310457516339869 0.3125 0.6037581699346405 0.3125 0.5310457516339869 0.3759765625 0.6037581699346405 0.3759765625
4 0.04656862745098039 0.0068359375 0.11356209150326797 0.0068359375 0.04656862745098039 0.1787109375 0.11356209150326797 0.1787109375
4 0.2867647058823529 0.2138671875 0.3145424836601307 0.2138671875 0.2867647058823529 0.2880859375 0.3145424836601307 0.2880859375
9 0.40604575163398693 0.37109375 0.42483660130718953 0.37109375 0.40604575163398693 0.3759765625 0.42483660130718953 0.3759765625
7 0.14950980392156862 0.3583984375 0.16911764705882354 0.3583984375 0.14950980392156862 0.4189453125 0.16911764705882354 0.4189453125
7 0.17483660130718953 0.3623046875 0.20669934640522875 0.3623046875 0.17483660130718953 0.443359375 0.20669934640522875 0.443359375
7 0.17647058823529413 0.361328125 0.1919934640522876 0.361328125 0.17647058823529413 0.4189453125 0.1919934640522876 0.4189453125
7 0.20669934640522875 0.36328125 0.23447712418300654 0.36328125 0.20669934640522875 0.4462890625 0.23447712418300654 0.4462890625
7 0.2042483660130719 0.3671875 0.21568627450980393 0.3671875 0.2042483660130719 0.4228515625 0.21568627450980393 0.4228515625
7 0.22303921568627452 0.365234375 0.24019607843137256 0.365234375 0.22303921568627452 0.43359375 0.24019607843137256 0.43359375
7 0.9722222222222222 0.4130859375 0.9991830065359477 0.4130859375 0.9722222222222222 0.5302734375 0.9991830065359477 0.5302734375
7 0.9076797385620915 0.421875 0.9297385620915033 0.421875 0.9076797385620915 0.4853515625 0.9297385620915033 0.4853515625
7 0.8709150326797386 0.4208984375 0.8897058823529411 0.4208984375 0.8709150326797386 0.4833984375 0.8897058823529411 0.4833984375
7 0.8700980392156863 0.4169921875 0.8823529411764706 0.4169921875 0.8700980392156863 0.482421875 0.8823529411764706 0.482421875
7 0.8366013071895425 0.423828125 0.8537581699346405 0.423828125 0.8366013071895425 0.443359375 0.8537581699346405 0.443359375
7 0.8137254901960784 0.4189453125 0.8276143790849673 0.4189453125 0.8137254901960784 0.4814453125 0.8276143790849673 0.4814453125
7 0.803921568627451 0.41796875 0.8161764705882353 0.41796875 0.803921568627451 0.462890625 0.8161764705882353 0.462890625
7 0.7900326797385621 0.4208984375 0.8031045751633987 0.4208984375 0.7900326797385621 0.462890625 0.8031045751633987 0.462890625
7 0.7083333333333334 0.4140625 0.7214052287581699 0.4140625 0.7083333333333334 0.4482421875 0.7214052287581699 0.4482421875
7 0.6944444444444444 0.4072265625 0.7066993464052288 0.4072265625 0.6944444444444444 0.447265625 0.7066993464052288 0.447265625
2 0.4035947712418301 0.3759765625 0.45751633986928103 0.3759765625 0.4035947712418301 0.4482421875 0.45751633986928103 0.4482421875
2 0.4526143790849673 0.3818359375 0.4730392156862745 0.3818359375 0.4526143790849673 0.435546875 0.4730392156862745 0.435546875
2 0.477124183006536 0.37109375 0.6380718954248366 0.37109375 0.477124183006536 0.546875 0.6380718954248366 0.546875
2 0.6258169934640523 0.3896484375 0.6723856209150327 0.3896484375 0.6258169934640523 0.482421875 0.6723856209150327 0.482421875