9 0.5171875 0.404296875 0.53046875 0.404296875 0.5171875 0.419921875 0.53046875 0.419921875
9 0.3625 0.4208984375 0.37265625 0.4208984375 0.3625 0.43359375 0.37265625 0.43359375
7 0.47578125 0.447265625 0.4890625 0.447265625 0.47578125 0.5087890625 0.4890625 0.5087890625
0 0.3890625 0.478515625 0.3953125 0.478515625 0.3890625 0.51171875 0.3953125 0.51171875
0 0.2640625 0.51953125 0.29375 0.51953125 0.2640625 0.5966796875 0.29375 0.5966796875
0 0.74375 0.4658203125 0.78203125 0.4658203125 0.74375 0.50390625 0.78203125 0.50390625
0 0.80078125 0.466796875 0.846875 0.466796875 0.80078125 0.50390625 0.846875 0.50390625
0 0.78046875 0.4638671875 0.82109375 0.4638671875 0.78046875 0.50390625 0.82109375 0.50390625
2 0.5265625 0.4501953125 0.5984375 0.4501953125 0.5265625 0.537109375 0.5984375 0.537109375
2 0.0078125 0.48046875 0.2046875 0.48046875 0.0078125 0.6767578125 0.2046875 0.6767578125
2 0.86328125 0.6533203125 0.99921875 0.6533203125 0.86328125 0.96484375 0.99921875 0.96484375
2 0.6140625 0.5107421875 0.778125 0.5107421875 0.6140625 0.66015625 0.778125 0.66015625
2 0.57734375 0.4951171875 0.6859375 0.4951171875 0.57734375 0.6083984375 0.6859375 0.6083984375
2 0.56328125 0.4677734375 0.66484375 0.4677734375 0.56328125 0.5673828125 0.66484375 0.5673828125
2 0.51796875 0.4677734375 0.5390625 0.4677734375 0.51796875 0.529296875 0.5390625 0.529296875
2 0.5125 0.455078125 0.5375 0.455078125 0.5125 0.515625 0.5375 0.515625
2 0.4828125 0.4482421875 0.52421875 0.4482421875 0.4828125 0.5078125 0.52421875 0.5078125
2 0.44375 0.447265625 0.4703125 0.447265625 0.44375 0.48046875 0.4703125 0.48046875
2 0.18359375 0.4951171875 0.26953125 0.4951171875 0.18359375 0.583984375 0.26953125 0.583984375
2 0.26640625 0.474609375 0.32421875 0.474609375 0.26640625 0.5361328125 0.32421875 0.5361328125
2 0.296875 0.466796875 0.3421875 0.466796875 0.296875 0.5166015625 0.3421875 0.5166015625
2 0.3296875 0.466796875 0.3515625 0.466796875 0.3296875 0.5107421875 0.3515625 0.5107421875
2 0.31875 0.451171875 0.36796875 0.451171875 0.31875 0.501953125 0.36796875 0.501953125
2 0.36015625 0.453125 0.38359375 0.453125 0.36015625 0.48828125 0.38359375 0.48828125
2 0.38125 0.44921875 0.403125 0.44921875 0.38125 0.4736328125 0.403125 0.4736328125
2 0.3984375 0.447265625 0.41328125 0.447265625 0.3984375 0.470703125 0.41328125 0.470703125
2 0.4109375 0.4482421875 0.42265625 0.4482421875 0.4109375 0.466796875 0.42265625 0.466796875
2 0.03671875 0.4619140625 0.140625 0.4619140625 0.03671875 0.509765625 0.140625 0.509765625
2 0.4234375 0.451171875 0.43359375 0.451171875 0.4234375 0.4619140625 0.43359375 0.4619140625
2 0.58828125 0.4453125 0.61875 0.4453125 0.58828125 0.46875 0.61875 0.46875
7 0.43203125 0.4443359375 0.44609375 0.4443359375 0.43203125 0.5048828125 0.44609375 0.5048828125
7 0.38203125 0.447265625 0.40078125 0.447265625 0.38203125 0.5078125 0.40078125 0.5078125
7 0.26015625 0.47265625 0.29375 0.47265625 0.26015625 0.5830078125 0.29375 0.5830078125
10 0.4375 0.5029296875 0.4453125 0.5029296875 0.4375 0.5087890625 0.4453125 0.5087890625