4 0.5351307189542484 0.484375 0.5375816993464052 0.484375 0.5351307189542484 0.4921875 0.5375816993464052 0.4921875
4 0.21895424836601307 0.4619140625 0.2246732026143791 0.4619140625 0.21895424836601307 0.4794921875 0.2246732026143791 0.4794921875
4 0.4035947712418301 0.46875 0.41094771241830064 0.46875 0.4035947712418301 0.4736328125 0.41094771241830064 0.4736328125
9 0.8398692810457516 0.380859375 0.8733660130718954 0.380859375 0.8398692810457516 0.4208984375 0.8733660130718954 0.4208984375
9 0.8439542483660131 0.4208984375 0.869281045751634 0.4208984375 0.8439542483660131 0.443359375 0.869281045751634 0.443359375
9 0.8660130718954249 0.443359375 0.8962418300653595 0.443359375 0.8660130718954249 0.4677734375 0.8962418300653595 0.4677734375
9 0.6813725490196079 0.4345703125 0.6936274509803921 0.4345703125 0.6813725490196079 0.451171875 0.6936274509803921 0.451171875
9 0.6838235294117647 0.451171875 0.6944444444444444 0.451171875 0.6838235294117647 0.4658203125 0.6944444444444444 0.4658203125
9 0.6838235294117647 0.4658203125 0.6952614379084967 0.4658203125 0.6838235294117647 0.4814453125 0.6952614379084967 0.4814453125
9 0.6258169934640523 0.490234375 0.6805555555555556 0.490234375 0.6258169934640523 0.517578125 0.6805555555555556 0.517578125
9 0.5661764705882353 0.48828125 0.6176470588235294 0.48828125 0.5661764705882353 0.515625 0.6176470588235294 0.515625
7 0.815359477124183 0.4912109375 0.8308823529411765 0.4912109375 0.815359477124183 0.541015625 0.8308823529411765 0.541015625
7 0.8022875816993464 0.4931640625 0.8145424836601307 0.4931640625 0.8022875816993464 0.5458984375 0.8145424836601307 0.5458984375
7 0.7361111111111112 0.4951171875 0.7467320261437909 0.4951171875 0.7361111111111112 0.5283203125 0.7467320261437909 0.5283203125
13 0.45751633986928103 0.4580078125 0.5261437908496732 0.4580078125 0.45751633986928103 0.5400390625 0.5261437908496732 0.5400390625
5 0.7099673202614379 0.5107421875 0.7532679738562091 0.5107421875 0.7099673202614379 0.5400390625 0.7532679738562091 0.5400390625
2 0.3946078431372549 0.5107421875 0.545751633986928 0.5107421875 0.3946078431372549 0.666015625 0.545751633986928 0.666015625
2 0.39624183006535946 0.5107421875 0.45098039215686275 0.5107421875 0.39624183006535946 0.556640625 0.45098039215686275 0.556640625
2 0.3047385620915033 0.5185546875 0.40931372549019607 0.5185546875 0.3047385620915033 0.6044921875 0.40931372549019607 0.6044921875
2 0.34558823529411764 0.505859375 0.36356209150326796 0.505859375 0.34558823529411764 0.5185546875 0.36356209150326796 0.5185546875
2 0.32107843137254904 0.50390625 0.34558823529411764 0.50390625 0.32107843137254904 0.5224609375 0.34558823529411764 0.5224609375
2 0.2973856209150327 0.5078125 0.32598039215686275 0.5078125 0.2973856209150327 0.537109375 0.32598039215686275 0.537109375
2 0.2589869281045752 0.5087890625 0.30392156862745096 0.5087890625 0.2589869281045752 0.5419921875 0.30392156862745096 0.5419921875
2 0.4477124183006536 0.5078125 0.46078431372549017 0.5078125 0.4477124183006536 0.5205078125 0.46078431372549017 0.5205078125
2 0.5220588235294118 0.5048828125 0.5367647058823529 0.5048828125 0.5220588235294118 0.5263671875 0.5367647058823529 0.5263671875