4 0.015 0.28125 0.03944444444444444 0.28125 0.015 0.356875 0.03944444444444444 0.356875
4 0.008888888888888889 0.379375 0.029444444444444443 0.379375 0.008888888888888889 0.400625 0.029444444444444443 0.400625
4 0.1288888888888889 0.28 0.14166666666666666 0.28 0.1288888888888889 0.32125 0.14166666666666666 0.32125
4 0.16944444444444445 0.316875 0.18 0.316875 0.16944444444444445 0.35 0.18 0.35
4 0.20722222222222222 0.40375 0.21611111111111111 0.40375 0.20722222222222222 0.429375 0.21611111111111111 0.429375
4 0.20444444444444446 0.4375 0.2127777777777778 0.4375 0.20444444444444446 0.45 0.2127777777777778 0.45
4 0.2611111111111111 0.40375 0.27055555555555555 0.40375 0.2611111111111111 0.43125 0.27055555555555555 0.43125
4 0.26 0.439375 0.2677777777777778 0.439375 0.26 0.44875 0.2677777777777778 0.44875
4 0.5761111111111111 0.4025 0.5866666666666667 0.4025 0.5761111111111111 0.429375 0.5866666666666667 0.429375
4 0.5788888888888889 0.4375 0.5866666666666667 0.4375 0.5788888888888889 0.445625 0.5866666666666667 0.445625
4 0.6594444444444445 0.400625 0.6716666666666666 0.400625 0.6594444444444445 0.4275 0.6716666666666666 0.4275
4 0.7827777777777778 0.383125 0.8077777777777778 0.383125 0.7827777777777778 0.409375 0.8077777777777778 0.409375
4 0.7772222222222223 0.276875 0.8116666666666666 0.276875 0.7772222222222223 0.356875 0.8116666666666666 0.356875
4 0.7694444444444445 0.284375 0.8005555555555556 0.284375 0.7694444444444445 0.363125 0.8005555555555556 0.363125
4 0.7827777777777778 0.24125 0.7977777777777778 0.24125 0.7827777777777778 0.276875 0.7977777777777778 0.276875
4 0.7377777777777778 0.2625 0.7527777777777778 0.2625 0.7377777777777778 0.305 0.7527777777777778 0.305
4 0.9061111111111111 0.319375 0.9266666666666666 0.319375 0.9061111111111111 0.38375 0.9266666666666666 0.38375
4 0.915 0.399375 0.9316666666666666 0.399375 0.915 0.42125 0.9316666666666666 0.42125
9 0.058888888888888886 0.44875 0.06833333333333333 0.44875 0.058888888888888886 0.473125 0.06833333333333333 0.473125
9 0.045 0.428125 0.051666666666666666 0.428125 0.045 0.445625 0.051666666666666666 0.445625
9 0.07 0.43625 0.075 0.43625 0.07 0.449375 0.075 0.449375
9 0.17166666666666666 0.368125 0.18777777777777777 0.368125 0.17166666666666666 0.385 0.18777777777777777 0.385
9 0.52 0.43875 0.5277777777777778 0.43875 0.52 0.45 0.5277777777777778 0.45
9 0.7777777777777778 0.45375 0.7844444444444445 0.45375 0.7777777777777778 0.4775 0.7844444444444445 0.4775
9 0.7705555555555555 0.483125 0.7911111111111111 0.483125 0.7705555555555555 0.493125 0.7911111111111111 0.493125
9 0.8472222222222222 0.290625 0.8838888888888888 0.290625 0.8472222222222222 0.3225 0.8838888888888888 0.3225
0 0.3005555555555556 0.496875 0.605 0.496875 0.3005555555555556 0.710625 0.605 0.710625
2 0 0.4575 0.04388888888888889 0.4575 0 0.49375 0.04388888888888889 0.49375
2 0.30777777777777776 0.4575 0.3566666666666667 0.4575 0.30777777777777776 0.5 0.3566666666666667 0.5
2 0.49666666666666665 0.461875 0.52 0.461875 0.49666666666666665 0.485625 0.52 0.485625
2 0.4922222222222222 0.460625 0.505 0.460625 0.4922222222222222 0.475625 0.505 0.475625
2 0.4872222222222222 0.458125 0.5022222222222222 0.458125 0.4872222222222222 0.47125 0.5022222222222222 0.47125
7 0.38055555555555554 0.385625 0.5311111111111111 0.385625 0.38055555555555554 0.66625 0.5311111111111111 0.66625
3 0.745 0.483125 0.7511111111111111 0.483125 0.745 0.495625 0.7511111111111111 0.495625