2 0 0.4275 0.23 0.4275 0 0.6375 0.23 0.6375
2 0.19444444444444445 0.449375 0.295 0.449375 0.19444444444444445 0.4975 0.295 0.4975
2 0.3011111111111111 0.46 0.33611111111111114 0.46 0.3011111111111111 0.4775 0.33611111111111114 0.4775
2 0.3416666666666667 0.45625 0.38055555555555554 0.45625 0.3416666666666667 0.48375 0.38055555555555554 0.48375
2 0.4305555555555556 0.446875 0.48944444444444446 0.446875 0.4305555555555556 0.486875 0.48944444444444446 0.486875
2 0.4861111111111111 0.444375 0.5455555555555556 0.444375 0.4861111111111111 0.468125 0.5455555555555556 0.468125
2 0.5438888888888889 0.42375 0.6994444444444444 0.42375 0.5438888888888889 0.524375 0.6994444444444444 0.524375
2 0.5877777777777777 0.405625 0.7894444444444444 0.405625 0.5877777777777777 0.556875 0.7894444444444444 0.556875
2 0.7522222222222222 0.38375 0.9994444444444445 0.38375 0.7522222222222222 0.605625 0.9994444444444445 0.605625
2 0.41333333333333333 0.455625 0.43333333333333335 0.455625 0.41333333333333333 0.475 0.43333333333333335 0.475
2 0.27555555555555555 0.460625 0.30722222222222223 0.460625 0.27555555555555555 0.48125 0.30722222222222223 0.48125