9 0.528125 0.4169921875 0.5515625 0.4169921875 0.528125 0.4443359375 0.5515625 0.4443359375
2 0.19296875 0.4658203125 0.21875 0.4658203125 0.19296875 0.4912109375 0.21875 0.4912109375
2 0.23046875 0.4716796875 0.253125 0.4716796875 0.23046875 0.4873046875 0.253125 0.4873046875
2 0.2546875 0.458984375 0.290625 0.458984375 0.2546875 0.5 0.290625 0.5
2 0.3765625 0.4609375 0.3984375 0.4609375 0.3765625 0.4765625 0.3984375 0.4765625
2 0.4 0.4560546875 0.43046875 0.4560546875 0.4 0.490234375 0.43046875 0.490234375
2 0.46328125 0.46484375 0.50234375 0.46484375 0.46328125 0.4990234375 0.50234375 0.4990234375
2 0.496875 0.4658203125 0.54921875 0.4658203125 0.496875 0.505859375 0.54921875 0.505859375
2 0.55390625 0.453125 0.63125 0.453125 0.55390625 0.53125 0.63125 0.53125
2 0.70078125 0.4228515625 0.7671875 0.4228515625 0.70078125 0.462890625 0.7671875 0.462890625
2 0.94140625 0.41015625 0.97890625 0.41015625 0.94140625 0.4970703125 0.97890625 0.4970703125
2 0.76796875 0.4892578125 0.99921875 0.4892578125 0.76796875 0.7236328125 0.99921875 0.7236328125
3 0.02734375 0.5234375 0.03828125 0.5234375 0.02734375 0.5478515625 0.03828125 0.5478515625