9 0.08823529411764706 0.1787109375 0.22630718954248366 0.1787109375 0.08823529411764706 0.2841796875 0.22630718954248366 0.2841796875
9 0.1315359477124183 0.1552734375 0.1830065359477124 0.1552734375 0.1315359477124183 0.1787109375 0.1830065359477124 0.1787109375
9 0.22712418300653595 0.1455078125 0.36764705882352944 0.1455078125 0.22712418300653595 0.2802734375 0.36764705882352944 0.2802734375
9 0.25163398692810457 0.1240234375 0.2949346405228758 0.1240234375 0.25163398692810457 0.146484375 0.2949346405228758 0.146484375
9 0.2973856209150327 0.1220703125 0.34068627450980393 0.1220703125 0.2973856209150327 0.1455078125 0.34068627450980393 0.1455078125
9 0.45669934640522875 0 0.4991830065359477 0 0.45669934640522875 0.0205078125 0.4991830065359477 0.0205078125
9 0.5016339869281046 0 0.5424836601307189 0 0.5016339869281046 0.01953125 0.5424836601307189 0.01953125
9 0.4027777777777778 0.169921875 0.6143790849673203 0.169921875 0.4027777777777778 0.2763671875 0.6143790849673203 0.2763671875
9 0.39950980392156865 0.021484375 0.6111111111111112 0.021484375 0.39950980392156865 0.095703125 0.6111111111111112 0.095703125
9 0.09313725490196079 0.4248046875 0.14787581699346405 0.4248046875 0.09313725490196079 0.4384765625 0.14787581699346405 0.4384765625
9 0.19852941176470587 0.421875 0.25 0.421875 0.19852941176470587 0.439453125 0.25 0.439453125
9 0.4722222222222222 0.439453125 0.4918300653594771 0.439453125 0.4722222222222222 0.4541015625 0.4918300653594771 0.4541015625
13 0.4918300653594771 0.458984375 0.5040849673202614 0.458984375 0.4918300653594771 0.4794921875 0.5040849673202614 0.4794921875
2 0.5310457516339869 0.46875 0.5866013071895425 0.46875 0.5310457516339869 0.5244140625 0.5866013071895425 0.5244140625
2 0.42401960784313725 0.4794921875 0.5065359477124183 0.4794921875 0.42401960784313725 0.560546875 0.5065359477124183 0.560546875
2 0.4158496732026144 0.466796875 0.42892156862745096 0.466796875 0.4158496732026144 0.4814453125 0.42892156862745096 0.4814453125
2 0.43709150326797386 0.4677734375 0.4493464052287582 0.4677734375 0.43709150326797386 0.4814453125 0.4493464052287582 0.4814453125
2 0.4485294117647059 0.4677734375 0.45669934640522875 0.4677734375 0.4485294117647059 0.4794921875 0.45669934640522875 0.4794921875
2 0.48856209150326796 0.4697265625 0.5008169934640523 0.4697265625 0.48856209150326796 0.482421875 0.5008169934640523 0.482421875
2 0.4730392156862745 0.466796875 0.48366013071895425 0.466796875 0.4730392156862745 0.48046875 0.48366013071895425 0.48046875
2 0.05228758169934641 0.48046875 0.07352941176470588 0.48046875 0.05228758169934641 0.4892578125 0.07352941176470588 0.4892578125
2 0.0718954248366013 0.4833984375 0.13398692810457516 0.4833984375 0.0718954248366013 0.505859375 0.13398692810457516 0.505859375
2 0.26633986928104575 0.474609375 0.2818627450980392 0.474609375 0.26633986928104575 0.4873046875 0.2818627450980392 0.4873046875
2 0.25163398692810457 0.4765625 0.27369281045751637 0.4765625 0.25163398692810457 0.48828125 0.27369281045751637 0.48828125
2 0.2173202614379085 0.4755859375 0.25 0.4755859375 0.2173202614379085 0.4921875 0.25 0.4921875
2 0.2916666666666667 0.4736328125 0.309640522875817 0.4736328125 0.2916666666666667 0.4833984375 0.309640522875817 0.4833984375
2 0.309640522875817 0.4716796875 0.3235294117647059 0.4716796875 0.309640522875817 0.4833984375 0.3235294117647059 0.4833984375