1 0.056372549019607844 0.443359375 0.23039215686274508 0.443359375 0.056372549019607844 0.560546875 0.23039215686274508 0.560546875
1 0.41748366013071897 0.4892578125 0.434640522875817 0.4892578125 0.41748366013071897 0.5087890625 0.434640522875817 0.5087890625
1 0.4477124183006536 0.484375 0.4632352941176471 0.484375 0.4477124183006536 0.5009765625 0.4632352941176471 0.5009765625
4 0.6601307189542484 0.4560546875 0.6658496732026143 0.4560546875 0.6601307189542484 0.4775390625 0.6658496732026143 0.4775390625
9 0.7704248366013072 0.4677734375 0.7843137254901961 0.4677734375 0.7704248366013072 0.4833984375 0.7843137254901961 0.4833984375
9 0.636437908496732 0.4677734375 0.6454248366013072 0.4677734375 0.636437908496732 0.478515625 0.6454248366013072 0.478515625
7 0.6405228758169934 0.501953125 0.6495098039215687 0.501953125 0.6405228758169934 0.5390625 0.6495098039215687 0.5390625
7 0.6078431372549019 0.482421875 0.6200980392156863 0.482421875 0.6078431372549019 0.5068359375 0.6200980392156863 0.5068359375
7 0.37173202614379086 0.5 0.3790849673202614 0.5 0.37173202614379086 0.5234375 0.3790849673202614 0.5234375
7 0.35866013071895425 0.4990234375 0.37254901960784315 0.4990234375 0.35866013071895425 0.5234375 0.37254901960784315 0.5234375
5 0.8700980392156863 0.544921875 0.9991830065359477 0.544921875 0.8700980392156863 0.7236328125 0.9991830065359477 0.7236328125
5 0.5049019607843137 0.5146484375 0.5253267973856209 0.5146484375 0.5049019607843137 0.556640625 0.5253267973856209 0.556640625
2 0.6879084967320261 0.513671875 0.8578431372549019 0.513671875 0.6879084967320261 0.6484375 0.8578431372549019 0.6484375
2 0.5931372549019608 0.51171875 0.6437908496732027 0.51171875 0.5931372549019608 0.5615234375 0.6437908496732027 0.5615234375
2 0.5800653594771242 0.5068359375 0.625 0.5068359375 0.5800653594771242 0.5537109375 0.625 0.5537109375
2 0.5253267973856209 0.505859375 0.5800653594771242 0.505859375 0.5253267973856209 0.5498046875 0.5800653594771242 0.5498046875
2 0.4076797385620915 0.5009765625 0.5040849673202614 0.5009765625 0.4076797385620915 0.61328125 0.5040849673202614 0.61328125
2 0.02287581699346405 0.517578125 0.07107843137254902 0.517578125 0.02287581699346405 0.5634765625 0.07107843137254902 0.5634765625
2 0.08006535947712418 0.50390625 0.2042483660130719 0.50390625 0.08006535947712418 0.59765625 0.2042483660130719 0.59765625
2 0.2369281045751634 0.5087890625 0.3006535947712418 0.5087890625 0.2369281045751634 0.5625 0.3006535947712418 0.5625
2 0.29248366013071897 0.5048828125 0.33578431372549017 0.5048828125 0.29248366013071897 0.546875 0.33578431372549017 0.546875
2 0.31290849673202614 0.5 0.3464052287581699 0.5 0.31290849673202614 0.533203125 0.3464052287581699 0.533203125
2 0.4019607843137255 0.4970703125 0.41748366013071897 0.4970703125 0.4019607843137255 0.5146484375 0.41748366013071897 0.5146484375
2 0.39215686274509803 0.5029296875 0.4019607843137255 0.5029296875 0.39215686274509803 0.5126953125 0.4019607843137255 0.5126953125
2 0.3815359477124183 0.5029296875 0.39215686274509803 0.5029296875 0.3815359477124183 0.5126953125 0.39215686274509803 0.5126953125
7 0.5040849673202614 0.5029296875 0.5253267973856209 0.5029296875 0.5040849673202614 0.546875 0.5253267973856209 0.546875