1 0.3433333333333333 0.373125 0.475 0.373125 0.3433333333333333 0.499375 0.475 0.499375
4 0.08666666666666667 0.39125 0.09555555555555556 0.39125 0.08666666666666667 0.418125 0.09555555555555556 0.418125
4 0.08666666666666667 0.434375 0.09277777777777778 0.434375 0.08666666666666667 0.444375 0.09277777777777778 0.444375
4 0.20666666666666667 0.404375 0.21611111111111111 0.404375 0.20666666666666667 0.428125 0.21611111111111111 0.428125
4 0.20777777777777778 0.435 0.215 0.435 0.20777777777777778 0.4425 0.215 0.4425
4 0.13277777777777777 0.403125 0.14055555555555554 0.403125 0.13277777777777777 0.42625 0.14055555555555554 0.42625
4 0.14222222222222222 0.42875 0.15166666666666667 0.42875 0.14222222222222222 0.43875 0.15166666666666667 0.43875
0 0.4111111111111111 0.485625 0.49777777777777776 0.485625 0.4111111111111111 0.6625 0.49777777777777776 0.6625
2 0.030555555555555555 0.465 0.12555555555555556 0.465 0.030555555555555555 0.533125 0.12555555555555556 0.533125
2 0.16777777777777778 0.443125 0.23944444444444443 0.443125 0.16777777777777778 0.515 0.23944444444444443 0.515
2 0.23777777777777778 0.42875 0.33666666666666667 0.42875 0.23777777777777778 0.526875 0.33666666666666667 0.526875
2 0.3227777777777778 0.44625 0.34444444444444444 0.44625 0.3227777777777778 0.483125 0.34444444444444444 0.483125
2 0.38 0.4225 0.4255555555555556 0.4225 0.38 0.5325 0.4255555555555556 0.5325
7 0.41 0.38125 0.5194444444444445 0.38125 0.41 0.628125 0.5194444444444445 0.628125