9 0.31796875 0.4296875 0.32890625 0.4296875 0.31796875 0.46484375 0.32890625 0.46484375
9 0.10859375 0.42578125 0.11640625 0.42578125 0.10859375 0.4609375 0.11640625 0.4609375
7 0.3859375 0.4873046875 0.40625 0.4873046875 0.3859375 0.5625 0.40625 0.5625
7 0.40703125 0.48046875 0.43125 0.48046875 0.40703125 0.5595703125 0.43125 0.5595703125
7 0.878125 0.4765625 0.91796875 0.4765625 0.878125 0.6279296875 0.91796875 0.6279296875
7 0.91953125 0.455078125 0.95703125 0.455078125 0.91953125 0.623046875 0.95703125 0.623046875
2 0.825 0.4892578125 0.884375 0.4892578125 0.825 0.57421875 0.884375 0.57421875
2 0.80703125 0.4833984375 0.86484375 0.4833984375 0.80703125 0.5380859375 0.86484375 0.5380859375
2 0.5671875 0.4892578125 0.7109375 0.4892578125 0.5671875 0.541015625 0.7109375 0.541015625
2 0.40390625 0.490234375 0.54453125 0.490234375 0.40390625 0.55078125 0.54453125 0.55078125
2 0.29296875 0.46875 0.32890625 0.46875 0.29296875 0.4921875 0.32890625 0.4921875
2 0.2265625 0.4697265625 0.27890625 0.4697265625 0.2265625 0.4912109375 0.27890625 0.4912109375
2 0.2 0.46484375 0.25 0.46484375 0.2 0.4892578125 0.25 0.4892578125
2 0.1421875 0.470703125 0.196875 0.470703125 0.1421875 0.4921875 0.196875 0.4921875
2 0.08046875 0.4677734375 0.125 0.4677734375 0.08046875 0.484375 0.125 0.484375
2 0 0.4853515625 0.0703125 0.4853515625 0 0.548828125 0.0703125 0.548828125
2 0.44375 0.5166015625 0.6109375 0.5166015625 0.44375 0.64453125 0.6109375 0.64453125
2 0.5625 0.5283203125 0.809375 0.5283203125 0.5625 0.708984375 0.809375 0.708984375