9 0 0.334375 0.013888888888888888 0.334375 0 0.37375 0.013888888888888888 0.37375
9 0 0.37375 0.006666666666666667 0.37375 0 0.3875 0.006666666666666667 0.3875
9 0.5394444444444444 0.280625 0.5883333333333334 0.280625 0.5394444444444444 0.29875 0.5883333333333334 0.29875
9 0.5316666666666666 0.21 0.5961111111111111 0.21 0.5316666666666666 0.280625 0.5961111111111111 0.280625
9 0.025 0.443125 0.041666666666666664 0.443125 0.025 0.4575 0.041666666666666664 0.4575
7 0.41888888888888887 0.405 0.4572222222222222 0.405 0.41888888888888887 0.526875 0.4572222222222222 0.526875
7 0.4688888888888889 0.41125 0.5027777777777778 0.41125 0.4688888888888889 0.525 0.5027777777777778 0.525
7 0.11166666666666666 0.40875 0.16111111111111112 0.40875 0.11166666666666666 0.526875 0.16111111111111112 0.526875
7 0.12277777777777778 0.418125 0.15444444444444444 0.418125 0.12277777777777778 0.53125 0.15444444444444444 0.53125
7 0.535 0.42375 0.56 0.42375 0.535 0.50125 0.56 0.50125
7 0.6322222222222222 0.415625 0.6566666666666666 0.415625 0.6322222222222222 0.49375 0.6566666666666666 0.49375
7 0.6377777777777778 0.414375 0.6738888888888889 0.414375 0.6377777777777778 0.548125 0.6738888888888889 0.548125
7 0.7427777777777778 0.49625 0.7716666666666666 0.49625 0.7427777777777778 0.530625 0.7716666666666666 0.530625
7 0.6894444444444444 0.481875 0.7238888888888889 0.481875 0.6894444444444444 0.526875 0.7238888888888889 0.526875
7 0.7072222222222222 0.489375 0.7455555555555555 0.489375 0.7072222222222222 0.53 0.7455555555555555 0.53
7 0.7327777777777778 0.41625 0.7694444444444445 0.41625 0.7327777777777778 0.54125 0.7694444444444445 0.54125
0 0.8188888888888889 0.47125 0.905 0.47125 0.8188888888888889 0.543125 0.905 0.543125
2 0.5061111111111111 0.439375 0.5333333333333333 0.439375 0.5061111111111111 0.465 0.5333333333333333 0.465
2 0.45444444444444443 0.43625 0.4777777777777778 0.43625 0.45444444444444443 0.486875 0.4777777777777778 0.486875
2 0.3688888888888889 0.4425 0.44166666666666665 0.4425 0.3688888888888889 0.509375 0.44166666666666665 0.509375