4 0.9599673202614379 0.31640625 0.9983660130718954 0.31640625 0.9599673202614379 0.400390625 0.9983660130718954 0.400390625
4 0.951797385620915 0.4755859375 0.9640522875816994 0.4755859375 0.951797385620915 0.5 0.9640522875816994 0.5
4 0.9599673202614379 0.517578125 0.9738562091503268 0.517578125 0.9599673202614379 0.556640625 0.9738562091503268 0.556640625
9 0.7320261437908496 0.40234375 0.7712418300653595 0.40234375 0.7320261437908496 0.44921875 0.7712418300653595 0.44921875
9 0.738562091503268 0.4501953125 0.7696078431372549 0.4501953125 0.738562091503268 0.4658203125 0.7696078431372549 0.4658203125
9 0.7393790849673203 0.4658203125 0.7687908496732027 0.4658203125 0.7393790849673203 0.48046875 0.7687908496732027 0.48046875
9 0.6838235294117647 0.4072265625 0.7271241830065359 0.4072265625 0.6838235294117647 0.458984375 0.7271241830065359 0.458984375
9 0.6879084967320261 0.45703125 0.7246732026143791 0.45703125 0.6879084967320261 0.47265625 0.7246732026143791 0.47265625
7 0.1968954248366013 0.4765625 0.21650326797385622 0.4765625 0.1968954248366013 0.5341796875 0.21650326797385622 0.5341796875
7 0.5032679738562091 0.51171875 0.5138888888888888 0.51171875 0.5032679738562091 0.544921875 0.5138888888888888 0.544921875
7 0.5220588235294118 0.509765625 0.5310457516339869 0.509765625 0.5220588235294118 0.5439453125 0.5310457516339869 0.5439453125
7 0.5155228758169934 0.513671875 0.5228758169934641 0.513671875 0.5155228758169934 0.5439453125 0.5228758169934641 0.5439453125
7 0.7573529411764706 0.5185546875 0.7745098039215687 0.5185546875 0.7573529411764706 0.580078125 0.7745098039215687 0.580078125
0 0.05800653594771242 0.55859375 0.1781045751633987 0.55859375 0.05800653594771242 0.6669921875 0.1781045751633987 0.6669921875
0 0.21323529411764705 0.548828125 0.315359477124183 0.548828125 0.21323529411764705 0.6318359375 0.315359477124183 0.6318359375
2 0.7745098039215687 0.5556640625 0.9991830065359477 0.5556640625 0.7745098039215687 0.78125 0.9991830065359477 0.78125
2 0.1650326797385621 0.533203125 0.2777777777777778 0.533203125 0.1650326797385621 0.6123046875 0.2777777777777778 0.6123046875
2 0 0.5224609375 0.1650326797385621 0.5224609375 0 0.6416015625 0.1650326797385621 0.6416015625
2 0.6601307189542484 0.4990234375 0.6772875816993464 0.4990234375 0.6601307189542484 0.5166015625 0.6772875816993464 0.5166015625
2 0.6772875816993464 0.498046875 0.6887254901960784 0.498046875 0.6772875816993464 0.5078125 0.6887254901960784 0.5078125
2 0.6862745098039216 0.4970703125 0.6944444444444444 0.4970703125 0.6862745098039216 0.5068359375 0.6944444444444444 0.5068359375
2 0.690359477124183 0.4970703125 0.6993464052287581 0.4970703125 0.690359477124183 0.5048828125 0.6993464052287581 0.5048828125
2 0.696078431372549 0.4931640625 0.704248366013072 0.4931640625 0.696078431372549 0.5009765625 0.704248366013072 0.5009765625
7 0.025326797385620915 0.5166015625 0.056372549019607844 0.5166015625 0.025326797385620915 0.64453125 0.056372549019607844 0.64453125
7 0.10702614379084967 0.517578125 0.16666666666666666 0.517578125 0.10702614379084967 0.6591796875 0.16666666666666666 0.6591796875
7 0.24428104575163398 0.5185546875 0.2957516339869281 0.5185546875 0.24428104575163398 0.6259765625 0.2957516339869281 0.6259765625
7 0.5522875816993464 0.515625 0.5694444444444444 0.515625 0.5522875816993464 0.556640625 0.5694444444444444 0.556640625