9 0.61171875 0.4013671875 0.6390625 0.4013671875 0.61171875 0.4345703125 0.6390625 0.4345703125
9 0.62109375 0.4345703125 0.63203125 0.4345703125 0.62109375 0.44140625 0.63203125 0.44140625
9 0.61015625 0.3876953125 0.63984375 0.3876953125 0.61015625 0.396484375 0.63984375 0.396484375
7 0 0.5205078125 0.03515625 0.5205078125 0 0.58984375 0.03515625 0.58984375
7 0.1453125 0.5166015625 0.17109375 0.5166015625 0.1453125 0.5439453125 0.17109375 0.5439453125
7 0.09609375 0.4921875 0.115625 0.4921875 0.09609375 0.53125 0.115625 0.53125
7 0.2265625 0.5009765625 0.23671875 0.5009765625 0.2265625 0.52734375 0.23671875 0.52734375
7 0.55390625 0.4892578125 0.57109375 0.4892578125 0.55390625 0.5185546875 0.57109375 0.5185546875
7 0.80234375 0.490234375 0.82421875 0.490234375 0.80234375 0.5166015625 0.82421875 0.5166015625
0 0.546875 0.505859375 0.5640625 0.505859375 0.546875 0.5419921875 0.5640625 0.5419921875
2 0 0.58984375 0.10625 0.58984375 0 0.7529296875 0.10625 0.7529296875
2 0 0.5244140625 0.175 0.5244140625 0 0.69140625 0.175 0.69140625
2 0.15078125 0.541015625 0.22109375 0.541015625 0.15078125 0.650390625 0.22109375 0.650390625
2 0.178125 0.525390625 0.26640625 0.525390625 0.178125 0.6201171875 0.26640625 0.6201171875
2 0.12109375 0.5166015625 0.20234375 0.5166015625 0.12109375 0.5380859375 0.20234375 0.5380859375
2 0.23203125 0.4814453125 0.3 0.4814453125 0.23203125 0.5009765625 0.3 0.5009765625
2 0.23671875 0.4892578125 0.30078125 0.4892578125 0.23671875 0.5263671875 0.30078125 0.5263671875
2 0.29765625 0.4814453125 0.35078125 0.4814453125 0.29765625 0.5283203125 0.35078125 0.5283203125
2 0.3640625 0.4990234375 0.43359375 0.4990234375 0.3640625 0.54296875 0.43359375 0.54296875
2 0.43125 0.4873046875 0.4671875 0.4873046875 0.43125 0.521484375 0.4671875 0.521484375
2 0.46015625 0.486328125 0.48203125 0.486328125 0.46015625 0.5166015625 0.48203125 0.5166015625
2 0.47578125 0.484375 0.5 0.484375 0.47578125 0.5126953125 0.5 0.5126953125
2 0.49609375 0.48046875 0.5265625 0.48046875 0.49609375 0.5107421875 0.5265625 0.5107421875
2 0.5203125 0.4794921875 0.5375 0.4794921875 0.5203125 0.5068359375 0.5375 0.5068359375
2 0.5296875 0.4755859375 0.546875 0.4755859375 0.5296875 0.5048828125 0.546875 0.5048828125
2 0.54375 0.4775390625 0.5609375 0.4775390625 0.54375 0.501953125 0.5609375 0.501953125
2 0.56015625 0.4794921875 0.590625 0.4794921875 0.56015625 0.5859375 0.590625 0.5859375
2 0.5734375 0.48046875 0.65390625 0.48046875 0.5734375 0.6044921875 0.65390625 0.6044921875
2 0.60625 0.47265625 0.80546875 0.47265625 0.60625 0.68359375 0.80546875 0.68359375
2 0.87265625 0.466796875 0.96953125 0.466796875 0.87265625 0.57421875 0.96953125 0.57421875
2 0.65390625 0.5126953125 0.93828125 0.5126953125 0.65390625 0.7666015625 0.93828125 0.7666015625
2 0.38671875 0.4814453125 0.425 0.4814453125 0.38671875 0.4912109375 0.425 0.4912109375