4 0.48203125 0.4443359375 0.4875 0.4443359375 0.48203125 0.4521484375 0.4875 0.4521484375
4 0.48203125 0.4521484375 0.4859375 0.4521484375 0.48203125 0.45703125 0.4859375 0.45703125
4 0.4390625 0.42578125 0.4421875 0.42578125 0.4390625 0.435546875 0.4421875 0.435546875
4 0.41328125 0.423828125 0.41796875 0.423828125 0.41328125 0.4306640625 0.41796875 0.4306640625
4 0.38828125 0.421875 0.39296875 0.421875 0.38828125 0.43359375 0.39296875 0.43359375
4 0.32578125 0.455078125 0.32890625 0.455078125 0.32578125 0.4599609375 0.32890625 0.4599609375
4 0.32421875 0.4658203125 0.328125 0.4658203125 0.32421875 0.470703125 0.328125 0.470703125
9 0.509375 0.447265625 0.5296875 0.447265625 0.509375 0.46484375 0.5296875 0.46484375
9 0.49296875 0.4462890625 0.50390625 0.4462890625 0.49296875 0.458984375 0.50390625 0.458984375
9 0.45703125 0.4365234375 0.46796875 0.4365234375 0.45703125 0.4423828125 0.46796875 0.4423828125
9 0.31484375 0.447265625 0.328125 0.447265625 0.31484375 0.453125 0.328125 0.453125
9 0.35234375 0.4794921875 0.359375 0.4794921875 0.35234375 0.4892578125 0.359375 0.4892578125
9 0.4140625 0.46484375 0.41875 0.46484375 0.4140625 0.470703125 0.41875 0.470703125
9 0.46640625 0.4501953125 0.4703125 0.4501953125 0.46640625 0.45703125 0.4703125 0.45703125
9 0.36484375 0.451171875 0.36875 0.451171875 0.36484375 0.4560546875 0.36875 0.4560546875
7 0.571875 0.447265625 0.58203125 0.447265625 0.571875 0.484375 0.58203125 0.484375
2 0 0.50390625 0.08828125 0.50390625 0 0.5869140625 0.08828125 0.5869140625
2 0.175 0.5 0.22421875 0.5 0.175 0.5439453125 0.22421875 0.5439453125
2 0.278125 0.484375 0.30859375 0.484375 0.278125 0.5107421875 0.30859375 0.5107421875
2 0.3609375 0.4716796875 0.37734375 0.4716796875 0.3609375 0.4892578125 0.37734375 0.4892578125
2 0.38515625 0.4619140625 0.39765625 0.4619140625 0.38515625 0.474609375 0.39765625 0.474609375
2 0.4234375 0.4677734375 0.4359375 0.4677734375 0.4234375 0.48046875 0.4359375 0.48046875
2 0.44609375 0.4462890625 0.45703125 0.4462890625 0.44609375 0.453125 0.45703125 0.453125
2 0.96171875 0.400390625 0.99765625 0.400390625 0.96171875 0.4228515625 0.99765625 0.4228515625
2 0.9375 0.3994140625 0.96328125 0.3994140625 0.9375 0.421875 0.96328125 0.421875
2 0.39453125 0.4423828125 0.40234375 0.4423828125 0.39453125 0.4501953125 0.40234375 0.4501953125
2 0.38359375 0.4443359375 0.38828125 0.4443359375 0.38359375 0.44921875 0.38828125 0.44921875
2 0.4296875 0.443359375 0.43515625 0.443359375 0.4296875 0.4501953125 0.43515625 0.4501953125