9 0.59296875 0.4189453125 0.60859375 0.4189453125 0.59296875 0.423828125 0.60859375 0.423828125
9 0.59296875 0.4267578125 0.60859375 0.4267578125 0.59296875 0.4482421875 0.60859375 0.4482421875
7 0.375 0.4755859375 0.39609375 0.4755859375 0.375 0.5341796875 0.39609375 0.5341796875
2 0.878125 0.56640625 0.99921875 0.56640625 0.878125 0.8623046875 0.99921875 0.8623046875
2 0.7703125 0.55078125 0.990625 0.55078125 0.7703125 0.7783203125 0.990625 0.7783203125
2 0.8875 0.4765625 0.99921875 0.4765625 0.8875 0.5517578125 0.99921875 0.5517578125
2 0.8921875 0.462890625 0.9515625 0.462890625 0.8921875 0.4892578125 0.9515625 0.4892578125
2 0.97890625 0.470703125 0.99921875 0.470703125 0.97890625 0.5029296875 0.99921875 0.5029296875
2 0.73359375 0.46484375 0.78984375 0.46484375 0.73359375 0.517578125 0.78984375 0.517578125
2 0.621875 0.486328125 0.72734375 0.486328125 0.621875 0.5859375 0.72734375 0.5859375
2 0.6109375 0.4736328125 0.6984375 0.4736328125 0.6109375 0.556640625 0.6984375 0.556640625
2 0.578125 0.466796875 0.63125 0.466796875 0.578125 0.5283203125 0.63125 0.5283203125
2 0.57265625 0.462890625 0.6296875 0.462890625 0.57265625 0.51953125 0.6296875 0.51953125
2 0.5671875 0.4638671875 0.584375 0.4638671875 0.5671875 0.513671875 0.584375 0.513671875
2 0.5609375 0.4658203125 0.57578125 0.4658203125 0.5609375 0.5107421875 0.57578125 0.5107421875
2 0.5515625 0.470703125 0.56328125 0.470703125 0.5515625 0.490234375 0.56328125 0.490234375
2 0.54453125 0.4736328125 0.5578125 0.4736328125 0.54453125 0.4921875 0.5578125 0.4921875
2 0.5265625 0.47265625 0.54765625 0.47265625 0.5265625 0.494140625 0.54765625 0.494140625
2 0.51015625 0.4755859375 0.53046875 0.4755859375 0.51015625 0.49609375 0.53046875 0.49609375
2 0.4828125 0.474609375 0.5125 0.474609375 0.4828125 0.4990234375 0.5125 0.4990234375
2 0.43046875 0.4755859375 0.4890625 0.4755859375 0.43046875 0.529296875 0.4890625 0.529296875
2 0.40234375 0.474609375 0.4265625 0.474609375 0.40234375 0.517578125 0.4265625 0.517578125
2 0.3671875 0.4755859375 0.4125 0.4755859375 0.3671875 0.5302734375 0.4125 0.5302734375
2 0.328125 0.4853515625 0.3875 0.4853515625 0.328125 0.5439453125 0.3875 0.5439453125
2 0.31015625 0.4990234375 0.3546875 0.4990234375 0.31015625 0.5712890625 0.3546875 0.5712890625
2 0.2296875 0.501953125 0.33515625 0.501953125 0.2296875 0.599609375 0.33515625 0.599609375
2 0.046875 0.4677734375 0.17578125 0.4677734375 0.046875 0.521484375 0.17578125 0.521484375
2 0 0.474609375 0.0578125 0.474609375 0 0.5693359375 0.0578125 0.5693359375
2 0.0359375 0.490234375 0.1234375 0.490234375 0.0359375 0.5595703125 0.1234375 0.5595703125
2 0.95 0.4501953125 0.99921875 0.4501953125 0.95 0.482421875 0.99921875 0.482421875
2 0.08984375 0.5068359375 0.23828125 0.5068359375 0.08984375 0.6708984375 0.23828125 0.6708984375
2 0 0.5576171875 0.15078125 0.5576171875 0 0.7490234375 0.15078125 0.7490234375
2 0 0.646484375 0.04609375 0.646484375 0 0.80078125 0.04609375 0.80078125