4 0.13480392156862744 0.4501953125 0.1388888888888889 0.4501953125 0.13480392156862744 0.4609375 0.1388888888888889 0.4609375
4 0.20179738562091504 0.4462890625 0.20506535947712418 0.4462890625 0.20179738562091504 0.45703125 0.20506535947712418 0.45703125
4 0.315359477124183 0.4365234375 0.32107843137254904 0.4365234375 0.315359477124183 0.451171875 0.32107843137254904 0.451171875
4 0.25735294117647056 0.4501953125 0.26143790849673204 0.4501953125 0.25735294117647056 0.4609375 0.26143790849673204 0.4609375
4 0.7401960784313726 0.443359375 0.7573529411764706 0.443359375 0.7401960784313726 0.5 0.7573529411764706 0.5
4 0.6993464052287581 0.4091796875 0.7075163398692811 0.4091796875 0.6993464052287581 0.4326171875 0.7075163398692811 0.4326171875
4 0.5179738562091504 0.4248046875 0.5236928104575164 0.4248046875 0.5179738562091504 0.4384765625 0.5236928104575164 0.4384765625
4 0.7303921568627451 0.1572265625 0.7696078431372549 0.1572265625 0.7303921568627451 0.2724609375 0.7696078431372549 0.2724609375
4 0.8937908496732027 0.3955078125 0.9068627450980392 0.3955078125 0.8937908496732027 0.4287109375 0.9068627450980392 0.4287109375
9 0.056372549019607844 0.4375 0.06535947712418301 0.4375 0.056372549019607844 0.44921875 0.06535947712418301 0.44921875
9 0.056372549019607844 0.44921875 0.06535947712418301 0.44921875 0.056372549019607844 0.45703125 0.06535947712418301 0.45703125
9 0.28104575163398693 0.447265625 0.2900326797385621 0.447265625 0.28104575163398693 0.4580078125 0.2900326797385621 0.4580078125
9 0.7116013071895425 0.2880859375 0.7777777777777778 0.2880859375 0.7116013071895425 0.3701171875 0.7777777777777778 0.3701171875
9 0.8529411764705882 0.390625 0.880718954248366 0.390625 0.8529411764705882 0.4423828125 0.880718954248366 0.4423828125
9 0.8831699346405228 0.4091796875 0.8937908496732027 0.4091796875 0.8831699346405228 0.423828125 0.8937908496732027 0.423828125
9 0.8839869281045751 0.4306640625 0.9003267973856209 0.4306640625 0.8839869281045751 0.4384765625 0.9003267973856209 0.4384765625
7 0.07107843137254902 0.47265625 0.0784313725490196 0.47265625 0.07107843137254902 0.4912109375 0.0784313725490196 0.4912109375
7 0.06209150326797386 0.4697265625 0.07107843137254902 0.4697265625 0.06209150326797386 0.486328125 0.07107843137254902 0.486328125
7 0.12581699346405228 0.4755859375 0.1323529411764706 0.4755859375 0.12581699346405228 0.494140625 0.1323529411764706 0.494140625
7 0.6421568627450981 0.474609375 0.6519607843137255 0.474609375 0.6421568627450981 0.498046875 0.6519607843137255 0.498046875
7 0.6805555555555556 0.4765625 0.6879084967320261 0.4765625 0.6805555555555556 0.4970703125 0.6879084967320261 0.4970703125
7 0.6968954248366013 0.4775390625 0.7034313725490197 0.4775390625 0.6968954248366013 0.4951171875 0.7034313725490197 0.4951171875
7 0.7254901960784313 0.474609375 0.7361111111111112 0.474609375 0.7254901960784313 0.505859375 0.7361111111111112 0.505859375
7 0.7892156862745098 0.4794921875 0.7965686274509803 0.4794921875 0.7892156862745098 0.5048828125 0.7965686274509803 0.5048828125
7 0.7916666666666666 0.48046875 0.8570261437908496 0.48046875 0.7916666666666666 0.6552734375 0.8570261437908496 0.6552734375
7 0.8455882352941176 0.5009765625 0.8897058823529411 0.5009765625 0.8455882352941176 0.658203125 0.8897058823529411 0.658203125
7 0.10947712418300654 0.4765625 0.11683006535947713 0.4765625 0.10947712418300654 0.5 0.11683006535947713 0.5
13 0.35947712418300654 0.4072265625 0.4722222222222222 0.4072265625 0.35947712418300654 0.556640625 0.4722222222222222 0.556640625
5 0 0.505859375 0.08905228758169935 0.505859375 0 0.5869140625 0.08905228758169935 0.5869140625
5 0 0.4912109375 0.1053921568627451 0.4912109375 0 0.5771484375 0.1053921568627451 0.5771484375
5 0.19852941176470587 0.482421875 0.22058823529411764 0.482421875 0.19852941176470587 0.529296875 0.22058823529411764 0.529296875
5 0.6658496732026143 0.484375 0.6821895424836601 0.484375 0.6658496732026143 0.5048828125 0.6821895424836601 0.5048828125
5 0.004901960784313725 0.4931640625 0.09803921568627451 0.4931640625 0.004901960784313725 0.5400390625 0.09803921568627451 0.5400390625
2 0.1919934640522876 0.4638671875 0.22140522875816993 0.4638671875 0.1919934640522876 0.4921875 0.22140522875816993 0.4921875
2 0.21977124183006536 0.4609375 0.3415032679738562 0.4609375 0.21977124183006536 0.6005859375 0.3415032679738562 0.6005859375
2 0.49264705882352944 0.474609375 0.5089869281045751 0.474609375 0.49264705882352944 0.4951171875 0.5089869281045751 0.4951171875
2 0.5089869281045751 0.4658203125 0.5359477124183006 0.4658203125 0.5089869281045751 0.4970703125 0.5359477124183006 0.4970703125
2 0.5359477124183006 0.4765625 0.5604575163398693 0.4765625 0.5359477124183006 0.4921875 0.5604575163398693 0.4921875
2 0.5776143790849673 0.474609375 0.6062091503267973 0.474609375 0.5776143790849673 0.494140625 0.6062091503267973 0.494140625
2 0.5343137254901961 0.4814453125 0.6274509803921569 0.4814453125 0.5343137254901961 0.5859375 0.6274509803921569 0.5859375
2 0.4117647058823529 0.501953125 0.6160130718954249 0.501953125 0.4117647058823529 0.701171875 0.6160130718954249 0.701171875
2 0.5334967320261438 0.466796875 0.5514705882352942 0.466796875 0.5334967320261438 0.4765625 0.5514705882352942 0.4765625
7 0.20016339869281047 0.466796875 0.22303921568627452 0.466796875 0.20016339869281047 0.521484375 0.22303921568627452 0.521484375
7 0.6674836601307189 0.4755859375 0.6772875816993464 0.4755859375 0.6674836601307189 0.498046875 0.6772875816993464 0.498046875