9 0.2822222222222222 0.41 0.28833333333333333 0.41 0.2822222222222222 0.421875 0.28833333333333333 0.421875
9 0.2788888888888889 0.39 0.2916666666666667 0.39 0.2788888888888889 0.41 0.2916666666666667 0.41
9 0.31166666666666665 0.420625 0.3233333333333333 0.420625 0.31166666666666665 0.42875 0.3233333333333333 0.42875
9 0.3088888888888889 0.401875 0.32555555555555554 0.401875 0.3088888888888889 0.420625 0.32555555555555554 0.420625
9 0.405 0.450625 0.41 0.450625 0.405 0.455625 0.41 0.455625
9 0.5188888888888888 0.41125 0.5327777777777778 0.41125 0.5188888888888888 0.4175 0.5327777777777778 0.4175
9 0.5327777777777778 0.4025 0.5466666666666666 0.4025 0.5327777777777778 0.421875 0.5466666666666666 0.421875
9 0.5583333333333333 0.405625 0.5655555555555556 0.405625 0.5583333333333333 0.418125 0.5655555555555556 0.418125
9 0.49444444444444446 0.44 0.5016666666666667 0.44 0.49444444444444446 0.45 0.5016666666666667 0.45
9 0.49722222222222223 0.45 0.5 0.45 0.49722222222222223 0.455625 0.5 0.455625
7 0.5077777777777778 0.4425 0.5205555555555555 0.4425 0.5077777777777778 0.4575 0.5205555555555555 0.4575
2 0 0.475 0.03777777777777778 0.475 0 0.584375 0.03777777777777778 0.584375
2 0.32666666666666666 0.416875 0.395 0.416875 0.32666666666666666 0.49375 0.395 0.49375
2 0.41555555555555557 0.45125 0.48 0.45125 0.41555555555555557 0.47625 0.48 0.47625
2 0.40166666666666667 0.46125 0.4166666666666667 0.46125 0.40166666666666667 0.47625 0.4166666666666667 0.47625
2 0.475 0.455625 0.4938888888888889 0.455625 0.475 0.475625 0.4938888888888889 0.475625
2 0.49833333333333335 0.451875 0.5194444444444445 0.451875 0.49833333333333335 0.49 0.5194444444444445 0.49
2 0.5105555555555555 0.42875 0.5788888888888889 0.42875 0.5105555555555555 0.5 0.5788888888888889 0.5
2 0.535 0.435 0.6027777777777777 0.435 0.535 0.5125 0.6027777777777777 0.5125
2 0.5538888888888889 0.440625 0.6283333333333333 0.440625 0.5538888888888889 0.5275 0.6283333333333333 0.5275
2 0.5927777777777777 0.41625 0.7611111111111111 0.41625 0.5927777777777777 0.55875 0.7611111111111111 0.55875
2 0.675 0.451875 0.9744444444444444 0.451875 0.675 0.63 0.9744444444444444 0.63
2 0.925 0.515 0.9994444444444445 0.515 0.925 0.751875 0.9994444444444445 0.751875
3 0.29 0.464375 0.295 0.464375 0.29 0.47875 0.295 0.47875