1 0.3300653594771242 0.2607421875 0.44607843137254904 0.2607421875 0.3300653594771242 0.4609375 0.44607843137254904 0.4609375
7 0.2034313725490196 0.3564453125 0.22875816993464052 0.3564453125 0.2034313725490196 0.4541015625 0.22875816993464052 0.4541015625
7 0.3006535947712418 0.37109375 0.3235294117647059 0.37109375 0.3006535947712418 0.4501953125 0.3235294117647059 0.4501953125
7 0.23937908496732027 0.3662109375 0.255718954248366 0.3662109375 0.23937908496732027 0.439453125 0.255718954248366 0.439453125
7 0.25245098039215685 0.36328125 0.2622549019607843 0.36328125 0.25245098039215685 0.3916015625 0.2622549019607843 0.3916015625
7 0.2900326797385621 0.3681640625 0.3137254901960784 0.3681640625 0.2900326797385621 0.4443359375 0.3137254901960784 0.4443359375
7 0.31862745098039214 0.376953125 0.3341503267973856 0.376953125 0.31862745098039214 0.4462890625 0.3341503267973856 0.4462890625
5 0.35130718954248363 0.40625 0.4076797385620915 0.40625 0.35130718954248363 0.509765625 0.4076797385620915 0.509765625
2 0.46486928104575165 0.330078125 0.5857843137254902 0.330078125 0.46486928104575165 0.498046875 0.5857843137254902 0.498046875
2 0.45669934640522875 0.376953125 0.46977124183006536 0.376953125 0.45669934640522875 0.4501953125 0.46977124183006536 0.4501953125
7 0.3553921568627451 0.3740234375 0.4084967320261438 0.3740234375 0.3553921568627451 0.4833984375 0.4084967320261438 0.4833984375