9 0.5375 0.4365234375 0.54375 0.4365234375 0.5375 0.4462890625 0.54375 0.4462890625
7 0.6703125 0.48046875 0.703125 0.48046875 0.6703125 0.6298828125 0.703125 0.6298828125
7 0.64140625 0.50390625 0.696875 0.50390625 0.64140625 0.6669921875 0.696875 0.6669921875
7 0.60546875 0.490234375 0.65078125 0.490234375 0.60546875 0.662109375 0.65078125 0.662109375
0 0.47734375 0.4716796875 0.48359375 0.4716796875 0.47734375 0.4833984375 0.48359375 0.4833984375
2 0 0.5751953125 0.11953125 0.5751953125 0 0.8271484375 0.11953125 0.8271484375
2 0.03203125 0.54296875 0.21015625 0.54296875 0.03203125 0.7236328125 0.21015625 0.7236328125
2 0.14140625 0.5234375 0.26796875 0.5234375 0.14140625 0.646484375 0.26796875 0.646484375
2 0.21015625 0.5078125 0.30625 0.5078125 0.21015625 0.6142578125 0.30625 0.6142578125
2 0 0.4765625 0.04375 0.4765625 0 0.537109375 0.04375 0.537109375
2 0.04765625 0.4677734375 0.12265625 0.4677734375 0.04765625 0.5224609375 0.12265625 0.5224609375
2 0.05 0.4873046875 0.1890625 0.4873046875 0.05 0.5390625 0.1890625 0.5390625
2 0.25859375 0.4833984375 0.35390625 0.4833984375 0.25859375 0.5888671875 0.35390625 0.5888671875
2 0.1375 0.46875 0.21171875 0.46875 0.1375 0.5068359375 0.21171875 0.5068359375
2 0.190625 0.48046875 0.27265625 0.48046875 0.190625 0.521484375 0.27265625 0.521484375
2 0.34453125 0.4833984375 0.4015625 0.4833984375 0.34453125 0.5380859375 0.4015625 0.5380859375
2 0.38828125 0.4716796875 0.42734375 0.4716796875 0.38828125 0.515625 0.42734375 0.515625
2 0.41875 0.47265625 0.44375 0.47265625 0.41875 0.505859375 0.44375 0.505859375
2 0.43125 0.470703125 0.4515625 0.470703125 0.43125 0.4990234375 0.4515625 0.4990234375
2 0.44765625 0.46875 0.46015625 0.46875 0.44765625 0.4912109375 0.46015625 0.4912109375
2 0.4515625 0.4609375 0.47109375 0.4609375 0.4515625 0.486328125 0.47109375 0.486328125
2 0.46484375 0.45703125 0.48203125 0.45703125 0.46484375 0.470703125 0.48203125 0.470703125
2 0.47734375 0.4541015625 0.48984375 0.4541015625 0.47734375 0.466796875 0.48984375 0.466796875
2 0.509375 0.4580078125 0.51875 0.4580078125 0.509375 0.46484375 0.51875 0.46484375
2 0.49921875 0.4677734375 0.528125 0.4677734375 0.49921875 0.5009765625 0.528125 0.5009765625
2 0.53125 0.4609375 0.54453125 0.4609375 0.53125 0.478515625 0.54453125 0.478515625
2 0.53515625 0.462890625 0.553125 0.462890625 0.53515625 0.4873046875 0.553125 0.4873046875
2 0.5390625 0.4677734375 0.5546875 0.4677734375 0.5390625 0.494140625 0.5546875 0.494140625
2 0.54765625 0.4638671875 0.57890625 0.4638671875 0.54765625 0.5029296875 0.57890625 0.5029296875
2 0.5578125 0.46875 0.6078125 0.46875 0.5578125 0.5185546875 0.6078125 0.5185546875
2 0.6390625 0.49609375 0.71953125 0.49609375 0.6390625 0.546875 0.71953125 0.546875
2 0.68828125 0.498046875 0.809375 0.498046875 0.68828125 0.642578125 0.809375 0.642578125
2 0.72421875 0.533203125 0.9296875 0.533203125 0.72421875 0.7080078125 0.9296875 0.7080078125
2 0.96328125 0.4697265625 0.99921875 0.4697265625 0.96328125 0.494140625 0.99921875 0.494140625
7 0.49296875 0.4609375 0.5 0.4609375 0.49296875 0.484375 0.5 0.484375
7 0.4765625 0.462890625 0.484375 0.462890625 0.4765625 0.4794921875 0.484375 0.4794921875