9 0.4078125 0.4521484375 0.4125 0.4521484375 0.4078125 0.455078125 0.4125 0.455078125
9 0.40625 0.44140625 0.41484375 0.44140625 0.40625 0.4521484375 0.41484375 0.4521484375
9 0.53359375 0.443359375 0.54140625 0.443359375 0.53359375 0.4482421875 0.54140625 0.4482421875
9 0.53203125 0.4306640625 0.54296875 0.4306640625 0.53203125 0.443359375 0.54296875 0.443359375
7 0.9921875 0.4248046875 0.99921875 0.4248046875 0.9921875 0.4453125 0.99921875 0.4453125
7 0.97265625 0.4248046875 0.9796875 0.4248046875 0.97265625 0.44140625 0.9796875 0.44140625
0 0.49765625 0.4970703125 0.51015625 0.4970703125 0.49765625 0.5380859375 0.51015625 0.5380859375
2 0 0.5126953125 0.134375 0.5126953125 0 0.7744140625 0.134375 0.7744140625
2 0.103125 0.5244140625 0.225 0.5244140625 0.103125 0.6455078125 0.225 0.6455078125
2 0.17265625 0.48828125 0.271875 0.48828125 0.17265625 0.6064453125 0.271875 0.6064453125
2 0.25390625 0.5068359375 0.2984375 0.5068359375 0.25390625 0.5810546875 0.2984375 0.5810546875
2 0.27109375 0.498046875 0.3265625 0.498046875 0.27109375 0.5654296875 0.3265625 0.5654296875
2 0.2828125 0.4833984375 0.34453125 0.4833984375 0.2828125 0.556640625 0.34453125 0.556640625
2 0.3328125 0.490234375 0.3671875 0.490234375 0.3328125 0.5380859375 0.3671875 0.5380859375
2 0.3609375 0.48046875 0.38671875 0.48046875 0.3609375 0.513671875 0.38671875 0.513671875
2 0.3765625 0.4833984375 0.440625 0.4833984375 0.3765625 0.541015625 0.440625 0.541015625
2 0.40390625 0.4638671875 0.45 0.4638671875 0.40390625 0.5166015625 0.45 0.5166015625
2 0.46796875 0.4609375 0.496875 0.4609375 0.46796875 0.494140625 0.496875 0.494140625
2 0.51015625 0.458984375 0.54296875 0.458984375 0.51015625 0.5 0.54296875 0.5
2 0.52421875 0.46875 0.54140625 0.46875 0.52421875 0.505859375 0.54140625 0.505859375
2 0.528125 0.458984375 0.58046875 0.458984375 0.528125 0.515625 0.58046875 0.515625
2 0.53515625 0.4716796875 0.578125 0.4716796875 0.53515625 0.5380859375 0.578125 0.5380859375
2 0.55859375 0.4716796875 0.646875 0.4716796875 0.55859375 0.572265625 0.646875 0.572265625
2 0.58515625 0.498046875 0.68046875 0.498046875 0.58515625 0.59765625 0.68046875 0.59765625
2 0.61875 0.5048828125 0.7421875 0.5048828125 0.61875 0.630859375 0.7421875 0.630859375
2 0.646875 0.5244140625 0.7796875 0.5244140625 0.646875 0.6875 0.7796875 0.6875
2 0.7078125 0.5185546875 0.89375 0.5185546875 0.7078125 0.7900390625 0.89375 0.7900390625
2 0.75859375 0.4892578125 0.99921875 0.4892578125 0.75859375 0.9990234375 0.99921875 0.9990234375
2 0.64296875 0.44921875 0.71640625 0.44921875 0.64296875 0.4814453125 0.71640625 0.4814453125
2 0.57734375 0.458984375 0.60234375 0.458984375 0.57734375 0.4775390625 0.60234375 0.4775390625
2 0.6 0.451171875 0.64296875 0.451171875 0.6 0.4716796875 0.64296875 0.4716796875
7 0.49453125 0.4677734375 0.51171875 0.4677734375 0.49453125 0.5322265625 0.51171875 0.5322265625