7 0.5077777777777778 0.451875 0.5216666666666666 0.451875 0.5077777777777778 0.494375 0.5216666666666666 0.494375
7 0.8422222222222222 0.426875 0.8733333333333333 0.426875 0.8422222222222222 0.49625 0.8733333333333333 0.49625
7 0.1827777777777778 0.408125 0.3038888888888889 0.408125 0.1827777777777778 0.60875 0.3038888888888889 0.60875
7 0.5277777777777778 0.454375 0.5372222222222223 0.454375 0.5277777777777778 0.480625 0.5372222222222223 0.480625
2 0.5438888888888889 0.449375 0.6005555555555555 0.449375 0.5438888888888889 0.5025 0.6005555555555555 0.5025
2 0.028888888888888888 0.453125 0.14888888888888888 0.453125 0.028888888888888888 0.524375 0.14888888888888888 0.524375
2 0.26055555555555554 0.455625 0.2816666666666667 0.455625 0.26055555555555554 0.485625 0.2816666666666667 0.485625
2 0.2683333333333333 0.45375 0.2872222222222222 0.45375 0.2683333333333333 0.485 0.2872222222222222 0.485
2 0.37777777777777777 0.460625 0.42833333333333334 0.460625 0.37777777777777777 0.485625 0.42833333333333334 0.485625
2 0.3827777777777778 0.455 0.40166666666666667 0.455 0.3827777777777778 0.464375 0.40166666666666667 0.464375
2 0.4338888888888889 0.455 0.465 0.455 0.4338888888888889 0.47875 0.465 0.47875
2 0.4738888888888889 0.45375 0.5094444444444445 0.45375 0.4738888888888889 0.48 0.5094444444444445 0.48