4 0.26944444444444443 0.411875 0.2783333333333333 0.411875 0.26944444444444443 0.43875 0.2783333333333333 0.43875
4 0.43555555555555553 0.38375 0.4444444444444444 0.38375 0.43555555555555553 0.408125 0.4444444444444444 0.408125
4 0.4622222222222222 0.41 0.47055555555555556 0.41 0.4622222222222222 0.4325 0.47055555555555556 0.4325
4 0.5005555555555555 0.4125 0.5077777777777778 0.4125 0.5005555555555555 0.435625 0.5077777777777778 0.435625
4 0.825 0.124375 0.88 0.124375 0.825 0.245 0.88 0.245
4 0.8277777777777777 0.28875 0.8688888888888889 0.28875 0.8277777777777777 0.32875 0.8688888888888889 0.32875
9 0.82 0.393125 0.8444444444444444 0.393125 0.82 0.4275 0.8444444444444444 0.4275
9 0.8061111111111111 0.245625 0.8955555555555555 0.245625 0.8061111111111111 0.281875 0.8955555555555555 0.281875
7 0.6494444444444445 0.42125 0.6694444444444444 0.42125 0.6494444444444445 0.484375 0.6694444444444444 0.484375
7 0.8338888888888889 0.409375 0.8538888888888889 0.409375 0.8338888888888889 0.4575 0.8538888888888889 0.4575
2 0 0.4425 0.15166666666666667 0.4425 0 0.5575 0.15166666666666667 0.5575
2 0.1688888888888889 0.45 0.2594444444444444 0.45 0.1688888888888889 0.519375 0.2594444444444444 0.519375
2 0.265 0.450625 0.32944444444444443 0.450625 0.265 0.496875 0.32944444444444443 0.496875
2 0.32611111111111113 0.451875 0.36833333333333335 0.451875 0.32611111111111113 0.483125 0.36833333333333335 0.483125
2 0.42388888888888887 0.459375 0.43722222222222223 0.459375 0.42388888888888887 0.470625 0.43722222222222223 0.470625