4 0.8638888888888889 0.355 0.8766666666666667 0.355 0.8638888888888889 0.3875 0.8766666666666667 0.3875
4 0.7488888888888889 0.360625 0.7605555555555555 0.360625 0.7488888888888889 0.393125 0.7605555555555555 0.393125
4 0.3688888888888889 0.3425 0.3838888888888889 0.3425 0.3688888888888889 0.38125 0.3838888888888889 0.38125
4 0.36277777777777775 0.39875 0.37333333333333335 0.39875 0.36277777777777775 0.41 0.37333333333333335 0.41
4 0.29388888888888887 0.331875 0.30277777777777776 0.331875 0.29388888888888887 0.365625 0.30277777777777776 0.365625
4 0.28888888888888886 0.391875 0.2966666666666667 0.391875 0.28888888888888886 0.4075 0.2966666666666667 0.4075
4 0.14944444444444444 0.27375 0.16944444444444445 0.27375 0.14944444444444444 0.328125 0.16944444444444445 0.328125
4 0.1411111111111111 0.368125 0.15777777777777777 0.368125 0.1411111111111111 0.390625 0.15777777777777777 0.390625
4 0.22833333333333333 0.358125 0.2588888888888889 0.358125 0.22833333333333333 0.388125 0.2588888888888889 0.388125
9 0.39111111111111113 0.389375 0.3988888888888889 0.389375 0.39111111111111113 0.4075 0.3988888888888889 0.4075
9 0.185 0.334375 0.2722222222222222 0.334375 0.185 0.35125 0.2722222222222222 0.35125
9 0.125 0.343125 0.14 0.343125 0.125 0.359375 0.14 0.359375
9 0.2761111111111111 0.374375 0.2866666666666667 0.374375 0.2761111111111111 0.38875 0.2866666666666667 0.38875
7 0.36444444444444446 0.4325 0.3877777777777778 0.4325 0.36444444444444446 0.49 0.3877777777777778 0.49
7 0.26722222222222225 0.430625 0.305 0.430625 0.26722222222222225 0.545625 0.305 0.545625
7 0.28888888888888886 0.44 0.31555555555555553 0.44 0.28888888888888886 0.544375 0.31555555555555553 0.544375
2 0.6683333333333333 0.385 0.9355555555555556 0.385 0.6683333333333333 0.5925 0.9355555555555556 0.5925
2 0.5638888888888889 0.433125 0.6083333333333333 0.433125 0.5638888888888889 0.486875 0.6083333333333333 0.486875
2 0.41555555555555557 0.4275 0.5922222222222222 0.4275 0.41555555555555557 0.590625 0.5922222222222222 0.590625
2 0 0.430625 0.11444444444444445 0.430625 0 0.48625 0.11444444444444445 0.48625
3 0.3811111111111111 0.458125 0.3888888888888889 0.458125 0.3811111111111111 0.484375 0.3888888888888889 0.484375