4 0.453125 0.4052734375 0.45703125 0.4052734375 0.453125 0.4169921875 0.45703125 0.4169921875
4 0.3890625 0.396484375 0.39375 0.396484375 0.3890625 0.4111328125 0.39375 0.4111328125
4 0.4359375 0.4052734375 0.4390625 0.4052734375 0.4359375 0.4130859375 0.4390625 0.4130859375
4 0.4609375 0.4111328125 0.4640625 0.4111328125 0.4609375 0.419921875 0.4640625 0.419921875
9 0.5046875 0.4287109375 0.509375 0.4287109375 0.5046875 0.4345703125 0.509375 0.4345703125
9 0.3140625 0.4736328125 0.325 0.4736328125 0.3140625 0.4892578125 0.325 0.4892578125
9 0.29765625 0.4306640625 0.3140625 0.4306640625 0.29765625 0.4365234375 0.3140625 0.4365234375
9 0.42265625 0.4521484375 0.42734375 0.4521484375 0.42265625 0.458984375 0.42734375 0.458984375
9 0.4734375 0.41796875 0.4859375 0.41796875 0.4734375 0.4228515625 0.4859375 0.4228515625
9 0.56796875 0.4228515625 0.6015625 0.4228515625 0.56796875 0.451171875 0.6015625 0.451171875
9 0.48515625 0.4345703125 0.48984375 0.4345703125 0.48515625 0.439453125 0.48984375 0.439453125
9 0.48671875 0.439453125 0.4890625 0.439453125 0.48671875 0.443359375 0.4890625 0.443359375
9 0.55625 0.4296875 0.56796875 0.4296875 0.55625 0.44921875 0.56796875 0.44921875
9 0.546875 0.4345703125 0.55234375 0.4345703125 0.546875 0.4482421875 0.55234375 0.4482421875
9 0.528125 0.4248046875 0.54375 0.4248046875 0.528125 0.4423828125 0.54375 0.4423828125
7 0.66171875 0.4248046875 0.678125 0.4248046875 0.66171875 0.484375 0.678125 0.484375
7 0.634375 0.4443359375 0.64375 0.4443359375 0.634375 0.4765625 0.64375 0.4765625
2 0.45234375 0.4296875 0.46171875 0.4296875 0.45234375 0.4365234375 0.46171875 0.4365234375
2 0.4390625 0.447265625 0.45 0.447265625 0.4390625 0.458984375 0.45 0.458984375
2 0.37265625 0.4609375 0.38828125 0.4609375 0.37265625 0.4736328125 0.38828125 0.4736328125
2 0.30546875 0.47265625 0.3328125 0.47265625 0.30546875 0.5 0.3328125 0.5
2 0 0.5107421875 0.0203125 0.5107421875 0 0.568359375 0.0203125 0.568359375