9 0.8055555555555556 0.321875 0.8283333333333334 0.321875 0.8055555555555556 0.35875 0.8283333333333334 0.35875
2 0 0.45625 0.1688888888888889 0.45625 0 0.5725 0.1688888888888889 0.5725
2 0.5566666666666666 0.448125 0.6283333333333333 0.448125 0.5566666666666666 0.505 0.6283333333333333 0.505
2 0.5133333333333333 0.44875 0.5611111111111111 0.44875 0.5133333333333333 0.48625 0.5611111111111111 0.48625
2 0.5011111111111111 0.44875 0.5277777777777778 0.44875 0.5011111111111111 0.476875 0.5277777777777778 0.476875
2 0.2544444444444444 0.4575 0.32666666666666666 0.4575 0.2544444444444444 0.509375 0.32666666666666666 0.509375
2 0.3211111111111111 0.459375 0.3655555555555556 0.459375 0.3211111111111111 0.4975 0.3655555555555556 0.4975
2 0.36 0.459375 0.38722222222222225 0.459375 0.36 0.485625 0.38722222222222225 0.485625
2 0.38222222222222224 0.454375 0.4066666666666667 0.454375 0.38222222222222224 0.480625 0.4066666666666667 0.480625
2 0.39944444444444444 0.45375 0.4166666666666667 0.45375 0.39944444444444444 0.478125 0.4166666666666667 0.478125
2 0.4922222222222222 0.450625 0.5122222222222222 0.450625 0.4922222222222222 0.470625 0.5122222222222222 0.470625