4 0.8033333333333333 0.400625 0.8183333333333334 0.400625 0.8033333333333333 0.415625 0.8183333333333334 0.415625
4 0.8266666666666667 0.343125 0.8444444444444444 0.343125 0.8266666666666667 0.37125 0.8444444444444444 0.37125
4 0.6116666666666667 0.380625 0.6227777777777778 0.380625 0.6116666666666667 0.409375 0.6227777777777778 0.409375
4 0.25055555555555553 0.391875 0.2633333333333333 0.391875 0.25055555555555553 0.42125 0.2633333333333333 0.42125
4 0.065 0.39625 0.075 0.39625 0.065 0.420625 0.075 0.420625
4 0.03722222222222222 0.428125 0.051111111111111114 0.428125 0.03722222222222222 0.44625 0.051111111111111114 0.44625
4 0.7894444444444444 0.3675 0.7983333333333333 0.3675 0.7894444444444444 0.390625 0.7983333333333333 0.390625
9 0.057777777777777775 0.423125 0.065 0.423125 0.057777777777777775 0.4525 0.065 0.4525
9 0.8044444444444444 0.38375 0.8144444444444444 0.38375 0.8044444444444444 0.3925 0.8144444444444444 0.3925
9 0.8283333333333334 0.3075 0.85 0.3075 0.8283333333333334 0.333125 0.85 0.333125
9 0.6066666666666667 0.41 0.6205555555555555 0.41 0.6066666666666667 0.435625 0.6205555555555555 0.435625
9 0.255 0.420625 0.2688888888888889 0.420625 0.255 0.445625 0.2688888888888889 0.445625
9 0.7955555555555556 0.3975 0.8005555555555556 0.3975 0.7955555555555556 0.423125 0.8005555555555556 0.423125
7 0.2772222222222222 0.4475 0.29388888888888887 0.4475 0.2772222222222222 0.501875 0.29388888888888887 0.501875
7 0.006666666666666667 0.426875 0.028888888888888888 0.426875 0.006666666666666667 0.540625 0.028888888888888888 0.540625
7 0 0.434375 0.012777777777777779 0.434375 0 0.53875 0.012777777777777779 0.53875
0 0.7311111111111112 0.46125 0.7633333333333333 0.46125 0.7311111111111112 0.51625 0.7633333333333333 0.51625
2 0.35444444444444445 0.455 0.3883333333333333 0.455 0.35444444444444445 0.48875 0.3883333333333333 0.48875
2 0.39944444444444444 0.37875 0.6027777777777777 0.37875 0.39944444444444444 0.585625 0.6027777777777777 0.585625
2 0.38555555555555554 0.45875 0.40166666666666667 0.45875 0.38555555555555554 0.48125 0.40166666666666667 0.48125
7 0.7305555555555555 0.424375 0.7616666666666667 0.424375 0.7305555555555555 0.503125 0.7616666666666667 0.503125