9 0.2704248366013072 0.390625 0.3022875816993464 0.390625 0.2704248366013072 0.4375 0.3022875816993464 0.4375
7 0.5972222222222222 0.453125 0.6062091503267973 0.453125 0.5972222222222222 0.48046875 0.6062091503267973 0.48046875
0 0.755718954248366 0.4755859375 0.7933006535947712 0.4755859375 0.755718954248366 0.5546875 0.7933006535947712 0.5546875
0 0.5816993464052288 0.4677734375 0.5947712418300654 0.4677734375 0.5816993464052288 0.4990234375 0.5947712418300654 0.4990234375
5 0.5236928104575164 0.486328125 0.5669934640522876 0.486328125 0.5236928104575164 0.5556640625 0.5669934640522876 0.5556640625
2 0.5130718954248366 0.4609375 0.5629084967320261 0.4609375 0.5130718954248366 0.513671875 0.5629084967320261 0.513671875
2 0.5563725490196079 0.462890625 0.5743464052287581 0.462890625 0.5563725490196079 0.482421875 0.5743464052287581 0.482421875
2 0.5718954248366013 0.458984375 0.5857843137254902 0.458984375 0.5718954248366013 0.474609375 0.5857843137254902 0.474609375
2 0.5759803921568627 0.4541015625 0.5841503267973857 0.4541015625 0.5759803921568627 0.4599609375 0.5841503267973857 0.4599609375
7 0.7581699346405228 0.4462890625 0.7924836601307189 0.4462890625 0.7581699346405228 0.5439453125 0.7924836601307189 0.5439453125
7 0.5269607843137255 0.4580078125 0.5637254901960784 0.4580078125 0.5269607843137255 0.5439453125 0.5637254901960784 0.5439453125
7 0.5825163398692811 0.4560546875 0.5955882352941176 0.4560546875 0.5825163398692811 0.4912109375 0.5955882352941176 0.4912109375