4 0.015 0.2825 0.03888888888888889 0.2825 0.015 0.355625 0.03888888888888889 0.355625
4 0.007222222222222222 0.3775 0.03388888888888889 0.3775 0.007222222222222222 0.400625 0.03388888888888889 0.400625
4 0.13111111111111112 0.284375 0.14055555555555554 0.284375 0.13111111111111112 0.315625 0.14055555555555554 0.315625
4 0.17166666666666666 0.31875 0.18055555555555555 0.31875 0.17166666666666666 0.345 0.18055555555555555 0.345
4 0.26055555555555554 0.403125 0.27055555555555555 0.403125 0.26055555555555554 0.430625 0.27055555555555555 0.430625
4 0.27055555555555555 0.403125 0.27555555555555555 0.403125 0.27055555555555555 0.430625 0.27555555555555555 0.430625
4 0.2594444444444444 0.44 0.26722222222222225 0.44 0.2594444444444444 0.44875 0.26722222222222225 0.44875
4 0.20833333333333334 0.404375 0.21666666666666667 0.404375 0.20833333333333334 0.426875 0.21666666666666667 0.426875
4 0.2038888888888889 0.438125 0.21388888888888888 0.438125 0.2038888888888889 0.45125 0.21388888888888888 0.45125
4 0.5788888888888889 0.4375 0.5861111111111111 0.4375 0.5788888888888889 0.445625 0.5861111111111111 0.445625
4 0.5772222222222222 0.403125 0.5866666666666667 0.403125 0.5772222222222222 0.428125 0.5866666666666667 0.428125
4 0.6583333333333333 0.401875 0.6683333333333333 0.401875 0.6583333333333333 0.429375 0.6683333333333333 0.429375
4 0.6622222222222223 0.435625 0.67 0.435625 0.6622222222222223 0.44625 0.67 0.44625
4 0.7833333333333333 0.383125 0.8077777777777778 0.383125 0.7833333333333333 0.409375 0.8077777777777778 0.409375
4 0.7822222222222223 0.28375 0.805 0.28375 0.7822222222222223 0.346875 0.805 0.346875
4 0.7827777777777778 0.25 0.7911111111111111 0.25 0.7827777777777778 0.27875 0.7911111111111111 0.27875
4 0.7388888888888889 0.268125 0.7477777777777778 0.268125 0.7388888888888889 0.300625 0.7477777777777778 0.300625
4 0.7705555555555555 0.285625 0.7794444444444445 0.285625 0.7705555555555555 0.36125 0.7794444444444445 0.36125
4 0.9061111111111111 0.3275 0.9205555555555556 0.3275 0.9061111111111111 0.37875 0.9205555555555556 0.37875
4 0.9155555555555556 0.400625 0.9322222222222222 0.400625 0.9155555555555556 0.42125 0.9322222222222222 0.42125
9 0.044444444444444446 0.42875 0.051666666666666666 0.42875 0.044444444444444446 0.445 0.051666666666666666 0.445
9 0.07 0.436875 0.07444444444444444 0.436875 0.07 0.44875 0.07444444444444444 0.44875
9 0.058888888888888886 0.44875 0.06722222222222222 0.44875 0.058888888888888886 0.473125 0.06722222222222222 0.473125
9 0.05444444444444444 0.478125 0.075 0.478125 0.05444444444444444 0.48875 0.075 0.48875
9 0.17222222222222222 0.368125 0.18833333333333332 0.368125 0.17222222222222222 0.384375 0.18833333333333332 0.384375
9 0.52 0.43875 0.5272222222222223 0.43875 0.52 0.45 0.5272222222222223 0.45
9 0.8466666666666667 0.2925 0.8833333333333333 0.2925 0.8466666666666667 0.3225 0.8833333333333333 0.3225
9 0.7783333333333333 0.455 0.7833333333333333 0.455 0.7783333333333333 0.479375 0.7833333333333333 0.479375
9 0.7694444444444445 0.484375 0.7916666666666666 0.484375 0.7694444444444445 0.491875 0.7916666666666666 0.491875
0 0 0.5025 0.1111111111111111 0.5025 0 0.69875 0.1111111111111111 0.69875
2 0.4538888888888889 0.45875 0.47444444444444445 0.45875 0.4538888888888889 0.4775 0.47444444444444445 0.4775
2 0.49166666666666664 0.46125 0.5033333333333333 0.46125 0.49166666666666664 0.481875 0.5033333333333333 0.481875
2 0.4955555555555556 0.4625 0.5205555555555555 0.4625 0.4955555555555556 0.485 0.5205555555555555 0.485
2 0.43555555555555553 0.46 0.45055555555555554 0.46 0.43555555555555553 0.471875 0.45055555555555554 0.471875
2 0.41333333333333333 0.45875 0.4266666666666667 0.45875 0.41333333333333333 0.471875 0.4266666666666667 0.471875
2 0.42444444444444446 0.46 0.4311111111111111 0.46 0.42444444444444446 0.470625 0.4311111111111111 0.470625
2 0.38333333333333336 0.4625 0.4211111111111111 0.4625 0.38333333333333336 0.495 0.4211111111111111 0.495
2 0.3138888888888889 0.458125 0.36 0.458125 0.3138888888888889 0.49875 0.36 0.49875
2 0.4683333333333333 0.4575 0.47833333333333333 0.4575 0.4683333333333333 0.470625 0.47833333333333333 0.470625
2 0.4866666666666667 0.4575 0.5044444444444445 0.4575 0.4866666666666667 0.476875 0.5044444444444445 0.476875
7 0.0011111111111111111 0.401875 0.06166666666666667 0.401875 0.0011111111111111111 0.52 0.06166666666666667 0.52