9 0.5588888888888889 0.43875 0.5666666666666667 0.43875 0.5588888888888889 0.446875 0.5666666666666667 0.446875
9 0.5594444444444444 0.446875 0.5666666666666667 0.446875 0.5594444444444444 0.45125 0.5666666666666667 0.45125
9 0.55 0.44375 0.555 0.44375 0.55 0.45 0.555 0.45
9 0.6072222222222222 0.41625 0.615 0.41625 0.6072222222222222 0.43375 0.615 0.43375
9 0.42833333333333334 0.441875 0.43722222222222223 0.441875 0.42833333333333334 0.45 0.43722222222222223 0.45
9 0.4305555555555556 0.45 0.4361111111111111 0.45 0.4305555555555556 0.454375 0.4361111111111111 0.454375
9 0.2922222222222222 0.45125 0.29944444444444446 0.45125 0.2922222222222222 0.4625 0.29944444444444446 0.4625
9 0.12166666666666667 0.39 0.1938888888888889 0.39 0.12166666666666667 0.419375 0.1938888888888889 0.419375
9 0.8772222222222222 0.31375 0.9211111111111111 0.31375 0.8772222222222222 0.360625 0.9211111111111111 0.360625
9 0.8838888888888888 0.363125 0.9183333333333333 0.363125 0.8838888888888888 0.383125 0.9183333333333333 0.383125
2 0.48333333333333334 0.445 0.5255555555555556 0.445 0.48333333333333334 0.4875 0.5255555555555556 0.4875
2 0.4622222222222222 0.4575 0.48 0.4575 0.4622222222222222 0.47375 0.48 0.47375
2 0.1111111111111111 0.4725 0.12944444444444445 0.4725 0.1111111111111111 0.485625 0.12944444444444445 0.485625
2 0.3372222222222222 0.465 0.3566666666666667 0.465 0.3372222222222222 0.47875 0.3566666666666667 0.47875
2 0.3888888888888889 0.466875 0.4083333333333333 0.466875 0.3888888888888889 0.478125 0.4083333333333333 0.478125