9 0.06777777777777778 0.41375 0.075 0.41375 0.06777777777777778 0.4325 0.075 0.4325
9 0.08944444444444444 0.4175 0.0961111111111111 0.4175 0.08944444444444444 0.435 0.0961111111111111 0.435
7 0.28555555555555556 0.45125 0.29 0.45125 0.28555555555555556 0.4675 0.29 0.4675
7 0.2966666666666667 0.449375 0.3038888888888889 0.449375 0.2966666666666667 0.469375 0.3038888888888889 0.469375
7 0.5455555555555556 0.4325 0.5722222222222222 0.4325 0.5455555555555556 0.508125 0.5722222222222222 0.508125
2 0.03944444444444444 0.45125 0.08 0.45125 0.03944444444444444 0.4775 0.08 0.4775
2 0.06666666666666667 0.455 0.15833333333333333 0.455 0.06666666666666667 0.515 0.15833333333333333 0.515
2 0.13055555555555556 0.455625 0.15222222222222223 0.455625 0.13055555555555556 0.476875 0.15222222222222223 0.476875
2 0.16277777777777777 0.451875 0.175 0.451875 0.16277777777777777 0.480625 0.175 0.480625
2 0.13944444444444445 0.4475 0.1622222222222222 0.4475 0.13944444444444445 0.4625 0.1622222222222222 0.4625
2 0.30944444444444447 0.454375 0.32666666666666666 0.454375 0.30944444444444447 0.46625 0.32666666666666666 0.46625
2 0.3433333333333333 0.4525 0.3527777777777778 0.4525 0.3433333333333333 0.463125 0.3527777777777778 0.463125