9 0.39 0.424375 0.4011111111111111 0.424375 0.39 0.438125 0.4011111111111111 0.438125
9 0.2111111111111111 0.3975 0.22833333333333333 0.3975 0.2111111111111111 0.4375 0.22833333333333333 0.4375
9 0.25722222222222224 0.406875 0.315 0.406875 0.25722222222222224 0.443125 0.315 0.443125
9 0.5038888888888889 0.420625 0.5455555555555556 0.420625 0.5038888888888889 0.44375 0.5455555555555556 0.44375
7 0.8472222222222222 0.413125 0.8761111111111111 0.413125 0.8472222222222222 0.48125 0.8761111111111111 0.48125
7 0.35444444444444445 0.46125 0.36277777777777775 0.46125 0.35444444444444445 0.49125 0.36277777777777775 0.49125
7 0.3211111111111111 0.449375 0.335 0.449375 0.3211111111111111 0.50625 0.335 0.50625
2 0.7927777777777778 0.42375 0.9994444444444445 0.42375 0.7927777777777778 0.705 0.9994444444444445 0.705
2 0.5911111111111111 0.44875 0.6944444444444444 0.44875 0.5911111111111111 0.531875 0.6944444444444444 0.531875
2 0.5727777777777778 0.455 0.6122222222222222 0.455 0.5727777777777778 0.515625 0.6122222222222222 0.515625
2 0.4922222222222222 0.444375 0.5583333333333333 0.444375 0.4922222222222222 0.495 0.5583333333333333 0.495
2 0.24666666666666667 0.4425 0.34 0.4425 0.24666666666666667 0.513125 0.34 0.513125
2 0 0.46875 0.12611111111111112 0.46875 0 0.5125 0.12611111111111112 0.5125