4 0.14055555555555554 0.373125 0.14944444444444444 0.373125 0.14055555555555554 0.40875 0.14944444444444444 0.40875
4 0.16 0.41625 0.1738888888888889 0.41625 0.16 0.431875 0.1738888888888889 0.431875
4 0.41944444444444445 0.435625 0.4261111111111111 0.435625 0.41944444444444445 0.4425 0.4261111111111111 0.4425
4 0.5416666666666666 0.351875 0.56 0.351875 0.5416666666666666 0.376875 0.56 0.376875
4 0.6877777777777778 0.33375 0.7044444444444444 0.33375 0.6877777777777778 0.37375 0.7044444444444444 0.37375
4 0.5377777777777778 0.396875 0.5533333333333333 0.396875 0.5377777777777778 0.415 0.5533333333333333 0.415
4 0.6333333333333333 0.31 0.67 0.31 0.6333333333333333 0.34375 0.67 0.34375
9 0.41944444444444445 0.429375 0.4305555555555556 0.429375 0.41944444444444445 0.435625 0.4305555555555556 0.435625
9 0.5088888888888888 0.40875 0.5144444444444445 0.40875 0.5088888888888888 0.418125 0.5144444444444445 0.418125
9 0.5077777777777778 0.418125 0.5172222222222222 0.418125 0.5077777777777778 0.43 0.5172222222222222 0.43
9 0.6305555555555555 0.2175 0.6666666666666666 0.2175 0.6305555555555555 0.280625 0.6666666666666666 0.280625
9 0.6572222222222223 0.278125 0.6733333333333333 0.278125 0.6572222222222223 0.310625 0.6733333333333333 0.310625
9 0.6922222222222222 0.3775 0.7066666666666667 0.3775 0.6922222222222222 0.384375 0.7066666666666667 0.384375
9 0.7211111111111111 0.380625 0.7483333333333333 0.380625 0.7211111111111111 0.389375 0.7483333333333333 0.389375
9 0.5144444444444445 0.39625 0.5277777777777778 0.39625 0.5144444444444445 0.413125 0.5277777777777778 0.413125
9 0.5194444444444445 0.42 0.525 0.42 0.5194444444444445 0.43 0.525 0.43
7 0.5327777777777778 0.4375 0.5466666666666666 0.4375 0.5327777777777778 0.474375 0.5466666666666666 0.474375
7 0.6722222222222223 0.418125 0.6866666666666666 0.418125 0.6722222222222223 0.475 0.6866666666666666 0.475
7 0.6377777777777778 0.42125 0.6577777777777778 0.42125 0.6377777777777778 0.474375 0.6577777777777778 0.474375
2 0 0.42875 0.13111111111111112 0.42875 0 0.634375 0.13111111111111112 0.634375
2 0.25277777777777777 0.450625 0.3022222222222222 0.450625 0.25277777777777777 0.49 0.3022222222222222 0.49
2 0.36444444444444446 0.438125 0.4061111111111111 0.438125 0.36444444444444446 0.4775 0.4061111111111111 0.4775
2 0.47555555555555556 0.45125 0.48444444444444446 0.45125 0.47555555555555556 0.459375 0.48444444444444446 0.459375
2 0.4861111111111111 0.44375 0.515 0.44375 0.4861111111111111 0.474375 0.515 0.474375
3 0.5372222222222223 0.45 0.5455555555555556 0.45 0.5372222222222223 0.473125 0.5455555555555556 0.473125