4 0.9311111111111111 0.350625 0.9405555555555556 0.350625 0.9311111111111111 0.38125 0.9405555555555556 0.38125
4 0.8911111111111111 0.32125 0.8966666666666666 0.32125 0.8911111111111111 0.369375 0.8966666666666666 0.369375
4 0.8966666666666666 0.39125 0.9038888888888889 0.39125 0.8966666666666666 0.4075 0.9038888888888889 0.4075
4 0.9111111111111111 0.3875 0.9222222222222223 0.3875 0.9111111111111111 0.409375 0.9222222222222223 0.409375
4 0.7933333333333333 0.390625 0.7972222222222223 0.390625 0.7933333333333333 0.41125 0.7972222222222223 0.41125
4 0.6133333333333333 0.37375 0.6194444444444445 0.37375 0.6133333333333333 0.409375 0.6194444444444445 0.409375
4 0.5616666666666666 0.345625 0.5677777777777778 0.345625 0.5616666666666666 0.3725 0.5677777777777778 0.3725
4 0.6138888888888889 0.418125 0.6205555555555555 0.418125 0.6138888888888889 0.424375 0.6205555555555555 0.424375
4 0.5455555555555556 0.431875 0.5483333333333333 0.431875 0.5455555555555556 0.43875 0.5483333333333333 0.43875
4 0.5211111111111111 0.415625 0.5233333333333333 0.415625 0.5211111111111111 0.421875 0.5233333333333333 0.421875
4 0.5216666666666666 0.43625 0.5233333333333333 0.43625 0.5216666666666666 0.440625 0.5233333333333333 0.440625
4 0.3161111111111111 0.3975 0.3233333333333333 0.3975 0.3161111111111111 0.42625 0.3233333333333333 0.42625
4 0.08722222222222223 0.3125 0.09277777777777778 0.3125 0.08722222222222223 0.334375 0.09277777777777778 0.334375
4 0.7983333333333333 0.416875 0.8016666666666666 0.416875 0.7983333333333333 0.425625 0.8016666666666666 0.425625
4 0.8611111111111112 0.2775 0.8705555555555555 0.2775 0.8611111111111112 0.3075 0.8705555555555555 0.3075
4 0.825 0.284375 0.8327777777777777 0.284375 0.825 0.3125 0.8327777777777777 0.3125
9 0.8455555555555555 0.286875 0.85 0.286875 0.8455555555555555 0.301875 0.85 0.301875
9 0.94 0.303125 0.95 0.303125 0.94 0.31625 0.95 0.31625
7 0.9283333333333333 0.4325 0.9394444444444444 0.4325 0.9283333333333333 0.490625 0.9394444444444444 0.490625
7 0.9166666666666666 0.435625 0.9294444444444444 0.435625 0.9166666666666666 0.493125 0.9294444444444444 0.493125
7 0.8538888888888889 0.434375 0.8688888888888889 0.434375 0.8538888888888889 0.49625 0.8688888888888889 0.49625
7 0.8388888888888889 0.44 0.865 0.44 0.8388888888888889 0.5 0.865 0.5
7 0.7905555555555556 0.440625 0.7983333333333333 0.440625 0.7905555555555556 0.47125 0.7983333333333333 0.47125
7 0.7822222222222223 0.436875 0.79 0.436875 0.7822222222222223 0.46875 0.79 0.46875
7 0.6133333333333333 0.43875 0.6216666666666667 0.43875 0.6133333333333333 0.470625 0.6216666666666667 0.470625
7 0.5872222222222222 0.4475 0.5916666666666667 0.4475 0.5872222222222222 0.464375 0.5916666666666667 0.464375
7 0.16444444444444445 0.436875 0.18166666666666667 0.436875 0.16444444444444445 0.494375 0.18166666666666667 0.494375
7 0.16 0.429375 0.1938888888888889 0.429375 0.16 0.495 0.1938888888888889 0.495
7 0.019444444444444445 0.4475 0.028333333333333332 0.4475 0.019444444444444445 0.461875 0.028333333333333332 0.461875
0 0.8205555555555556 0.543125 0.9994444444444445 0.543125 0.8205555555555556 0.795 0.9994444444444445 0.795
0 0.8044444444444444 0.455 0.8361111111111111 0.455 0.8044444444444444 0.478125 0.8361111111111111 0.478125
0 0.10611111111111111 0.471875 0.12666666666666668 0.471875 0.10611111111111111 0.495625 0.12666666666666668 0.495625
2 0.6394444444444445 0.4275 0.7894444444444444 0.4275 0.6394444444444445 0.56125 0.7894444444444444 0.56125
2 0.9161111111111111 0.44875 0.9472222222222222 0.44875 0.9161111111111111 0.48125 0.9472222222222222 0.48125
2 0.8961111111111111 0.438125 0.9455555555555556 0.438125 0.8961111111111111 0.47625 0.9455555555555556 0.47625
2 0.865 0.445 0.9166666666666666 0.445 0.865 0.478125 0.9166666666666666 0.478125
2 0.5588888888888889 0.45 0.5888888888888889 0.45 0.5588888888888889 0.463125 0.5888888888888889 0.463125
2 0.5166666666666667 0.446875 0.5288888888888889 0.446875 0.5166666666666667 0.459375 0.5288888888888889 0.459375
2 0 0.445625 0.03833333333333333 0.445625 0 0.488125 0.03833333333333333 0.488125
7 0.9433333333333334 0.295625 0.9994444444444445 0.295625 0.9433333333333334 0.563125 0.9994444444444445 0.563125
7 0.8177777777777778 0.43375 0.8305555555555556 0.43375 0.8177777777777778 0.476875 0.8305555555555556 0.476875
7 0.10555555555555556 0.445625 0.12166666666666667 0.445625 0.10555555555555556 0.488125 0.12166666666666667 0.488125
7 0 0.435 0.006666666666666667 0.435 0 0.44875 0.006666666666666667 0.44875
3 0.9072222222222223 0.46125 0.9211111111111111 0.46125 0.9072222222222223 0.500625 0.9211111111111111 0.500625
0 0.5372222222222223 0.514375 0.8072222222222222 0.514375 0.5372222222222223 0.835625 0.8072222222222222 0.835625