9 0.10333333333333333 0.263125 0.1438888888888889 0.263125 0.10333333333333333 0.32 0.1438888888888889 0.32
9 0.105 0.320625 0.14 0.320625 0.105 0.346875 0.14 0.346875
7 0.7716666666666666 0.41625 0.8133333333333334 0.41625 0.7716666666666666 0.5775 0.8133333333333334 0.5775
7 0.47055555555555556 0.475625 0.4761111111111111 0.475625 0.47055555555555556 0.48875 0.4761111111111111 0.48875
7 0.4572222222222222 0.4725 0.4627777777777778 0.4725 0.4572222222222222 0.4875 0.4627777777777778 0.4875
7 0.4061111111111111 0.466875 0.41333333333333333 0.466875 0.4061111111111111 0.48875 0.41333333333333333 0.48875
0 0.3827777777777778 0.470625 0.39555555555555555 0.470625 0.3827777777777778 0.49 0.39555555555555555 0.49
2 0.6916666666666667 0.45 0.8133333333333334 0.45 0.6916666666666667 0.521875 0.8133333333333334 0.521875
2 0.6183333333333333 0.4625 0.6416666666666667 0.4625 0.6183333333333333 0.5025 0.6416666666666667 0.5025
2 0.5666666666666667 0.433125 0.65 0.433125 0.5666666666666667 0.500625 0.65 0.500625
2 0.54 0.45375 0.57 0.45375 0.54 0.493125 0.57 0.493125
2 0.5238888888888888 0.455 0.5438888888888889 0.455 0.5238888888888888 0.48875 0.5438888888888889 0.48875
2 0.5088888888888888 0.4675 0.5316666666666666 0.4675 0.5088888888888888 0.48875 0.5316666666666666 0.48875
2 0.4955555555555556 0.473125 0.51 0.473125 0.4955555555555556 0.488125 0.51 0.488125
2 0.5622222222222222 0.446875 0.6422222222222222 0.446875 0.5622222222222222 0.499375 0.6422222222222222 0.499375
7 0.38222222222222224 0.46125 0.39555555555555555 0.46125 0.38222222222222224 0.485 0.39555555555555555 0.485
2 0.6411111111111111 0.4275 0.7527777777777778 0.4275 0.6411111111111111 0.504375 0.7527777777777778 0.504375
2 0.8038888888888889 0.4075 0.915 0.4075 0.8038888888888889 0.49125 0.915 0.49125