4 0.6066666666666667 0.3475 0.62 0.3475 0.6066666666666667 0.38375 0.62 0.38375
4 0.5061111111111111 0.431875 0.5094444444444445 0.431875 0.5061111111111111 0.4375 0.5094444444444445 0.4375
4 0.13777777777777778 0.341875 0.15444444444444444 0.341875 0.13777777777777778 0.38875 0.15444444444444444 0.38875
4 0.14444444444444443 0.398125 0.15555555555555556 0.398125 0.14444444444444443 0.435625 0.15555555555555556 0.435625
7 0.9577777777777777 0.426875 0.985 0.426875 0.9577777777777777 0.46375 0.985 0.46375
7 0.9494444444444444 0.40125 0.9788888888888889 0.40125 0.9494444444444444 0.461875 0.9788888888888889 0.461875
7 0.9327777777777778 0.4175 0.9488888888888889 0.4175 0.9327777777777778 0.453125 0.9488888888888889 0.453125
7 0.49277777777777776 0.4525 0.49944444444444447 0.4525 0.49277777777777776 0.47125 0.49944444444444447 0.47125
7 0.9722222222222222 0.406875 0.9994444444444445 0.406875 0.9722222222222222 0.4475 0.9994444444444445 0.4475
2 0 0.441875 0.25166666666666665 0.441875 0 0.625625 0.25166666666666665 0.625625
2 0.3288888888888889 0.454375 0.4011111111111111 0.454375 0.3288888888888889 0.509375 0.4011111111111111 0.509375
2 0.4627777777777778 0.455 0.4866666666666667 0.455 0.4627777777777778 0.475625 0.4866666666666667 0.475625
2 0.43333333333333335 0.4525 0.45166666666666666 0.4525 0.43333333333333335 0.47125 0.45166666666666666 0.47125
2 0.45 0.455 0.45944444444444443 0.455 0.45 0.47125 0.45944444444444443 0.47125