7 0.478125 0.44921875 0.4828125 0.44921875 0.478125 0.46484375 0.4828125 0.46484375
0 0.33671875 0.5078125 0.35625 0.5078125 0.33671875 0.560546875 0.35625 0.560546875
2 0.87109375 0.599609375 0.99921875 0.599609375 0.87109375 0.94921875 0.99921875 0.94921875
2 0.74296875 0.5517578125 0.99921875 0.5517578125 0.74296875 0.8408203125 0.99921875 0.8408203125
2 0.67734375 0.4873046875 0.8734375 0.4873046875 0.67734375 0.7041015625 0.8734375 0.7041015625
2 0.5859375 0.4677734375 0.69140625 0.4677734375 0.5859375 0.5859375 0.69140625 0.5859375
2 0.56171875 0.470703125 0.615625 0.470703125 0.56171875 0.5625 0.615625 0.5625
2 0.546875 0.4765625 0.5796875 0.4765625 0.546875 0.53515625 0.5796875 0.53515625
2 0.53828125 0.46484375 0.584375 0.46484375 0.53828125 0.5244140625 0.584375 0.5244140625
2 0.528125 0.4619140625 0.55546875 0.4619140625 0.528125 0.513671875 0.55546875 0.513671875
2 0.51640625 0.455078125 0.5515625 0.455078125 0.51640625 0.5 0.5515625 0.5
2 0.50546875 0.458984375 0.52265625 0.458984375 0.50546875 0.4921875 0.52265625 0.4921875
2 0.5 0.4560546875 0.5140625 0.4560546875 0.5 0.4794921875 0.5140625 0.4794921875
2 0.49453125 0.45703125 0.5046875 0.45703125 0.49453125 0.4755859375 0.5046875 0.4755859375
2 0.48984375 0.453125 0.50625 0.453125 0.48984375 0.470703125 0.50625 0.470703125
2 0.48515625 0.451171875 0.49375 0.451171875 0.48515625 0.46484375 0.49375 0.46484375
2 0.45703125 0.4521484375 0.48046875 0.4521484375 0.45703125 0.4814453125 0.48046875 0.4814453125
2 0.59296875 0.4453125 0.6375 0.4453125 0.59296875 0.4658203125 0.6375 0.4658203125
2 0 0.478515625 0.1234375 0.478515625 0 0.583984375 0.1234375 0.583984375
2 0.1140625 0.47265625 0.19765625 0.47265625 0.1140625 0.5498046875 0.19765625 0.5498046875
2 0.2375 0.47265625 0.29453125 0.47265625 0.2375 0.5244140625 0.29453125 0.5244140625
2 0.14296875 0.462890625 0.2375 0.462890625 0.14296875 0.5166015625 0.2375 0.5166015625
2 0.23359375 0.462890625 0.32265625 0.462890625 0.23359375 0.51171875 0.32265625 0.51171875
2 0.32890625 0.478515625 0.375 0.478515625 0.32890625 0.5224609375 0.375 0.5224609375
2 0.3734375 0.4677734375 0.40625 0.4677734375 0.3734375 0.501953125 0.40625 0.501953125
2 0.39453125 0.466796875 0.41328125 0.466796875 0.39453125 0.4921875 0.41328125 0.4921875
2 0.4140625 0.4599609375 0.434375 0.4599609375 0.4140625 0.4814453125 0.434375 0.4814453125
2 0.42421875 0.4560546875 0.440625 0.4560546875 0.42421875 0.474609375 0.440625 0.474609375
2 0.434375 0.453125 0.446875 0.453125 0.434375 0.47265625 0.446875 0.47265625
2 0.44296875 0.4521484375 0.4515625 0.4521484375 0.44296875 0.466796875 0.4515625 0.466796875
7 0.3328125 0.478515625 0.35859375 0.478515625 0.3328125 0.5458984375 0.35859375 0.5458984375