9 0.5859375 0.4248046875 0.603125 0.4248046875 0.5859375 0.4453125 0.603125 0.4453125
9 0.36015625 0.4326171875 0.3734375 0.4326171875 0.36015625 0.44921875 0.3734375 0.44921875
9 0.32265625 0.4326171875 0.33046875 0.4326171875 0.32265625 0.4462890625 0.33046875 0.4462890625
7 0.13125 0.474609375 0.14765625 0.474609375 0.13125 0.5419921875 0.14765625 0.5419921875
7 0.11484375 0.4619140625 0.1296875 0.4619140625 0.11484375 0.517578125 0.1296875 0.517578125
7 0.3359375 0.462890625 0.346875 0.462890625 0.3359375 0.498046875 0.346875 0.498046875
7 0.328125 0.4638671875 0.3359375 0.4638671875 0.328125 0.4970703125 0.3359375 0.4970703125
7 0.4265625 0.4619140625 0.4390625 0.4619140625 0.4265625 0.50390625 0.4390625 0.50390625
7 0.66796875 0.4736328125 0.6796875 0.4736328125 0.66796875 0.5302734375 0.6796875 0.5302734375
7 0.68046875 0.470703125 0.69609375 0.470703125 0.68046875 0.50390625 0.69609375 0.50390625
7 0.36875 0.4716796875 0.37578125 0.4716796875 0.36875 0.4970703125 0.37578125 0.4970703125
7 0.3875 0.46484375 0.3921875 0.46484375 0.3875 0.484375 0.3921875 0.484375
0 0.4125 0.48046875 0.415625 0.48046875 0.4125 0.490234375 0.415625 0.490234375
2 0.44296875 0.4765625 0.54609375 0.4765625 0.44296875 0.5927734375 0.54609375 0.5927734375
2 0.65625 0.501953125 0.78671875 0.501953125 0.65625 0.62109375 0.78671875 0.62109375
2 0.57109375 0.4853515625 0.6390625 0.4853515625 0.57109375 0.548828125 0.6390625 0.548828125
2 0.55390625 0.478515625 0.60078125 0.478515625 0.55390625 0.53515625 0.60078125 0.53515625
2 0.54609375 0.478515625 0.571875 0.478515625 0.54609375 0.52734375 0.571875 0.52734375
2 0.51953125 0.46875 0.54453125 0.46875 0.51953125 0.4990234375 0.54453125 0.4990234375
2 0.18046875 0.4814453125 0.3078125 0.4814453125 0.18046875 0.53515625 0.3078125 0.53515625
2 0.49921875 0.46484375 0.51484375 0.46484375 0.49921875 0.48046875 0.51484375 0.48046875
2 0.465625 0.466796875 0.4765625 0.466796875 0.465625 0.4775390625 0.4765625 0.4775390625
2 0.90703125 0.4794921875 0.94609375 0.4794921875 0.90703125 0.5341796875 0.94609375 0.5341796875
2 0.95 0.4814453125 0.99609375 0.4814453125 0.95 0.5009765625 0.99609375 0.5009765625
2 0.91171875 0.4736328125 0.9515625 0.4736328125 0.91171875 0.5 0.9515625 0.5
2 0.434375 0.4609375 0.45234375 0.4609375 0.434375 0.4765625 0.45234375 0.4765625
7 0.4109375 0.46875 0.41640625 0.46875 0.4109375 0.490234375 0.41640625 0.490234375
5 0.034375 0.4912109375 0.10546875 0.4912109375 0.034375 0.54296875 0.10546875 0.54296875
0 0.14609375 0.486328125 0.1796875 0.486328125 0.14609375 0.521484375 0.1796875 0.521484375