4 0.9588888888888889 0.30375 0.9794444444444445 0.30375 0.9588888888888889 0.355625 0.9794444444444445 0.355625
4 0.6333333333333333 0.394375 0.6494444444444445 0.394375 0.6333333333333333 0.41125 0.6494444444444445 0.41125
4 0.6383333333333333 0.330625 0.655 0.330625 0.6383333333333333 0.378125 0.655 0.378125
4 0.08 0.41 0.09333333333333334 0.41 0.08 0.42375 0.09333333333333334 0.42375
4 0.07722222222222222 0.346875 0.09111111111111111 0.346875 0.07722222222222222 0.39375 0.09111111111111111 0.39375
9 0.6294444444444445 0.376875 0.6655555555555556 0.376875 0.6294444444444445 0.39 0.6655555555555556 0.39
9 0.07 0.39375 0.10277777777777777 0.39375 0.07 0.405 0.10277777777777777 0.405
7 0.9644444444444444 0.415 0.99 0.415 0.9644444444444444 0.503125 0.99 0.503125
7 0.715 0.426875 0.735 0.426875 0.715 0.491875 0.735 0.491875
7 0.6905555555555556 0.435625 0.705 0.435625 0.6905555555555556 0.45875 0.705 0.45875
7 0.6677777777777778 0.431875 0.6861111111111111 0.431875 0.6677777777777778 0.4675 0.6861111111111111 0.4675
2 0.425 0.45875 0.44222222222222224 0.45875 0.425 0.475625 0.44222222222222224 0.475625
2 0.39944444444444444 0.45875 0.42277777777777775 0.45875 0.39944444444444444 0.479375 0.42277777777777775 0.479375
2 0.3038888888888889 0.454375 0.3466666666666667 0.454375 0.3038888888888889 0.491875 0.3466666666666667 0.491875
2 0.4361111111111111 0.391875 0.6111111111111112 0.391875 0.4361111111111111 0.574375 0.6111111111111112 0.574375