4 0.4076797385620915 0.466796875 0.4150326797385621 0.466796875 0.4076797385620915 0.4873046875 0.4150326797385621 0.4873046875
4 0.5024509803921569 0.4658203125 0.5081699346405228 0.4658203125 0.5024509803921569 0.4833984375 0.5081699346405228 0.4833984375
9 0.10375816993464053 0.4140625 0.12745098039215685 0.4140625 0.10375816993464053 0.4453125 0.12745098039215685 0.4453125
9 0.10375816993464053 0.4423828125 0.1315359477124183 0.4423828125 0.10375816993464053 0.45703125 0.1315359477124183 0.45703125
9 0.6887254901960784 0.4541015625 0.7197712418300654 0.4541015625 0.6887254901960784 0.4970703125 0.7197712418300654 0.4970703125
9 0.7009803921568627 0.498046875 0.7148692810457516 0.498046875 0.7009803921568627 0.5048828125 0.7148692810457516 0.5048828125
9 0.5906862745098039 0.4873046875 0.6045751633986928 0.4873046875 0.5906862745098039 0.5029296875 0.6045751633986928 0.5029296875
9 0.5392156862745098 0.48828125 0.545751633986928 0.48828125 0.5392156862745098 0.4970703125 0.545751633986928 0.4970703125
9 0.7263071895424836 0.474609375 0.7524509803921569 0.474609375 0.7263071895424836 0.482421875 0.7524509803921569 0.482421875
9 0.7344771241830066 0.466796875 0.7532679738562091 0.466796875 0.7344771241830066 0.474609375 0.7532679738562091 0.474609375
2 0.44362745098039214 0.513671875 0.4991830065359477 0.513671875 0.44362745098039214 0.5673828125 0.4991830065359477 0.5673828125
2 0.4534313725490196 0.5009765625 0.4812091503267974 0.5009765625 0.4534313725490196 0.5146484375 0.4812091503267974 0.5146484375
2 0.42401960784313725 0.5078125 0.45016339869281047 0.5078125 0.42401960784313725 0.533203125 0.45016339869281047 0.533203125
2 0.4011437908496732 0.505859375 0.41911764705882354 0.505859375 0.4011437908496732 0.52734375 0.41911764705882354 0.52734375
2 0.3946078431372549 0.5087890625 0.4076797385620915 0.5087890625 0.3946078431372549 0.537109375 0.4076797385620915 0.537109375
2 0.37173202614379086 0.509765625 0.4011437908496732 0.509765625 0.37173202614379086 0.5400390625 0.4011437908496732 0.5400390625
2 0.34068627450980393 0.513671875 0.37745098039215685 0.513671875 0.34068627450980393 0.5556640625 0.37745098039215685 0.5556640625
2 0.2965686274509804 0.513671875 0.35947712418300654 0.513671875 0.2965686274509804 0.564453125 0.35947712418300654 0.564453125
2 0.1895424836601307 0.5107421875 0.29330065359477125 0.5107421875 0.1895424836601307 0.609375 0.29330065359477125 0.609375
2 0.12009803921568628 0.521484375 0.24918300653594772 0.521484375 0.12009803921568628 0.6435546875 0.24918300653594772 0.6435546875
2 0 0.5302734375 0.16748366013071894 0.5302734375 0 0.693359375 0.16748366013071894 0.693359375
2 0 0.6015625 0.025326797385620915 0.6015625 0 0.7353515625 0.025326797385620915 0.7353515625