1 0.6176470588235294 0.3896484375 0.7124183006535948 0.3896484375 0.6176470588235294 0.52734375 0.7124183006535948 0.52734375
1 0.4918300653594771 0.4453125 0.5269607843137255 0.4453125 0.4918300653594771 0.4697265625 0.5269607843137255 0.4697265625
4 0.5400326797385621 0.4033203125 0.548202614379085 0.4033203125 0.5400326797385621 0.4306640625 0.548202614379085 0.4306640625
4 0.7508169934640523 0.40625 0.761437908496732 0.40625 0.7508169934640523 0.4345703125 0.761437908496732 0.4345703125
9 0.010620915032679739 0.4404296875 0.03839869281045752 0.4404296875 0.010620915032679739 0.4541015625 0.03839869281045752 0.4541015625
9 0.11356209150326797 0.4345703125 0.13480392156862744 0.4345703125 0.11356209150326797 0.455078125 0.13480392156862744 0.455078125
7 0.27369281045751637 0.470703125 0.28022875816993464 0.470703125 0.27369281045751637 0.4912109375 0.28022875816993464 0.4912109375
13 0.10049019607843138 0.4287109375 0.2361111111111111 0.4287109375 0.10049019607843138 0.50390625 0.2361111111111111 0.50390625
2 0.934640522875817 0.591796875 0.9991830065359477 0.591796875 0.934640522875817 0.818359375 0.9991830065359477 0.818359375
2 0.7761437908496732 0.490234375 0.9991830065359477 0.490234375 0.7761437908496732 0.7109375 0.9991830065359477 0.7109375
2 0.6486928104575164 0.453125 0.8308823529411765 0.453125 0.6486928104575164 0.615234375 0.8308823529411765 0.615234375
2 0.5261437908496732 0.458984375 0.5939542483660131 0.458984375 0.5261437908496732 0.5244140625 0.5939542483660131 0.5244140625
2 0.5849673202614379 0.4677734375 0.5972222222222222 0.4677734375 0.5849673202614379 0.515625 0.5972222222222222 0.515625
2 0.5800653594771242 0.458984375 0.6160130718954249 0.458984375 0.5800653594771242 0.505859375 0.6160130718954249 0.505859375