9 0.359375 0.43359375 0.3671875 0.43359375 0.359375 0.447265625 0.3671875 0.447265625
9 0.709375 0.4208984375 0.7296875 0.4208984375 0.709375 0.439453125 0.7296875 0.439453125
9 0.52578125 0.4482421875 0.5328125 0.4482421875 0.52578125 0.4541015625 0.5328125 0.4541015625
9 0.52578125 0.4404296875 0.53359375 0.4404296875 0.52578125 0.4462890625 0.53359375 0.4462890625
7 0.08359375 0.4912109375 0.11015625 0.4912109375 0.08359375 0.595703125 0.11015625 0.595703125
7 0.0953125 0.48046875 0.12734375 0.48046875 0.0953125 0.5908203125 0.12734375 0.5908203125
7 0.33203125 0.46484375 0.3375 0.46484375 0.33203125 0.48828125 0.3375 0.48828125
7 0.93046875 0.4765625 0.96953125 0.4765625 0.93046875 0.6171875 0.96953125 0.6171875
7 0.42265625 0.462890625 0.4296875 0.462890625 0.42265625 0.4833984375 0.4296875 0.4833984375
7 0.41171875 0.46484375 0.4171875 0.46484375 0.41171875 0.482421875 0.4171875 0.482421875
7 0.43984375 0.466796875 0.44375 0.466796875 0.43984375 0.478515625 0.44375 0.478515625
2 0.02890625 0.4794921875 0.1703125 0.4794921875 0.02890625 0.5400390625 0.1703125 0.5400390625
2 0.02265625 0.453125 0.14609375 0.453125 0.02265625 0.5029296875 0.14609375 0.5029296875
2 0.25625 0.4658203125 0.3 0.4658203125 0.25625 0.509765625 0.3 0.509765625
2 0.69609375 0.5078125 0.865625 0.5078125 0.69609375 0.662109375 0.865625 0.662109375
2 0.61484375 0.4912109375 0.7125 0.4912109375 0.61484375 0.576171875 0.7125 0.576171875
2 0.59609375 0.4833984375 0.6703125 0.4833984375 0.59609375 0.5576171875 0.6703125 0.5576171875
2 0.58359375 0.4853515625 0.61796875 0.4853515625 0.58359375 0.5458984375 0.61796875 0.5458984375
2 0.575 0.4814453125 0.60390625 0.4814453125 0.575 0.53515625 0.60390625 0.53515625
2 0.55234375 0.4736328125 0.59609375 0.4736328125 0.55234375 0.51953125 0.59609375 0.51953125
2 0.5203125 0.4658203125 0.55390625 0.4658203125 0.5203125 0.4990234375 0.55390625 0.4990234375
2 0.51015625 0.46484375 0.52734375 0.46484375 0.51015625 0.48828125 0.52734375 0.48828125
2 0.503125 0.4638671875 0.51640625 0.4638671875 0.503125 0.4873046875 0.51640625 0.4873046875
2 0.49375 0.462890625 0.50625 0.462890625 0.49375 0.48046875 0.50625 0.48046875
2 0.45703125 0.46484375 0.48359375 0.46484375 0.45703125 0.490234375 0.48359375 0.490234375
2 0.3453125 0.4658203125 0.4078125 0.4658203125 0.3453125 0.5341796875 0.4078125 0.5341796875
2 0.4859375 0.4599609375 0.49765625 0.4599609375 0.4859375 0.4755859375 0.49765625 0.4755859375
2 0.45078125 0.4658203125 0.45859375 0.4658203125 0.45078125 0.4736328125 0.45859375 0.4736328125
2 0.44453125 0.4658203125 0.45234375 0.4658203125 0.44453125 0.4736328125 0.45234375 0.4736328125
7 0.05078125 0.490234375 0.10859375 0.490234375 0.05078125 0.6484375 0.10859375 0.6484375
10 0.06796875 0.6435546875 0.08984375 0.6435546875 0.06796875 0.6513671875 0.08984375 0.6513671875