9 0.3838888888888889 0.409375 0.39055555555555554 0.409375 0.3838888888888889 0.41875 0.39055555555555554 0.41875
7 0.2238888888888889 0.430625 0.23944444444444443 0.430625 0.2238888888888889 0.448125 0.23944444444444443 0.448125
7 0.12333333333333334 0.449375 0.1511111111111111 0.449375 0.12333333333333334 0.5025 0.1511111111111111 0.5025
2 0.39222222222222225 0.425625 0.44055555555555553 0.425625 0.39222222222222225 0.445625 0.44055555555555553 0.445625
2 0.4627777777777778 0.406875 0.4722222222222222 0.406875 0.4627777777777778 0.416875 0.4722222222222222 0.416875
2 0.47055555555555556 0.414375 0.48 0.414375 0.47055555555555556 0.421875 0.48 0.421875
2 0.4477777777777778 0.419375 0.4672222222222222 0.419375 0.4477777777777778 0.4375 0.4672222222222222 0.4375
2 0.4444444444444444 0.43125 0.48055555555555557 0.43125 0.4444444444444444 0.46375 0.48055555555555557 0.46375
2 0.4988888888888889 0.421875 0.5388888888888889 0.421875 0.4988888888888889 0.46 0.5388888888888889 0.46
2 0.5333333333333333 0.43625 0.5911111111111111 0.43625 0.5333333333333333 0.481875 0.5911111111111111 0.481875
2 0.2727777777777778 0.4275 0.35555555555555557 0.4275 0.2727777777777778 0.464375 0.35555555555555557 0.464375
2 0.21888888888888888 0.445 0.2777777777777778 0.445 0.21888888888888888 0.504375 0.2777777777777778 0.504375
2 0.13444444444444445 0.448125 0.24555555555555555 0.448125 0.13444444444444445 0.52875 0.24555555555555555 0.52875