13 0.7694444444444445 0.238125 0.9994444444444445 0.238125 0.7694444444444445 0.705 0.9994444444444445 0.705
2 0.6988888888888889 0.4625 0.7833333333333333 0.4625 0.6988888888888889 0.504375 0.7833333333333333 0.504375
2 0.6038888888888889 0.439375 0.7033333333333334 0.439375 0.6038888888888889 0.53 0.7033333333333334 0.53
2 0.5277777777777778 0.45 0.5727777777777778 0.45 0.5277777777777778 0.4925 0.5727777777777778 0.4925
2 0.5161111111111111 0.456875 0.5327777777777778 0.456875 0.5161111111111111 0.48375 0.5327777777777778 0.48375
2 0.5038888888888889 0.455625 0.5233333333333333 0.455625 0.5038888888888889 0.476875 0.5233333333333333 0.476875
2 0.5077777777777778 0.459375 0.5216666666666666 0.459375 0.5077777777777778 0.476875 0.5216666666666666 0.476875
2 0.4922222222222222 0.45375 0.5022222222222222 0.45375 0.4922222222222222 0.465 0.5022222222222222 0.465
2 0.4911111111111111 0.45 0.5 0.45 0.4911111111111111 0.45875 0.5 0.45875
2 0.48944444444444446 0.44625 0.49777777777777776 0.44625 0.48944444444444446 0.45375 0.49777777777777776 0.45375
2 0.01888888888888889 0.44375 0.10055555555555555 0.44375 0.01888888888888889 0.49 0.10055555555555555 0.49
2 0.3433333333333333 0.444375 0.3838888888888889 0.444375 0.3433333333333333 0.464375 0.3838888888888889 0.464375