4 0.6380718954248366 0.4833984375 0.6470588235294118 0.4833984375 0.6380718954248366 0.5029296875 0.6470588235294118 0.5029296875
4 0.6160130718954249 0.4599609375 0.6266339869281046 0.4599609375 0.6160130718954249 0.4990234375 0.6266339869281046 0.4990234375
4 0.6021241830065359 0.349609375 0.6274509803921569 0.349609375 0.6021241830065359 0.4228515625 0.6274509803921569 0.4228515625
4 0.6372549019607843 0.353515625 0.6584967320261438 0.353515625 0.6372549019607843 0.4169921875 0.6584967320261438 0.4169921875
4 0.48284313725490197 0.50390625 0.49019607843137253 0.50390625 0.48284313725490197 0.5224609375 0.49019607843137253 0.5224609375
4 0.9321895424836601 0.3681640625 0.9534313725490197 0.3681640625 0.9321895424836601 0.4287109375 0.9534313725490197 0.4287109375
4 0.1388888888888889 0.431640625 0.1527777777777778 0.431640625 0.1388888888888889 0.4765625 0.1527777777777778 0.4765625
4 0.9395424836601307 0.5283203125 0.9509803921568627 0.5283203125 0.9395424836601307 0.541015625 0.9509803921568627 0.541015625
9 0.7173202614379085 0.5068359375 0.7312091503267973 0.5068359375 0.7173202614379085 0.5234375 0.7312091503267973 0.5234375
9 0.7140522875816994 0.5 0.7320261437908496 0.5 0.7140522875816994 0.5068359375 0.7320261437908496 0.5068359375
9 0.7197712418300654 0.49609375 0.7303921568627451 0.49609375 0.7197712418300654 0.5 0.7303921568627451 0.5
9 0.7173202614379085 0.5234375 0.7295751633986928 0.5234375 0.7173202614379085 0.53125 0.7295751633986928 0.53125
9 0.46486928104575165 0.501953125 0.477124183006536 0.501953125 0.46486928104575165 0.515625 0.477124183006536 0.515625
9 0.46568627450980393 0.5146484375 0.47467320261437906 0.5146484375 0.46568627450980393 0.5205078125 0.47467320261437906 0.5205078125
9 0.4477124183006536 0.5048828125 0.46486928104575165 0.5048828125 0.4477124183006536 0.51171875 0.46486928104575165 0.51171875
9 0.44607843137254904 0.513671875 0.46568627450980393 0.513671875 0.44607843137254904 0.5224609375 0.46568627450980393 0.5224609375
9 0.4452614379084967 0.5224609375 0.46568627450980393 0.5224609375 0.4452614379084967 0.5283203125 0.46568627450980393 0.5283203125
9 0.37663398692810457 0.49609375 0.38562091503267976 0.49609375 0.37663398692810457 0.5078125 0.38562091503267976 0.5078125
9 0.9370915032679739 0.4443359375 0.954248366013072 0.4443359375 0.9370915032679739 0.46484375 0.954248366013072 0.46484375
9 0.004901960784313725 0.4873046875 0.025326797385620915 0.4873046875 0.004901960784313725 0.5107421875 0.025326797385620915 0.5107421875
9 0.031862745098039214 0.490234375 0.041666666666666664 0.490234375 0.031862745098039214 0.5068359375 0.041666666666666664 0.5068359375
9 0.08823529411764706 0.4384765625 0.10866013071895425 0.4384765625 0.08823529411764706 0.453125 0.10866013071895425 0.453125
9 0.08660130718954248 0.4521484375 0.10947712418300654 0.4521484375 0.08660130718954248 0.466796875 0.10947712418300654 0.466796875
9 0.08986928104575163 0.466796875 0.10784313725490197 0.466796875 0.08986928104575163 0.4755859375 0.10784313725490197 0.4755859375
9 0.21241830065359477 0.484375 0.22303921568627452 0.484375 0.21241830065359477 0.50390625 0.22303921568627452 0.50390625
9 0.26715686274509803 0.5009765625 0.2761437908496732 0.5009765625 0.26715686274509803 0.5126953125 0.2761437908496732 0.5126953125
7 0.7687908496732027 0.5390625 0.7785947712418301 0.5390625 0.7687908496732027 0.5712890625 0.7785947712418301 0.5712890625
7 0.7589869281045751 0.5390625 0.7687908496732027 0.5390625 0.7589869281045751 0.5712890625 0.7687908496732027 0.5712890625
7 0.7524509803921569 0.541015625 0.7606209150326797 0.541015625 0.7524509803921569 0.5712890625 0.7606209150326797 0.5712890625
7 0.8537581699346405 0.5302734375 0.8684640522875817 0.5302734375 0.8537581699346405 0.5732421875 0.8684640522875817 0.5732421875
7 0.8986928104575164 0.5224609375 0.9183006535947712 0.5224609375 0.8986928104575164 0.611328125 0.9183006535947712 0.611328125
7 0.8962418300653595 0.5185546875 0.9093137254901961 0.5185546875 0.8962418300653595 0.5732421875 0.9093137254901961 0.5732421875
7 0.7246732026143791 0.54296875 0.7328431372549019 0.54296875 0.7246732026143791 0.5712890625 0.7328431372549019 0.5712890625
7 0.7401960784313726 0.544921875 0.7483660130718954 0.544921875 0.7401960784313726 0.572265625 0.7483660130718954 0.572265625
5 0.6086601307189542 0.572265625 0.6911764705882353 0.572265625 0.6086601307189542 0.736328125 0.6911764705882353 0.736328125
2 0.15849673202614378 0.5400390625 0.3472222222222222 0.5400390625 0.15849673202614378 0.6708984375 0.3472222222222222 0.6708984375
2 0.43790849673202614 0.5322265625 0.5228758169934641 0.5322265625 0.43790849673202614 0.61328125 0.5228758169934641 0.61328125
2 0.37173202614379086 0.52734375 0.44281045751633985 0.52734375 0.37173202614379086 0.5947265625 0.44281045751633985 0.5947265625
2 0.5 0.533203125 0.5498366013071896 0.533203125 0.5 0.591796875 0.5498366013071896 0.591796875
2 0.5490196078431373 0.544921875 0.576797385620915 0.544921875 0.5490196078431373 0.5703125 0.576797385620915 0.5703125
2 0.5702614379084967 0.548828125 0.5825163398692811 0.548828125 0.5702614379084967 0.5654296875 0.5825163398692811 0.5654296875
2 0.5816993464052288 0.552734375 0.5874183006535948 0.552734375 0.5816993464052288 0.564453125 0.5874183006535948 0.564453125
2 0.5874183006535948 0.5537109375 0.5947712418300654 0.5537109375 0.5874183006535948 0.564453125 0.5947712418300654 0.564453125
7 0.6102941176470589 0.5234375 0.6821895424836601 0.5234375 0.6102941176470589 0.677734375 0.6821895424836601 0.677734375
6 0.06209150326797386 0.490234375 0.190359477124183 0.490234375 0.06209150326797386 0.5576171875 0.190359477124183 0.5576171875