7 0.17238562091503268 0.505859375 0.20261437908496732 0.505859375 0.17238562091503268 0.5546875 0.20261437908496732 0.5546875
7 0.23937908496732027 0.50390625 0.26062091503267976 0.50390625 0.23937908496732027 0.5546875 0.26062091503267976 0.5546875
7 0.25163398692810457 0.50390625 0.2704248366013072 0.50390625 0.25163398692810457 0.556640625 0.2704248366013072 0.556640625
7 0.26552287581699346 0.498046875 0.2875816993464052 0.498046875 0.26552287581699346 0.5517578125 0.2875816993464052 0.5517578125
7 0.2540849673202614 0.484375 0.27205882352941174 0.484375 0.2540849673202614 0.5107421875 0.27205882352941174 0.5107421875
7 0.29820261437908496 0.4892578125 0.3055555555555556 0.4892578125 0.29820261437908496 0.5126953125 0.3055555555555556 0.5126953125
7 0.309640522875817 0.4853515625 0.3161764705882353 0.4853515625 0.309640522875817 0.5126953125 0.3161764705882353 0.5126953125
7 0.46486928104575165 0.470703125 0.4714052287581699 0.470703125 0.46486928104575165 0.5009765625 0.4714052287581699 0.5009765625
7 0.47467320261437906 0.47265625 0.4812091503267974 0.47265625 0.47467320261437906 0.501953125 0.4812091503267974 0.501953125
7 0.47875816993464054 0.47265625 0.4877450980392157 0.47265625 0.47875816993464054 0.5009765625 0.4877450980392157 0.5009765625
7 0.6176470588235294 0.45703125 0.6290849673202614 0.45703125 0.6176470588235294 0.498046875 0.6290849673202614 0.498046875
7 0.6241830065359477 0.453125 0.6405228758169934 0.453125 0.6241830065359477 0.5 0.6405228758169934 0.5
7 0.6388888888888888 0.4521484375 0.6495098039215687 0.4521484375 0.6388888888888888 0.5 0.6495098039215687 0.5
7 0.9509803921568627 0.419921875 0.9665032679738562 0.419921875 0.9509803921568627 0.478515625 0.9665032679738562 0.478515625
7 0.9795751633986928 0.4208984375 0.9991830065359477 0.4208984375 0.9795751633986928 0.4716796875 0.9991830065359477 0.4716796875
2 0.33251633986928103 0.486328125 0.3611111111111111 0.486328125 0.33251633986928103 0.513671875 0.3611111111111111 0.513671875
2 0.35866013071895425 0.4833984375 0.4084967320261438 0.4833984375 0.35866013071895425 0.51171875 0.4084967320261438 0.51171875
2 0.43709150326797386 0.4765625 0.4583333333333333 0.4765625 0.43709150326797386 0.5009765625 0.4583333333333333 0.5009765625
2 0.5612745098039216 0.46484375 0.8169934640522876 0.46484375 0.5612745098039216 0.626953125 0.8169934640522876 0.626953125
2 0.6160130718954249 0.46875 0.9991830065359477 0.46875 0.6160130718954249 0.7490234375 0.9991830065359477 0.7490234375