4 0.8799019607843137 0.1845703125 0.9150326797385621 0.1845703125 0.8799019607843137 0.2880859375 0.9150326797385621 0.2880859375
4 0.8382352941176471 0.138671875 0.8799019607843137 0.138671875 0.8382352941176471 0.2890625 0.8799019607843137 0.2890625
4 0.798202614379085 0.228515625 0.8382352941176471 0.228515625 0.798202614379085 0.2822265625 0.8382352941176471 0.2822265625
4 0.0016339869281045752 0.3359375 0.010620915032679739 0.3359375 0.0016339869281045752 0.3623046875 0.010620915032679739 0.3623046875
4 0.010620915032679739 0.3486328125 0.0196078431372549 0.3486328125 0.010620915032679739 0.361328125 0.0196078431372549 0.361328125
4 0.23529411764705882 0.3349609375 0.2434640522875817 0.3349609375 0.23529411764705882 0.3642578125 0.2434640522875817 0.3642578125
4 0.44362745098039214 0.3818359375 0.4542483660130719 0.3818359375 0.44362745098039214 0.392578125 0.4542483660130719 0.392578125
9 0.9084967320261438 0.2763671875 0.9501633986928104 0.2763671875 0.9084967320261438 0.326171875 0.9501633986928104 0.326171875
9 0.0196078431372549 0.263671875 0.05473856209150327 0.263671875 0.0196078431372549 0.3125 0.05473856209150327 0.3125
9 0.37826797385620914 0.375 0.39052287581699346 0.375 0.37826797385620914 0.380859375 0.39052287581699346 0.380859375
9 0.4215686274509804 0.375 0.43137254901960786 0.375 0.4215686274509804 0.3857421875 0.43137254901960786 0.3857421875
9 0.40604575163398693 0.3173828125 0.4158496732026144 0.3173828125 0.40604575163398693 0.3349609375 0.4158496732026144 0.3349609375
7 0.17320261437908496 0.388671875 0.22058823529411764 0.388671875 0.17320261437908496 0.546875 0.22058823529411764 0.546875
7 0.04084967320261438 0.38671875 0.10866013071895425 0.38671875 0.04084967320261438 0.5341796875 0.10866013071895425 0.5341796875
7 0.1503267973856209 0.3837890625 0.17647058823529413 0.3837890625 0.1503267973856209 0.462890625 0.17647058823529413 0.462890625
7 0.09803921568627451 0.380859375 0.11274509803921569 0.380859375 0.09803921568627451 0.439453125 0.11274509803921569 0.439453125
7 0.08415032679738563 0.380859375 0.09967320261437909 0.380859375 0.08415032679738563 0.427734375 0.09967320261437909 0.427734375
7 0.20915032679738563 0.404296875 0.2173202614379085 0.404296875 0.20915032679738563 0.4404296875 0.2173202614379085 0.4404296875
7 0.2173202614379085 0.3828125 0.2312091503267974 0.3828125 0.2173202614379085 0.4443359375 0.2312091503267974 0.4443359375
7 0.23529411764705882 0.3876953125 0.24918300653594772 0.3876953125 0.23529411764705882 0.4453125 0.24918300653594772 0.4453125
7 0.24591503267973855 0.3935546875 0.2540849673202614 0.3935546875 0.24591503267973855 0.4453125 0.2540849673202614 0.4453125
7 0.2540849673202614 0.396484375 0.26715686274509803 0.396484375 0.2540849673202614 0.4453125 0.26715686274509803 0.4453125
7 0.26715686274509803 0.3935546875 0.28104575163398693 0.3935546875 0.26715686274509803 0.4453125 0.28104575163398693 0.4453125
7 0.30800653594771243 0.390625 0.32189542483660133 0.390625 0.30800653594771243 0.4453125 0.32189542483660133 0.4453125
7 0.33578431372549017 0.3935546875 0.34967320261437906 0.3935546875 0.33578431372549017 0.4443359375 0.34967320261437906 0.4443359375
7 0.3349673202614379 0.3896484375 0.3431372549019608 0.3896484375 0.3349673202614379 0.4267578125 0.3431372549019608 0.4267578125
7 0.3480392156862745 0.392578125 0.3611111111111111 0.392578125 0.3480392156862745 0.435546875 0.3611111111111111 0.435546875
7 0.3619281045751634 0.3974609375 0.38562091503267976 0.3974609375 0.3619281045751634 0.4453125 0.38562091503267976 0.4453125
7 0.369281045751634 0.3916015625 0.38480392156862747 0.3916015625 0.369281045751634 0.42578125 0.38480392156862747 0.42578125
7 0.37745098039215685 0.3955078125 0.3954248366013072 0.3955078125 0.37745098039215685 0.4453125 0.3954248366013072 0.4453125
7 0.44281045751633985 0.3984375 0.46895424836601307 0.3984375 0.44281045751633985 0.4482421875 0.46895424836601307 0.4482421875
7 0.41421568627450983 0.3984375 0.4215686274509804 0.3984375 0.41421568627450983 0.421875 0.4215686274509804 0.421875
7 0.4068627450980392 0.3984375 0.4117647058823529 0.3984375 0.4068627450980392 0.4189453125 0.4117647058823529 0.4189453125
13 0.4730392156862745 0.37890625 0.5032679738562091 0.37890625 0.4730392156862745 0.4287109375 0.5032679738562091 0.4287109375
2 0.47875816993464054 0.314453125 0.9411764705882353 0.314453125 0.47875816993464054 0.822265625 0.9411764705882353 0.822265625
2 0 0.5224609375 0.08823529411764706 0.5224609375 0 0.7265625 0.08823529411764706 0.7265625
2 0.43709150326797386 0.3984375 0.47467320261437906 0.3984375 0.43709150326797386 0.44140625 0.47467320261437906 0.44140625
2 0.4934640522875817 0.4072265625 0.5269607843137255 0.4072265625 0.4934640522875817 0.4580078125 0.5269607843137255 0.4580078125
2 0.9411764705882353 0.41015625 0.9991830065359477 0.41015625 0.9411764705882353 0.5 0.9991830065359477 0.5