1 0.5285947712418301 0.3291015625 0.6209150326797386 0.3291015625 0.5285947712418301 0.4453125 0.6209150326797386 0.4453125
1 0.9550653594771242 0.2939453125 0.9991830065359477 0.2939453125 0.9550653594771242 0.3857421875 0.9991830065359477 0.3857421875
13 0.6609477124183006 0.3818359375 0.7230392156862745 0.3818359375 0.6609477124183006 0.453125 0.7230392156862745 0.453125
2 0.07598039215686274 0.263671875 0.4117647058823529 0.263671875 0.07598039215686274 0.5966796875 0.4117647058823529 0.5966796875
2 0.4452614379084967 0.416015625 0.49673202614379086 0.416015625 0.4452614379084967 0.46875 0.49673202614379086 0.46875
2 0.48447712418300654 0.3896484375 0.6233660130718954 0.3896484375 0.48447712418300654 0.537109375 0.6233660130718954 0.537109375
2 0.6160130718954249 0.421875 0.6511437908496732 0.421875 0.6160130718954249 0.458984375 0.6511437908496732 0.458984375
2 0.6462418300653595 0.4306640625 0.6633986928104575 0.4306640625 0.6462418300653595 0.451171875 0.6633986928104575 0.451171875
2 0.6936274509803921 0.419921875 0.7230392156862745 0.419921875 0.6936274509803921 0.455078125 0.7230392156862745 0.455078125
2 0.7140522875816994 0.4169921875 0.7549019607843137 0.4169921875 0.7140522875816994 0.45703125 0.7549019607843137 0.45703125
2 0.7426470588235294 0.4130859375 0.8145424836601307 0.4130859375 0.7426470588235294 0.4658203125 0.8145424836601307 0.4658203125
2 0.7973856209150327 0.4150390625 0.8276143790849673 0.4150390625 0.7973856209150327 0.439453125 0.8276143790849673 0.439453125
2 0.8120915032679739 0.4072265625 0.9035947712418301 0.4072265625 0.8120915032679739 0.4873046875 0.9035947712418301 0.4873046875
2 0.8790849673202614 0.41015625 0.9991830065359477 0.41015625 0.8790849673202614 0.5185546875 0.9991830065359477 0.5185546875
2 0.9452614379084967 0.38671875 0.9991830065359477 0.38671875 0.9452614379084967 0.4150390625 0.9991830065359477 0.4150390625