9 0.09722222222222222 0.39625 0.11777777777777777 0.39625 0.09722222222222222 0.425 0.11777777777777777 0.425
9 0.6244444444444445 0.375 0.6488888888888888 0.375 0.6244444444444445 0.40875 0.6488888888888888 0.40875
9 0.5294444444444445 0.429375 0.5372222222222223 0.429375 0.5294444444444445 0.43375 0.5372222222222223 0.43375
9 0.5288888888888889 0.418125 0.5377777777777778 0.418125 0.5288888888888889 0.42875 0.5377777777777778 0.42875
9 0.405 0.40875 0.4122222222222222 0.40875 0.405 0.423125 0.4122222222222222 0.423125
2 0.08888888888888889 0.455 0.24 0.455 0.08888888888888889 0.51125 0.24 0.51125
2 0.08333333333333333 0.465625 0.2361111111111111 0.465625 0.08333333333333333 0.5775 0.2361111111111111 0.5775
2 0.5411111111111111 0.423125 0.5572222222222222 0.423125 0.5411111111111111 0.43875 0.5572222222222222 0.43875
2 0.5516666666666666 0.413125 0.5672222222222222 0.413125 0.5516666666666666 0.429375 0.5672222222222222 0.429375
2 0.5116666666666667 0.4325 0.5322222222222223 0.4325 0.5116666666666667 0.453125 0.5322222222222223 0.453125
2 0.5022222222222222 0.449375 0.5272222222222223 0.449375 0.5022222222222222 0.468125 0.5272222222222223 0.468125
2 0.395 0.446875 0.4088888888888889 0.446875 0.395 0.466875 0.4088888888888889 0.466875
2 0.415 0.436875 0.43833333333333335 0.436875 0.415 0.454375 0.43833333333333335 0.454375
2 0.43277777777777776 0.451875 0.5255555555555556 0.451875 0.43277777777777776 0.491875 0.5255555555555556 0.491875
2 0.37722222222222224 0.44625 0.3983333333333333 0.44625 0.37722222222222224 0.471875 0.3983333333333333 0.471875
2 0.3433333333333333 0.4475 0.3811111111111111 0.4475 0.3433333333333333 0.485 0.3811111111111111 0.485
2 0.51 0.389375 0.5261111111111111 0.389375 0.51 0.4025 0.5261111111111111 0.4025
2 0.5211111111111111 0.386875 0.5305555555555556 0.386875 0.5211111111111111 0.395625 0.5305555555555556 0.395625
2 0.525 0.381875 0.5338888888888889 0.381875 0.525 0.39 0.5338888888888889 0.39