4 0.8583333333333333 0.271875 0.8783333333333333 0.271875 0.8583333333333333 0.340625 0.8783333333333333 0.340625
4 0.8622222222222222 0.363125 0.8844444444444445 0.363125 0.8622222222222222 0.384375 0.8844444444444445 0.384375
4 0.23333333333333334 0.345 0.2577777777777778 0.345 0.23333333333333334 0.368125 0.2577777777777778 0.368125
4 0.24222222222222223 0.25875 0.26722222222222225 0.25875 0.24222222222222223 0.32125 0.26722222222222225 0.32125
4 0.04611111111111111 0.228125 0.06888888888888889 0.228125 0.04611111111111111 0.29625 0.06888888888888889 0.29625
4 0.03944444444444444 0.325 0.057777777777777775 0.325 0.03944444444444444 0.353125 0.057777777777777775 0.353125
9 0.8605555555555555 0.34625 0.9194444444444444 0.34625 0.8605555555555555 0.363125 0.9194444444444444 0.363125
7 0.3761111111111111 0.41375 0.41388888888888886 0.41375 0.3761111111111111 0.508125 0.41388888888888886 0.508125
7 0.3516666666666667 0.404375 0.3827777777777778 0.404375 0.3516666666666667 0.51125 0.3827777777777778 0.51125
7 0.3111111111111111 0.395 0.365 0.395 0.3111111111111111 0.52 0.365 0.52
7 0.185 0.391875 0.21611111111111111 0.391875 0.185 0.49625 0.21611111111111111 0.49625
7 0.20055555555555554 0.398125 0.2222222222222222 0.398125 0.20055555555555554 0.49125 0.2222222222222222 0.49125
7 0.07166666666666667 0.380625 0.10666666666666667 0.380625 0.07166666666666667 0.50375 0.10666666666666667 0.50375
7 0.03833333333333333 0.39125 0.06944444444444445 0.39125 0.03833333333333333 0.49625 0.06944444444444445 0.49625
2 0.6077777777777778 0.410625 0.7961111111111111 0.410625 0.6077777777777778 0.516875 0.7961111111111111 0.516875
2 0.5922222222222222 0.44 0.6288888888888889 0.44 0.5922222222222222 0.485 0.6288888888888889 0.485
2 0.5611111111111111 0.4275 0.61 0.4275 0.5611111111111111 0.48125 0.61 0.48125
2 0.5261111111111111 0.449375 0.5633333333333334 0.449375 0.5261111111111111 0.475 0.5633333333333334 0.475
2 0.41055555555555556 0.435 0.43222222222222223 0.435 0.41055555555555556 0.4775 0.43222222222222223 0.4775
2 0.3977777777777778 0.429375 0.42 0.429375 0.3977777777777778 0.481875 0.42 0.481875
2 0.355 0.42875 0.4111111111111111 0.42875 0.355 0.489375 0.4111111111111111 0.489375
3 0.2677777777777778 0.444375 0.2833333333333333 0.444375 0.2677777777777778 0.488125 0.2833333333333333 0.488125