4 0.8594444444444445 0.3675 0.8844444444444445 0.3675 0.8594444444444445 0.39125 0.8844444444444445 0.39125
4 0.6294444444444445 0.385625 0.6383333333333333 0.385625 0.6294444444444445 0.405625 0.6383333333333333 0.405625
4 0.6311111111111111 0.32 0.6494444444444445 0.32 0.6311111111111111 0.368125 0.6494444444444445 0.368125
4 0 0.33875 0.0038888888888888888 0.33875 0 0.365 0.0038888888888888888 0.365
4 0.32666666666666666 0.415625 0.33611111111111114 0.415625 0.32666666666666666 0.429375 0.33611111111111114 0.429375
4 0.4077777777777778 0.38375 0.4166666666666667 0.38375 0.4077777777777778 0.396875 0.4166666666666667 0.396875
4 0.4638888888888889 0.391875 0.4722222222222222 0.391875 0.4638888888888889 0.405625 0.4722222222222222 0.405625
4 0.5183333333333333 0.413125 0.5261111111111111 0.413125 0.5183333333333333 0.42625 0.5261111111111111 0.42625
9 0.8977777777777778 0.36 0.9305555555555556 0.36 0.8977777777777778 0.371875 0.9305555555555556 0.371875
9 0.8805555555555555 0.32125 0.9061111111111111 0.32125 0.8805555555555555 0.351875 0.9061111111111111 0.351875
9 0.6316666666666667 0.4275 0.6394444444444445 0.4275 0.6316666666666667 0.4425 0.6394444444444445 0.4425
9 0.6261111111111111 0.369375 0.66 0.369375 0.6261111111111111 0.383125 0.66 0.383125
7 0.8 0.408125 0.8355555555555556 0.408125 0.8 0.50875 0.8355555555555556 0.50875
7 0.7761111111111111 0.419375 0.7977777777777778 0.419375 0.7761111111111111 0.50875 0.7977777777777778 0.50875
7 0.735 0.41875 0.7577777777777778 0.41875 0.735 0.518125 0.7577777777777778 0.518125
7 0.66 0.435 0.6783333333333333 0.435 0.66 0.5125 0.6783333333333333 0.5125
7 0.6416666666666667 0.42875 0.665 0.42875 0.6416666666666667 0.51625 0.665 0.51625
7 0.18666666666666668 0.44375 0.19555555555555557 0.44375 0.18666666666666668 0.484375 0.19555555555555557 0.484375
7 0.008888888888888889 0.443125 0.025 0.443125 0.008888888888888889 0.513125 0.025 0.513125
7 0.08944444444444444 0.435625 0.10777777777777778 0.435625 0.08944444444444444 0.464375 0.10777777777777778 0.464375
7 0.685 0.42 0.7044444444444444 0.42 0.685 0.4825 0.7044444444444444 0.4825
0 0.10388888888888889 0.464375 0.15055555555555555 0.464375 0.10388888888888889 0.498125 0.15055555555555555 0.498125
2 0.43277777777777776 0.44625 0.46166666666666667 0.44625 0.43277777777777776 0.474375 0.46166666666666667 0.474375
2 0.3244444444444444 0.446875 0.37333333333333335 0.446875 0.3244444444444444 0.48875 0.37333333333333335 0.48875
2 0.2461111111111111 0.4475 0.31833333333333336 0.4475 0.2461111111111111 0.498125 0.31833333333333336 0.498125