4 0.5375 0.416015625 0.54375 0.416015625 0.5375 0.427734375 0.54375 0.427734375
4 0.5296875 0.4208984375 0.5375 0.4208984375 0.5296875 0.4306640625 0.5375 0.4306640625
4 0.4875 0.390625 0.4921875 0.390625 0.4875 0.4033203125 0.4921875 0.4033203125
4 0.45390625 0.3779296875 0.46015625 0.3779296875 0.45390625 0.3955078125 0.46015625 0.3955078125
4 0.41640625 0.4228515625 0.42265625 0.4228515625 0.41640625 0.4326171875 0.42265625 0.4326171875
9 0.76015625 0.3642578125 0.77578125 0.3642578125 0.76015625 0.39453125 0.77578125 0.39453125
7 0.91796875 0.45703125 0.9375 0.45703125 0.91796875 0.5185546875 0.9375 0.5185546875
7 0.93359375 0.4541015625 0.9484375 0.4541015625 0.93359375 0.5068359375 0.9484375 0.5068359375
7 0.83671875 0.4501953125 0.85625 0.4501953125 0.83671875 0.509765625 0.85625 0.509765625
7 0.8234375 0.4521484375 0.840625 0.4521484375 0.8234375 0.515625 0.840625 0.515625
7 0.659375 0.4560546875 0.6734375 0.4560546875 0.659375 0.478515625 0.6734375 0.478515625
7 0.63046875 0.45703125 0.640625 0.45703125 0.63046875 0.4873046875 0.640625 0.4873046875
7 0.61640625 0.4501953125 0.63046875 0.4501953125 0.61640625 0.48828125 0.63046875 0.48828125
7 0.60546875 0.4501953125 0.6140625 0.4501953125 0.60546875 0.4794921875 0.6140625 0.4794921875
7 0.1578125 0.462890625 0.178125 0.462890625 0.1578125 0.521484375 0.178125 0.521484375
7 0.415625 0.4521484375 0.421875 0.4521484375 0.415625 0.4716796875 0.421875 0.4716796875
7 0.41171875 0.451171875 0.41640625 0.451171875 0.41171875 0.470703125 0.41640625 0.470703125
0 0.85078125 0.525390625 0.90234375 0.525390625 0.85078125 0.6142578125 0.90234375 0.6142578125
0 0.896875 0.5146484375 0.93515625 0.5146484375 0.896875 0.6259765625 0.93515625 0.6259765625
0 0.9296875 0.5146484375 0.98046875 0.5146484375 0.9296875 0.625 0.98046875 0.625
0 0.8 0.50390625 0.83671875 0.50390625 0.8 0.57421875 0.83671875 0.57421875
0 0.83203125 0.5029296875 0.86015625 0.5029296875 0.83203125 0.564453125 0.86015625 0.564453125
0 0.5125 0.4619140625 0.51953125 0.4619140625 0.5125 0.4765625 0.51953125 0.4765625
0 0.215625 0.5068359375 0.2296875 0.5068359375 0.215625 0.541015625 0.2296875 0.541015625
0 0.240625 0.4912109375 0.253125 0.4912109375 0.240625 0.5380859375 0.253125 0.5380859375
0 0.18359375 0.5 0.20859375 0.5 0.18359375 0.5419921875 0.20859375 0.5419921875
0 0.153125 0.498046875 0.18203125 0.498046875 0.153125 0.5634765625 0.18203125 0.5634765625
5 0.5171875 0.4609375 0.53203125 0.4609375 0.5171875 0.4755859375 0.53203125 0.4755859375
2 0.665625 0.462890625 0.79921875 0.462890625 0.665625 0.611328125 0.79921875 0.611328125
2 0.62890625 0.486328125 0.69296875 0.486328125 0.62890625 0.568359375 0.69296875 0.568359375
2 0.61640625 0.4814453125 0.67734375 0.4814453125 0.61640625 0.54296875 0.67734375 0.54296875
2 0.64921875 0.4375 0.68359375 0.4375 0.64921875 0.4677734375 0.68359375 0.4677734375
2 0.5296875 0.4462890625 0.5640625 0.4462890625 0.5296875 0.4833984375 0.5640625 0.4833984375
2 0.50390625 0.451171875 0.51171875 0.451171875 0.50390625 0.4609375 0.51171875 0.4609375
2 0.50859375 0.451171875 0.525 0.451171875 0.50859375 0.46484375 0.525 0.46484375
2 0.47578125 0.4521484375 0.48515625 0.4521484375 0.47578125 0.4599609375 0.48515625 0.4599609375
2 0.4421875 0.443359375 0.46953125 0.443359375 0.4421875 0.474609375 0.46953125 0.474609375
7 0.51171875 0.453125 0.51875 0.453125 0.51171875 0.474609375 0.51875 0.474609375
13 0.6171875 0.423828125 0.7078125 0.423828125 0.6171875 0.4658203125 0.7078125 0.4658203125