4 0.3047385620915033 0.302734375 0.3161764705882353 0.302734375 0.3047385620915033 0.3330078125 0.3161764705882353 0.3330078125
4 0.3243464052287582 0.3251953125 0.3333333333333333 0.3251953125 0.3243464052287582 0.3388671875 0.3333333333333333 0.3388671875
4 0.7941176470588235 0.373046875 0.8006535947712419 0.373046875 0.7941176470588235 0.3818359375 0.8006535947712419 0.3818359375
4 0.9616013071895425 0.37890625 0.9787581699346405 0.37890625 0.9616013071895425 0.3994140625 0.9787581699346405 0.3994140625
9 0.6813725490196079 0.4306640625 0.6985294117647058 0.4306640625 0.6813725490196079 0.44921875 0.6985294117647058 0.44921875
9 0.6740196078431373 0.330078125 0.6895424836601307 0.330078125 0.6740196078431373 0.34765625 0.6895424836601307 0.34765625
9 0.44689542483660133 0.31640625 0.4624183006535948 0.31640625 0.44689542483660133 0.3330078125 0.4624183006535948 0.3330078125
7 0.1380718954248366 0.3662109375 0.16339869281045752 0.3662109375 0.1380718954248366 0.44921875 0.16339869281045752 0.44921875
7 0.16258169934640523 0.3662109375 0.19362745098039216 0.3662109375 0.16258169934640523 0.453125 0.19362745098039216 0.453125
7 0.23202614379084968 0.359375 0.25326797385620914 0.359375 0.23202614379084968 0.4677734375 0.25326797385620914 0.4677734375
7 0.24428104575163398 0.3740234375 0.27369281045751637 0.3740234375 0.24428104575163398 0.4716796875 0.27369281045751637 0.4716796875
7 0.3022875816993464 0.3701171875 0.32598039215686275 0.3701171875 0.3022875816993464 0.48046875 0.32598039215686275 0.48046875
7 0.31862745098039214 0.365234375 0.34967320261437906 0.365234375 0.31862745098039214 0.4833984375 0.34967320261437906 0.4833984375
7 0.33905228758169936 0.3671875 0.3602941176470588 0.3671875 0.33905228758169936 0.4423828125 0.3602941176470588 0.4423828125
7 0.3602941176470588 0.373046875 0.38235294117647056 0.373046875 0.3602941176470588 0.4482421875 0.38235294117647056 0.4482421875
7 0.38235294117647056 0.3798828125 0.39705882352941174 0.3798828125 0.38235294117647056 0.4091796875 0.39705882352941174 0.4091796875
7 0.4011437908496732 0.38671875 0.4133986928104575 0.38671875 0.4011437908496732 0.4345703125 0.4133986928104575 0.4345703125
7 0.4583333333333333 0.4013671875 0.49754901960784315 0.4013671875 0.4583333333333333 0.4423828125 0.49754901960784315 0.4423828125
7 0.5016339869281046 0.4013671875 0.5449346405228758 0.4013671875 0.5016339869281046 0.4384765625 0.5449346405228758 0.4384765625
7 0.7295751633986928 0.416015625 0.7377450980392157 0.416015625 0.7295751633986928 0.4501953125 0.7377450980392157 0.4501953125
7 0.7573529411764706 0.419921875 0.7671568627450981 0.419921875 0.7573529411764706 0.4580078125 0.7671568627450981 0.4580078125
7 0.7663398692810458 0.4140625 0.7777777777777778 0.4140625 0.7663398692810458 0.45703125 0.7777777777777778 0.45703125
7 0.8325163398692811 0.4189453125 0.8447712418300654 0.4189453125 0.8325163398692811 0.4736328125 0.8447712418300654 0.4736328125
7 0.8423202614379085 0.4189453125 0.8553921568627451 0.4189453125 0.8423202614379085 0.4677734375 0.8553921568627451 0.4677734375
7 0.8758169934640523 0.4228515625 0.8897058823529411 0.4228515625 0.8758169934640523 0.4775390625 0.8897058823529411 0.4775390625
7 0.8880718954248366 0.4326171875 0.8995098039215687 0.4326171875 0.8880718954248366 0.474609375 0.8995098039215687 0.474609375
7 0.8962418300653595 0.435546875 0.9117647058823529 0.435546875 0.8962418300653595 0.48046875 0.9117647058823529 0.48046875
7 0.9019607843137255 0.421875 0.9133986928104575 0.421875 0.9019607843137255 0.4443359375 0.9133986928104575 0.4443359375
7 0.9183006535947712 0.4228515625 0.934640522875817 0.4228515625 0.9183006535947712 0.4853515625 0.934640522875817 0.4853515625
7 0.9362745098039216 0.41796875 0.9550653594771242 0.41796875 0.9362745098039216 0.48046875 0.9550653594771242 0.48046875
7 0.9591503267973857 0.4248046875 0.9787581699346405 0.4248046875 0.9591503267973857 0.4912109375 0.9787581699346405 0.4912109375
7 0.9836601307189542 0.423828125 0.9967320261437909 0.423828125 0.9836601307189542 0.4697265625 0.9967320261437909 0.4697265625
7 0.8709150326797386 0.4375 0.8790849673202614 0.4375 0.8709150326797386 0.470703125 0.8790849673202614 0.470703125
7 0.809640522875817 0.416015625 0.8235294117647058 0.416015625 0.809640522875817 0.478515625 0.8235294117647058 0.478515625
7 0.25 0.3662109375 0.2622549019607843 0.3662109375 0.25 0.39453125 0.2622549019607843 0.39453125
0 0.4223856209150327 0.33984375 0.5931372549019608 0.33984375 0.4223856209150327 0.5595703125 0.5931372549019608 0.5595703125
2 0.6331699346405228 0.396484375 0.6748366013071896 0.396484375 0.6331699346405228 0.4501953125 0.6748366013071896 0.4501953125