4 0.44166666666666665 0.2975 0.4572222222222222 0.2975 0.44166666666666665 0.33375 0.4572222222222222 0.33375
4 0.3838888888888889 0.438125 0.39055555555555554 0.438125 0.3838888888888889 0.4475 0.39055555555555554 0.4475
4 0.705 0.4125 0.7127777777777777 0.4125 0.705 0.430625 0.7127777777777777 0.430625
4 0.705 0.438125 0.7111111111111111 0.438125 0.705 0.454375 0.7111111111111111 0.454375
4 0.5611111111111111 0.348125 0.5705555555555556 0.348125 0.5611111111111111 0.374375 0.5705555555555556 0.374375
4 0.44166666666666665 0.298125 0.4577777777777778 0.298125 0.44166666666666665 0.333125 0.4577777777777778 0.333125
4 0.3844444444444444 0.411875 0.3933333333333333 0.411875 0.3844444444444444 0.435625 0.3933333333333333 0.435625
9 0.4116666666666667 0.415625 0.4255555555555556 0.415625 0.4116666666666667 0.431875 0.4255555555555556 0.431875
9 0.7088888888888889 0.431875 0.7261111111111112 0.431875 0.7088888888888889 0.4375 0.7261111111111112 0.4375
9 0.295 0.3775 0.31277777777777777 0.3775 0.295 0.4075 0.31277777777777777 0.4075
2 0 0.458125 0.07888888888888888 0.458125 0 0.568125 0.07888888888888888 0.568125
2 0.06777777777777778 0.4525 0.18388888888888888 0.4525 0.06777777777777778 0.5475 0.18388888888888888 0.5475
2 0.1827777777777778 0.455 0.27444444444444444 0.455 0.1827777777777778 0.525 0.27444444444444444 0.525
2 0.46 0.45875 0.48333333333333334 0.45875 0.46 0.478125 0.48333333333333334 0.478125
2 0.5377777777777778 0.456875 0.56 0.456875 0.5377777777777778 0.473125 0.56 0.473125
2 0.5783333333333334 0.4575 0.595 0.4575 0.5783333333333334 0.468125 0.595 0.468125