2 0 0.470625 0.02388888888888889 0.470625 0 0.49375 0.02388888888888889 0.49375
2 0.365 0.4675 0.39055555555555554 0.4675 0.365 0.48375 0.39055555555555554 0.48375
2 0.3988888888888889 0.469375 0.42055555555555557 0.469375 0.3988888888888889 0.4825 0.42055555555555557 0.4825
2 0.4766666666666667 0.46 0.5594444444444444 0.46 0.4766666666666667 0.493125 0.5594444444444444 0.493125
2 0.5544444444444444 0.464375 0.5688888888888889 0.464375 0.5544444444444444 0.478125 0.5688888888888889 0.478125
2 0.5655555555555556 0.465625 0.5861111111111111 0.465625 0.5655555555555556 0.480625 0.5861111111111111 0.480625
2 0.5844444444444444 0.46625 0.6005555555555555 0.46625 0.5844444444444444 0.479375 0.6005555555555555 0.479375
2 0.605 0.465625 0.6277777777777778 0.465625 0.605 0.479375 0.6277777777777778 0.479375
2 0.6277777777777778 0.46625 0.6422222222222222 0.46625 0.6277777777777778 0.479375 0.6422222222222222 0.479375
2 0.6572222222222223 0.45875 0.7072222222222222 0.45875 0.6572222222222223 0.493125 0.7072222222222222 0.493125
2 0.67 0.450625 0.7633333333333333 0.450625 0.67 0.499375 0.7633333333333333 0.499375
2 0.7522222222222222 0.439375 0.8988888888888888 0.439375 0.7522222222222222 0.5225 0.8988888888888888 0.5225
2 0.8627777777777778 0.380625 0.9994444444444445 0.380625 0.8627777777777778 0.550625 0.9994444444444445 0.550625
6 0.01611111111111111 0.385 0.31777777777777777 0.385 0.01611111111111111 0.5225 0.31777777777777777 0.5225
6 0.3138888888888889 0.450625 0.35777777777777775 0.450625 0.3138888888888889 0.4875 0.35777777777777775 0.4875
6 0.3516666666666667 0.46625 0.3688888888888889 0.46625 0.3516666666666667 0.485625 0.3688888888888889 0.485625
6 0.42 0.46375 0.4766666666666667 0.46375 0.42 0.4925 0.4766666666666667 0.4925
2 0.6366666666666667 0.441875 0.7183333333333334 0.441875 0.6366666666666667 0.4925 0.7183333333333334 0.4925