9 0.396875 0.4365234375 0.40390625 0.4365234375 0.396875 0.4453125 0.40390625 0.4453125
9 0.39765625 0.4453125 0.403125 0.4453125 0.39765625 0.4482421875 0.403125 0.4482421875
9 0.50390625 0.4267578125 0.51328125 0.4267578125 0.50390625 0.4375 0.51328125 0.4375
9 0.50546875 0.4375 0.51171875 0.4375 0.50546875 0.4423828125 0.51171875 0.4423828125
7 0.88828125 0.4267578125 0.89609375 0.4267578125 0.88828125 0.4541015625 0.89609375 0.4541015625
7 0.87734375 0.4248046875 0.884375 0.4248046875 0.87734375 0.455078125 0.884375 0.455078125
7 0.86484375 0.42578125 0.8703125 0.42578125 0.86484375 0.451171875 0.8703125 0.451171875
0 0.46953125 0.482421875 0.4875 0.482421875 0.46953125 0.5244140625 0.4875 0.5244140625
2 0.390625 0.4560546875 0.41328125 0.4560546875 0.390625 0.4833984375 0.41328125 0.4833984375
2 0.384375 0.4638671875 0.4 0.4638671875 0.384375 0.4912109375 0.4 0.4912109375
2 0.371875 0.46484375 0.39140625 0.46484375 0.371875 0.4951171875 0.39140625 0.4951171875
2 0.35546875 0.466796875 0.3796875 0.466796875 0.35546875 0.505859375 0.3796875 0.505859375
2 0.3265625 0.4658203125 0.3640625 0.4658203125 0.3265625 0.515625 0.3640625 0.515625
2 0.32578125 0.4736328125 0.35546875 0.4736328125 0.32578125 0.5205078125 0.35546875 0.5205078125
2 0.2859375 0.466796875 0.33828125 0.466796875 0.2859375 0.5322265625 0.33828125 0.5322265625
2 0.28828125 0.482421875 0.31796875 0.482421875 0.28828125 0.54296875 0.31796875 0.54296875
2 0.24453125 0.47265625 0.3015625 0.47265625 0.24453125 0.5458984375 0.3015625 0.5458984375
2 0.11875 0.4921875 0.175 0.4921875 0.11875 0.5107421875 0.175 0.5107421875
2 0.1546875 0.4775390625 0.2625 0.4775390625 0.1546875 0.53515625 0.2625 0.53515625
2 0 0.544921875 0.1078125 0.544921875 0 0.7109375 0.1078125 0.7109375
2 0.07890625 0.529296875 0.32890625 0.529296875 0.07890625 0.7490234375 0.32890625 0.7490234375
2 0.41328125 0.4521484375 0.44765625 0.4521484375 0.41328125 0.4892578125 0.44765625 0.4892578125
2 0.44921875 0.4521484375 0.478125 0.4521484375 0.44921875 0.4814453125 0.478125 0.4814453125
2 0.484375 0.4521484375 0.50625 0.4521484375 0.484375 0.484375 0.50625 0.484375
2 0.49453125 0.4541015625 0.525 0.4541015625 0.49453125 0.50390625 0.525 0.50390625
2 0.50625 0.4609375 0.53515625 0.4609375 0.50625 0.5185546875 0.53515625 0.5185546875
2 0.51875 0.4638671875 0.5546875 0.4638671875 0.51875 0.52734375 0.5546875 0.52734375
2 0.5296875 0.453125 0.64609375 0.453125 0.5296875 0.58984375 0.64609375 0.58984375
2 0.56171875 0.5029296875 0.68203125 0.5029296875 0.56171875 0.626953125 0.68203125 0.626953125
2 0.60390625 0.51171875 0.77109375 0.51171875 0.60390625 0.6787109375 0.77109375 0.6787109375
2 0.68046875 0.54296875 0.93671875 0.54296875 0.68046875 0.7919921875 0.93671875 0.7919921875
2 0.79453125 0.599609375 0.99921875 0.599609375 0.79453125 0.9990234375 0.99921875 0.9990234375
7 0.4703125 0.4619140625 0.4875 0.4619140625 0.4703125 0.517578125 0.4875 0.517578125