9 0.32373046875 0.4140625 0.35009765625 0.4140625 0.32373046875 0.4498697916666667 0.35009765625 0.4498697916666667
9 0.94140625 0.5110677083333334 0.9599609375 0.5110677083333334 0.94140625 0.5514322916666666 0.9599609375 0.5514322916666666
9 0.94384765625 0.4635416666666667 0.96435546875 0.4635416666666667 0.94384765625 0.51171875 0.96435546875 0.51171875
2 0.13232421875 0.4798177083333333 0.228515625 0.4798177083333333 0.13232421875 0.52734375 0.228515625 0.52734375
2 0.25439453125 0.4921875 0.34765625 0.4921875 0.25439453125 0.5703125 0.34765625 0.5703125
2 0.47314453125 0.5078125 0.5380859375 0.5078125 0.47314453125 0.5690104166666666 0.5380859375 0.5690104166666666
2 0.5361328125 0.5182291666666666 0.576171875 0.5182291666666666 0.5361328125 0.5598958333333334 0.576171875 0.5598958333333334
2 0.60400390625 0.517578125 0.62744140625 0.517578125 0.60400390625 0.5514322916666666 0.62744140625 0.5514322916666666
2 0.62841796875 0.5162760416666666 0.6708984375 0.5162760416666666 0.62841796875 0.546875 0.6708984375 0.546875
2 0.66455078125 0.515625 0.68212890625 0.515625 0.66455078125 0.5436197916666666 0.68212890625 0.5436197916666666
2 0.67626953125 0.5149739583333334 0.689453125 0.5149739583333334 0.67626953125 0.5397135416666666 0.689453125 0.5397135416666666
2 0.6943359375 0.5182291666666666 0.73486328125 0.5182291666666666 0.6943359375 0.56640625 0.73486328125 0.56640625
2 0.68994140625 0.517578125 0.705078125 0.517578125 0.68994140625 0.5325520833333334 0.705078125 0.5325520833333334
2 0.77001953125 0.49609375 0.84619140625 0.49609375 0.77001953125 0.5319010416666666 0.84619140625 0.5319010416666666
2 0.78662109375 0.5104166666666666 0.85986328125 0.5104166666666666 0.78662109375 0.5859375 0.85986328125 0.5859375
7 0.57275390625 0.5169270833333334 0.61279296875 0.5169270833333334 0.57275390625 0.6627604166666666 0.61279296875 0.6627604166666666
7 0.7333984375 0.48046875 0.79150390625 0.48046875 0.7333984375 0.71484375 0.79150390625 0.71484375
10 0.58447265625 0.6634114583333334 0.59716796875 0.6634114583333334 0.58447265625 0.671875 0.59716796875 0.671875
10 0.755859375 0.71484375 0.7783203125 0.71484375 0.755859375 0.7259114583333334 0.7783203125 0.7259114583333334