4 0.07761437908496732 0.513671875 0.08823529411764706 0.513671875 0.07761437908496732 0.5478515625 0.08823529411764706 0.5478515625
4 0.08169934640522876 0.3408203125 0.10375816993464053 0.3408203125 0.08169934640522876 0.4091796875 0.10375816993464053 0.4091796875
4 0.19362745098039216 0.51171875 0.20098039215686275 0.51171875 0.19362745098039216 0.521484375 0.20098039215686275 0.521484375
4 0.6339869281045751 0.5185546875 0.6437908496732027 0.5185546875 0.6339869281045751 0.5498046875 0.6437908496732027 0.5498046875
4 0.636437908496732 0.34765625 0.6593137254901961 0.34765625 0.636437908496732 0.4140625 0.6593137254901961 0.4140625
4 0.7107843137254902 0.5029296875 0.7197712418300654 0.5029296875 0.7107843137254902 0.5146484375 0.7197712418300654 0.5146484375
4 0.8374183006535948 0.5126953125 0.8472222222222222 0.5126953125 0.8374183006535948 0.5341796875 0.8472222222222222 0.5341796875
4 0.08006535947712418 0.482421875 0.09313725490196079 0.482421875 0.08006535947712418 0.505859375 0.09313725490196079 0.505859375
4 0.9101307189542484 0.4853515625 0.9158496732026143 0.4853515625 0.9101307189542484 0.5048828125 0.9158496732026143 0.5048828125
9 0.09803921568627451 0.4423828125 0.12173202614379085 0.4423828125 0.09803921568627451 0.4853515625 0.12173202614379085 0.4853515625
9 0.058823529411764705 0.41015625 0.08823529411764706 0.41015625 0.058823529411764705 0.443359375 0.08823529411764706 0.443359375
9 0.18872549019607843 0.486328125 0.19934640522875818 0.486328125 0.18872549019607843 0.4990234375 0.19934640522875818 0.4990234375
9 0.18709150326797386 0.4990234375 0.19934640522875818 0.4990234375 0.18709150326797386 0.505859375 0.19934640522875818 0.505859375
9 0.40032679738562094 0.4814453125 0.41013071895424835 0.4814453125 0.40032679738562094 0.4921875 0.41013071895424835 0.4921875
9 0.40032679738562094 0.494140625 0.4125816993464052 0.494140625 0.40032679738562094 0.5009765625 0.4125816993464052 0.5009765625
9 0.4681372549019608 0.4541015625 0.48447712418300654 0.4541015625 0.4681372549019608 0.4736328125 0.48447712418300654 0.4736328125
9 0.47058823529411764 0.4736328125 0.48366013071895425 0.4736328125 0.47058823529411764 0.4814453125 0.48366013071895425 0.4814453125
9 0.47058823529411764 0.4814453125 0.4852941176470588 0.4814453125 0.47058823529411764 0.50390625 0.4852941176470588 0.50390625
9 0.6421568627450981 0.4951171875 0.6511437908496732 0.4951171875 0.6421568627450981 0.505859375 0.6511437908496732 0.505859375
9 0.7058823529411765 0.4716796875 0.7124183006535948 0.4716796875 0.7058823529411765 0.494140625 0.7124183006535948 0.494140625
9 0.7066993464052288 0.494140625 0.7124183006535948 0.494140625 0.7066993464052288 0.4990234375 0.7124183006535948 0.4990234375
9 0.7434640522875817 0.4765625 0.7508169934640523 0.4765625 0.7434640522875817 0.4921875 0.7508169934640523 0.4921875
9 0.7426470588235294 0.4921875 0.7508169934640523 0.4921875 0.7426470588235294 0.50390625 0.7508169934640523 0.50390625
9 0.9558823529411765 0.421875 0.9714052287581699 0.421875 0.9558823529411765 0.4521484375 0.9714052287581699 0.4521484375
9 0.9558823529411765 0.4521484375 0.9705882352941176 0.4521484375 0.9558823529411765 0.4619140625 0.9705882352941176 0.4619140625
9 0.9575163398692811 0.4619140625 0.9697712418300654 0.4619140625 0.9575163398692811 0.482421875 0.9697712418300654 0.482421875
9 0.9665032679738562 0.4716796875 0.9991830065359477 0.4716796875 0.9665032679738562 0.478515625 0.9991830065359477 0.478515625
7 0.7254901960784313 0.5185546875 0.7483660130718954 0.5185546875 0.7254901960784313 0.6240234375 0.7483660130718954 0.6240234375
7 0.7001633986928104 0.509765625 0.7344771241830066 0.509765625 0.7001633986928104 0.623046875 0.7344771241830066 0.623046875
5 0.26552287581699346 0.5419921875 0.29411764705882354 0.5419921875 0.26552287581699346 0.603515625 0.29411764705882354 0.603515625
2 0.28921568627450983 0.5224609375 0.32679738562091504 0.5224609375 0.28921568627450983 0.5517578125 0.32679738562091504 0.5517578125
2 0.3137254901960784 0.517578125 0.3423202614379085 0.517578125 0.3137254901960784 0.54296875 0.3423202614379085 0.54296875
2 0.3684640522875817 0.5078125 0.38562091503267976 0.5078125 0.3684640522875817 0.525390625 0.38562091503267976 0.525390625
2 0.3790849673202614 0.5029296875 0.39624183006535946 0.5029296875 0.3790849673202614 0.517578125 0.39624183006535946 0.517578125
2 0.39133986928104575 0.4990234375 0.40441176470588236 0.4990234375 0.39133986928104575 0.5126953125 0.40441176470588236 0.5126953125
2 0.44689542483660133 0.5234375 0.5343137254901961 0.5234375 0.44689542483660133 0.6025390625 0.5343137254901961 0.6025390625
2 0.2965686274509804 0.548828125 0.5236928104575164 0.548828125 0.2965686274509804 0.763671875 0.5236928104575164 0.763671875
2 0.7859477124183006 0.5322265625 0.8823529411764706 0.5322265625 0.7859477124183006 0.580078125 0.8823529411764706 0.580078125
7 0.26552287581699346 0.521484375 0.29411764705882354 0.521484375 0.26552287581699346 0.58203125 0.29411764705882354 0.58203125