9 0.2883986928104575 0.4306640625 0.309640522875817 0.4306640625 0.2883986928104575 0.4375 0.309640522875817 0.4375
9 0.2883986928104575 0.4375 0.3104575163398693 0.4375 0.2883986928104575 0.4423828125 0.3104575163398693 0.4423828125
9 0.28921568627450983 0.4423828125 0.3104575163398693 0.4423828125 0.28921568627450983 0.4482421875 0.3104575163398693 0.4482421875
9 0.2883986928104575 0.4482421875 0.3104575163398693 0.4482421875 0.2883986928104575 0.4560546875 0.3104575163398693 0.4560546875
9 0.28921568627450983 0.4560546875 0.3112745098039216 0.4560546875 0.28921568627450983 0.462890625 0.3112745098039216 0.462890625
9 0.28921568627450983 0.462890625 0.3112745098039216 0.462890625 0.28921568627450983 0.46875 0.3112745098039216 0.46875
9 0.4583333333333333 0.4541015625 0.47058823529411764 0.4541015625 0.4583333333333333 0.4716796875 0.47058823529411764 0.4716796875
2 0.4133986928104575 0.4736328125 0.5612745098039216 0.4736328125 0.4133986928104575 0.6220703125 0.5612745098039216 0.6220703125
2 0.26633986928104575 0.4921875 0.3047385620915033 0.4921875 0.26633986928104575 0.5234375 0.3047385620915033 0.5234375
2 0.38235294117647056 0.4794921875 0.3929738562091503 0.4794921875 0.38235294117647056 0.4892578125 0.3929738562091503 0.4892578125
2 0.3954248366013072 0.4794921875 0.40441176470588236 0.4794921875 0.3954248366013072 0.4892578125 0.40441176470588236 0.4892578125
2 0.5228758169934641 0.4736328125 0.5465686274509803 0.4736328125 0.5228758169934641 0.5048828125 0.5465686274509803 0.5048828125