4 0.33666666666666667 0.4375 0.3433333333333333 0.4375 0.33666666666666667 0.449375 0.3433333333333333 0.449375
4 0.34055555555555556 0.4175 0.34555555555555556 0.4175 0.34055555555555556 0.430625 0.34555555555555556 0.430625
4 0.5183333333333333 0.41125 0.5233333333333333 0.41125 0.5183333333333333 0.421875 0.5233333333333333 0.421875
4 0.5188888888888888 0.43125 0.5238888888888888 0.43125 0.5188888888888888 0.44125 0.5238888888888888 0.44125
9 0.6344444444444445 0.38125 0.6644444444444444 0.38125 0.6344444444444445 0.409375 0.6644444444444444 0.409375
9 0.5561111111111111 0.38875 0.5683333333333334 0.38875 0.5561111111111111 0.41375 0.5683333333333334 0.41375
9 0.5583333333333333 0.42125 0.5677777777777778 0.42125 0.5583333333333333 0.43125 0.5677777777777778 0.43125
2 0.0811111111111111 0.4475 0.21166666666666667 0.4475 0.0811111111111111 0.54375 0.21166666666666667 0.54375
2 0.20555555555555555 0.451875 0.26611111111111113 0.451875 0.20555555555555555 0.51375 0.26611111111111113 0.51375
2 0.47444444444444445 0.453125 0.49166666666666664 0.453125 0.47444444444444445 0.466875 0.49166666666666664 0.466875
2 0.5022222222222222 0.44125 0.565 0.44125 0.5022222222222222 0.48125 0.565 0.48125
2 0.39111111111111113 0.45875 0.4066666666666667 0.45875 0.39111111111111113 0.4725 0.4066666666666667 0.4725
2 0.40166666666666667 0.45625 0.41388888888888886 0.45625 0.40166666666666667 0.47 0.41388888888888886 0.47
2 0.45055555555555554 0.45375 0.4633333333333333 0.45375 0.45055555555555554 0.463125 0.4633333333333333 0.463125