9 0.3602941176470588 0.251953125 0.4035947712418301 0.251953125 0.3602941176470588 0.27734375 0.4035947712418301 0.27734375
9 0.3741830065359477 0.2880859375 0.39624183006535946 0.2880859375 0.3741830065359477 0.3076171875 0.39624183006535946 0.3076171875
9 0.2565359477124183 0.2939453125 0.272875816993464 0.2939453125 0.2565359477124183 0.310546875 0.272875816993464 0.310546875
9 0.2508169934640523 0.31640625 0.2589869281045752 0.31640625 0.2508169934640523 0.3349609375 0.2589869281045752 0.3349609375
9 0.2900326797385621 0.28515625 0.3055555555555556 0.28515625 0.2900326797385621 0.318359375 0.3055555555555556 0.318359375
9 0.28513071895424835 0.2822265625 0.30310457516339867 0.2822265625 0.28513071895424835 0.3388671875 0.30310457516339867 0.3388671875
9 0.5375816993464052 0.36328125 0.559640522875817 0.36328125 0.5375816993464052 0.390625 0.559640522875817 0.390625
9 0.5849673202614379 0.3798828125 0.5906862745098039 0.3798828125 0.5849673202614379 0.3876953125 0.5906862745098039 0.3876953125
9 0.8439542483660131 0.373046875 0.8668300653594772 0.373046875 0.8439542483660131 0.396484375 0.8668300653594772 0.396484375
7 0.28594771241830064 0.3583984375 0.3235294117647059 0.3583984375 0.28594771241830064 0.4736328125 0.3235294117647059 0.4736328125
7 0.619281045751634 0.408203125 0.6282679738562091 0.408203125 0.619281045751634 0.4326171875 0.6282679738562091 0.4326171875
2 0.6879084967320261 0.416015625 0.7328431372549019 0.416015625 0.6879084967320261 0.4580078125 0.7328431372549019 0.4580078125
2 0.7246732026143791 0.4189453125 0.7377450980392157 0.4189453125 0.7246732026143791 0.4443359375 0.7377450980392157 0.4443359375
2 0.7450980392156863 0.43359375 0.8496732026143791 0.43359375 0.7450980392156863 0.5068359375 0.8496732026143791 0.5068359375