9 0.39705882352941174 0.3359375 0.4215686274509804 0.3359375 0.39705882352941174 0.3662109375 0.4215686274509804 0.3662109375
9 0.39624183006535946 0.365234375 0.4207516339869281 0.365234375 0.39624183006535946 0.376953125 0.4207516339869281 0.376953125
9 0.43709150326797386 0.3583984375 0.4542483660130719 0.3583984375 0.43709150326797386 0.3916015625 0.4542483660130719 0.3916015625
9 0.4395424836601307 0.330078125 0.4526143790849673 0.330078125 0.4395424836601307 0.34765625 0.4526143790849673 0.34765625
9 0.7246732026143791 0.3603515625 0.7410130718954249 0.3603515625 0.7246732026143791 0.388671875 0.7410130718954249 0.388671875
7 0.3333333333333333 0.3984375 0.35375816993464054 0.3984375 0.3333333333333333 0.4677734375 0.35375816993464054 0.4677734375
13 0.47467320261437906 0.361328125 0.579248366013072 0.361328125 0.47467320261437906 0.4462890625 0.579248366013072 0.4462890625
2 0.45016339869281047 0.404296875 0.5245098039215687 0.404296875 0.45016339869281047 0.4833984375 0.5245098039215687 0.4833984375
2 0.5285947712418301 0.4228515625 0.5759803921568627 0.4228515625 0.5285947712418301 0.466796875 0.5759803921568627 0.466796875
2 0.6013071895424836 0.423828125 0.6503267973856209 0.423828125 0.6013071895424836 0.46875 0.6503267973856209 0.46875
2 0.7859477124183006 0.4384765625 0.9844771241830066 0.4384765625 0.7859477124183006 0.6005859375 0.9844771241830066 0.6005859375