7 0.20915032679738563 0.3671875 0.25735294117647056 0.3671875 0.20915032679738563 0.5048828125 0.25735294117647056 0.5048828125
7 0.2875816993464052 0.3837890625 0.3112745098039216 0.3837890625 0.2875816993464052 0.482421875 0.3112745098039216 0.482421875
7 0.32107843137254904 0.3740234375 0.34477124183006536 0.3740234375 0.32107843137254904 0.4755859375 0.34477124183006536 0.4755859375
7 0.3055555555555556 0.3896484375 0.34395424836601307 0.3896484375 0.3055555555555556 0.4892578125 0.34395424836601307 0.4892578125
7 0.3570261437908497 0.376953125 0.38480392156862747 0.376953125 0.3570261437908497 0.4736328125 0.38480392156862747 0.4736328125
7 0.375 0.380859375 0.4011437908496732 0.380859375 0.375 0.478515625 0.4011437908496732 0.478515625
7 0.47630718954248363 0.39453125 0.49836601307189543 0.39453125 0.47630718954248363 0.4697265625 0.49836601307189543 0.4697265625
7 0.6045751633986928 0.40625 0.6241830065359477 0.40625 0.6045751633986928 0.4658203125 0.6241830065359477 0.4658203125
7 0.5857843137254902 0.39453125 0.6029411764705882 0.39453125 0.5857843137254902 0.4619140625 0.6029411764705882 0.4619140625
0 0.48366013071895425 0.421875 0.5375816993464052 0.421875 0.48366013071895425 0.484375 0.5375816993464052 0.484375
7 0.49836601307189543 0.38671875 0.5261437908496732 0.38671875 0.49836601307189543 0.46484375 0.5261437908496732 0.46484375