9 0.02890625 0.4296875 0.065625 0.4296875 0.02890625 0.4541015625 0.065625 0.4541015625
9 0.028125 0.376953125 0.06640625 0.376953125 0.028125 0.4287109375 0.06640625 0.4287109375
9 0.515625 0.423828125 0.5234375 0.423828125 0.515625 0.4375 0.5234375 0.4375
9 0.5875 0.416015625 0.59609375 0.416015625 0.5875 0.4326171875 0.59609375 0.4326171875
9 0.58828125 0.41015625 0.5953125 0.41015625 0.58828125 0.4150390625 0.5953125 0.4150390625
9 0.6625 0.3876953125 0.67421875 0.3876953125 0.6625 0.4052734375 0.67421875 0.4052734375
7 0.63828125 0.48046875 0.690625 0.48046875 0.63828125 0.6201171875 0.690625 0.6201171875
7 0.859375 0.4814453125 0.9125 0.4814453125 0.859375 0.564453125 0.9125 0.564453125
7 0.8921875 0.478515625 0.94375 0.478515625 0.8921875 0.5693359375 0.94375 0.5693359375
7 0.82890625 0.4580078125 0.8578125 0.4580078125 0.82890625 0.517578125 0.8578125 0.517578125
7 0.86171875 0.4404296875 0.8875 0.4404296875 0.86171875 0.49609375 0.8875 0.49609375
7 0.75390625 0.46484375 0.76875 0.46484375 0.75390625 0.4853515625 0.76875 0.4853515625
0 0.015625 0.529296875 0.04375 0.529296875 0.015625 0.587890625 0.04375 0.587890625
0 0.07265625 0.5068359375 0.10234375 0.5068359375 0.07265625 0.5869140625 0.10234375 0.5869140625
0 0.07421875 0.51953125 0.1234375 0.51953125 0.07421875 0.57421875 0.1234375 0.57421875
0 0.2578125 0.494140625 0.27109375 0.494140625 0.2578125 0.5263671875 0.27109375 0.5263671875
0 0.4703125 0.48046875 0.48046875 0.48046875 0.4703125 0.5087890625 0.48046875 0.5087890625
0 0.66640625 0.5234375 0.69609375 0.5234375 0.66640625 0.5703125 0.69609375 0.5703125
0 0.6640625 0.486328125 0.70859375 0.486328125 0.6640625 0.552734375 0.70859375 0.552734375
5 0.5546875 0.4912109375 0.6359375 0.4912109375 0.5546875 0.5556640625 0.6359375 0.5556640625
2 0.5265625 0.4609375 0.6078125 0.4609375 0.5265625 0.5439453125 0.6078125 0.5439453125
2 0.5109375 0.4697265625 0.53984375 0.4697265625 0.5109375 0.5234375 0.53984375 0.5234375
2 0.5046875 0.46484375 0.53671875 0.46484375 0.5046875 0.5107421875 0.53671875 0.5107421875
2 0.4984375 0.4638671875 0.515625 0.4638671875 0.4984375 0.5048828125 0.515625 0.5048828125
2 0.47734375 0.44921875 0.50625 0.44921875 0.47734375 0.4794921875 0.50625 0.4794921875
2 0.39375 0.462890625 0.45625 0.462890625 0.39375 0.5283203125 0.45625 0.5283203125
2 0.34609375 0.4599609375 0.3796875 0.4599609375 0.34609375 0.49609375 0.3796875 0.49609375
2 0.39140625 0.45703125 0.4078125 0.45703125 0.39140625 0.47265625 0.4078125 0.47265625
2 0.45078125 0.455078125 0.46328125 0.455078125 0.45078125 0.4677734375 0.46328125 0.4677734375
2 0.41640625 0.4560546875 0.425 0.4560546875 0.41640625 0.4619140625 0.425 0.4619140625
2 0.43203125 0.4541015625 0.43984375 0.4541015625 0.43203125 0.4619140625 0.43984375 0.4619140625
2 0.3796875 0.4658203125 0.39296875 0.4658203125 0.3796875 0.48828125 0.39296875 0.48828125
7 0.25625 0.4736328125 0.27265625 0.4736328125 0.25625 0.5185546875 0.27265625 0.5185546875
7 0.46875 0.453125 0.4828125 0.453125 0.46875 0.5048828125 0.4828125 0.5048828125
3 0.3109375 0.4775390625 0.3171875 0.4775390625 0.3109375 0.4921875 0.3171875 0.4921875