4 0.41830065359477125 0.4833984375 0.42320261437908496 0.4833984375 0.41830065359477125 0.494140625 0.42320261437908496 0.494140625
4 0.4338235294117647 0.48828125 0.4387254901960784 0.48828125 0.4338235294117647 0.4970703125 0.4387254901960784 0.4970703125
9 0.5343137254901961 0.4931640625 0.5408496732026143 0.4931640625 0.5343137254901961 0.5009765625 0.5408496732026143 0.5009765625
7 0.6290849673202614 0.509765625 0.6380718954248366 0.509765625 0.6290849673202614 0.537109375 0.6380718954248366 0.537109375
7 0.6397058823529411 0.5078125 0.6454248366013072 0.5078125 0.6397058823529411 0.5390625 0.6454248366013072 0.5390625
7 0.4011437908496732 0.4990234375 0.40522875816993464 0.4990234375 0.4011437908496732 0.5185546875 0.40522875816993464 0.5185546875
13 0.47794117647058826 0.49609375 0.4918300653594771 0.49609375 0.47794117647058826 0.517578125 0.4918300653594771 0.517578125
5 0.47058823529411764 0.5224609375 0.48284313725490197 0.5224609375 0.47058823529411764 0.544921875 0.48284313725490197 0.544921875
2 0.5196078431372549 0.50390625 0.5277777777777778 0.50390625 0.5196078431372549 0.51171875 0.5277777777777778 0.51171875
2 0.48856209150326796 0.5068359375 0.49836601307189543 0.5068359375 0.48856209150326796 0.51953125 0.49836601307189543 0.51953125
2 0.47875816993464054 0.5126953125 0.4910130718954248 0.5126953125 0.47875816993464054 0.5283203125 0.4910130718954248 0.5283203125
2 0.4542483660130719 0.505859375 0.46895424836601307 0.505859375 0.4542483660130719 0.521484375 0.46895424836601307 0.521484375
2 0.4264705882352941 0.513671875 0.45098039215686275 0.513671875 0.4264705882352941 0.5361328125 0.45098039215686275 0.5361328125
2 0.40604575163398693 0.515625 0.44199346405228757 0.515625 0.40604575163398693 0.5498046875 0.44199346405228757 0.5498046875
2 0 0.52734375 0.02696078431372549 0.52734375 0 0.5830078125 0.02696078431372549 0.5830078125
7 0.4714052287581699 0.513671875 0.4820261437908497 0.513671875 0.4714052287581699 0.529296875 0.4820261437908497 0.529296875