4 0.7753267973856209 0.431640625 0.7851307189542484 0.431640625 0.7753267973856209 0.466796875 0.7851307189542484 0.466796875
4 0.6045751633986928 0.474609375 0.6102941176470589 0.474609375 0.6045751633986928 0.490234375 0.6102941176470589 0.490234375
4 0.548202614379085 0.4892578125 0.5514705882352942 0.4892578125 0.548202614379085 0.4990234375 0.5514705882352942 0.4990234375
4 0.28431372549019607 0.4853515625 0.2875816993464052 0.4853515625 0.28431372549019607 0.4912109375 0.2875816993464052 0.4912109375
9 0.9509803921568627 0.3974609375 0.9828431372549019 0.3974609375 0.9509803921568627 0.4345703125 0.9828431372549019 0.4345703125
7 0 0.5107421875 0.013071895424836602 0.5107421875 0 0.55859375 0.013071895424836602 0.55859375
7 0.015522875816993464 0.498046875 0.025326797385620915 0.498046875 0.015522875816993464 0.5283203125 0.025326797385620915 0.5283203125
7 0.051470588235294115 0.5205078125 0.07516339869281045 0.5205078125 0.051470588235294115 0.578125 0.07516339869281045 0.578125
7 0.03676470588235294 0.5146484375 0.04738562091503268 0.5146484375 0.03676470588235294 0.54296875 0.04738562091503268 0.54296875
7 0.07924836601307189 0.5205078125 0.0988562091503268 0.5205078125 0.07924836601307189 0.5751953125 0.0988562091503268 0.5751953125
7 0.07026143790849673 0.5087890625 0.07598039215686274 0.5087890625 0.07026143790849673 0.5380859375 0.07598039215686274 0.5380859375
7 0.07924836601307189 0.5205078125 0.09640522875816994 0.5205078125 0.07924836601307189 0.5751953125 0.09640522875816994 0.5751953125
7 0.09395424836601307 0.521484375 0.11764705882352941 0.521484375 0.09395424836601307 0.576171875 0.11764705882352941 0.576171875
7 0.09967320261437909 0.521484375 0.11764705882352941 0.521484375 0.09967320261437909 0.5751953125 0.11764705882352941 0.5751953125
7 0.2361111111111111 0.5107421875 0.2434640522875817 0.5107421875 0.2361111111111111 0.5322265625 0.2434640522875817 0.5322265625
7 0.3611111111111111 0.5107421875 0.3831699346405229 0.5107421875 0.3611111111111111 0.5615234375 0.3831699346405229 0.5615234375
7 0.34395424836601307 0.50390625 0.3684640522875817 0.50390625 0.34395424836601307 0.564453125 0.3684640522875817 0.564453125
7 0.3423202614379085 0.5048828125 0.3545751633986928 0.5048828125 0.3423202614379085 0.5654296875 0.3545751633986928 0.5654296875
7 0.31862745098039214 0.5068359375 0.3415032679738562 0.5068359375 0.31862745098039214 0.5439453125 0.3415032679738562 0.5439453125
7 0.41013071895424835 0.5068359375 0.42483660130718953 0.5068359375 0.41013071895424835 0.53515625 0.42483660130718953 0.53515625
7 0.40441176470588236 0.5048828125 0.4199346405228758 0.5048828125 0.40441176470588236 0.537109375 0.4199346405228758 0.537109375
7 0.5400326797385621 0.4970703125 0.5571895424836601 0.4970703125 0.5400326797385621 0.5498046875 0.5571895424836601 0.5498046875
7 0.48366013071895425 0.501953125 0.5008169934640523 0.501953125 0.48366013071895425 0.53125 0.5008169934640523 0.53125
7 0.4673202614379085 0.4990234375 0.48447712418300654 0.4990234375 0.4673202614379085 0.533203125 0.48447712418300654 0.533203125
7 0.7549019607843137 0.501953125 0.7736928104575164 0.501953125 0.7549019607843137 0.5634765625 0.7736928104575164 0.5634765625
7 0.25326797385620914 0.50390625 0.25980392156862747 0.50390625 0.25326797385620914 0.5302734375 0.25980392156862747 0.5302734375
7 0.9436274509803921 0.4931640625 0.9558823529411765 0.4931640625 0.9436274509803921 0.5302734375 0.9558823529411765 0.5302734375
7 0.11029411764705882 0.5078125 0.1184640522875817 0.5078125 0.11029411764705882 0.53515625 0.1184640522875817 0.53515625
7 0.11683006535947713 0.5048828125 0.12581699346405228 0.5048828125 0.11683006535947713 0.53125 0.12581699346405228 0.53125
13 0.4869281045751634 0.4814453125 0.5138888888888888 0.4814453125 0.4869281045751634 0.53125 0.5138888888888888 0.53125
5 0.9624183006535948 0.5498046875 0.9991830065359477 0.5498046875 0.9624183006535948 0.6953125 0.9991830065359477 0.6953125
2 0.6339869281045751 0.5029296875 0.7181372549019608 0.5029296875 0.6339869281045751 0.58203125 0.7181372549019608 0.58203125
2 0.5890522875816994 0.50390625 0.6462418300653595 0.50390625 0.5890522875816994 0.556640625 0.6462418300653595 0.556640625
2 0.5800653594771242 0.513671875 0.5980392156862745 0.513671875 0.5800653594771242 0.5517578125 0.5980392156862745 0.5517578125
2 0.47875816993464054 0.509765625 0.5098039215686274 0.509765625 0.47875816993464054 0.53125 0.5098039215686274 0.53125
2 0.5220588235294118 0.5078125 0.5465686274509803 0.5078125 0.5220588235294118 0.5322265625 0.5465686274509803 0.5322265625
2 0.4272875816993464 0.505859375 0.45669934640522875 0.505859375 0.4272875816993464 0.5322265625 0.45669934640522875 0.5322265625
2 0.45098039215686275 0.5078125 0.4673202614379085 0.5078125 0.45098039215686275 0.5302734375 0.4673202614379085 0.5302734375
2 0.3790849673202614 0.5078125 0.3929738562091503 0.5078125 0.3790849673202614 0.5234375 0.3929738562091503 0.5234375
2 0.3660130718954248 0.509765625 0.3815359477124183 0.509765625 0.3660130718954248 0.5263671875 0.3815359477124183 0.5263671875
2 0.24673202614379086 0.5322265625 0.5898692810457516 0.5322265625 0.24673202614379086 0.7001953125 0.5898692810457516 0.7001953125
2 0.17238562091503268 0.5205078125 0.2181372549019608 0.5205078125 0.17238562091503268 0.5556640625 0.2181372549019608 0.5556640625
2 0.11437908496732026 0.521484375 0.17892156862745098 0.521484375 0.11437908496732026 0.56640625 0.17892156862745098 0.56640625
2 0.28513071895424835 0.5009765625 0.3202614379084967 0.5009765625 0.28513071895424835 0.5361328125 0.3202614379084967 0.5361328125
2 0.5563725490196079 0.5126953125 0.5759803921568627 0.5126953125 0.5563725490196079 0.5322265625 0.5759803921568627 0.5322265625