1 0.04820261437908497 0.453125 0.21323529411764705 0.453125 0.04820261437908497 0.564453125 0.21323529411764705 0.564453125
1 0.42320261437908496 0.4794921875 0.440359477124183 0.4794921875 0.42320261437908496 0.4970703125 0.440359477124183 0.4970703125
1 0.46977124183006536 0.482421875 0.4795751633986928 0.482421875 0.46977124183006536 0.4990234375 0.4795751633986928 0.4990234375
9 0.7418300653594772 0.4521484375 0.7581699346405228 0.4521484375 0.7418300653594772 0.470703125 0.7581699346405228 0.470703125
9 0.6993464052287581 0.451171875 0.7132352941176471 0.451171875 0.6993464052287581 0.4677734375 0.7132352941176471 0.4677734375
9 0.7009803921568627 0.4677734375 0.7132352941176471 0.4677734375 0.7009803921568627 0.474609375 0.7132352941176471 0.474609375
9 0.7009803921568627 0.474609375 0.7132352941176471 0.474609375 0.7009803921568627 0.4814453125 0.7132352941176471 0.4814453125
9 0.7009803921568627 0.4814453125 0.7132352941176471 0.4814453125 0.7009803921568627 0.4873046875 0.7132352941176471 0.4873046875
9 0.6421568627450981 0.4599609375 0.6552287581699346 0.4599609375 0.6421568627450981 0.4755859375 0.6552287581699346 0.4755859375
9 0.6446078431372549 0.4755859375 0.6544117647058824 0.4755859375 0.6446078431372549 0.48828125 0.6544117647058824 0.48828125
7 0.9869281045751634 0.4970703125 0.9991830065359477 0.4970703125 0.9869281045751634 0.5361328125 0.9991830065359477 0.5361328125
7 0.9665032679738562 0.4951171875 0.9803921568627451 0.4951171875 0.9665032679738562 0.5400390625 0.9803921568627451 0.5400390625
7 0.9223856209150327 0.5 0.9354575163398693 0.5 0.9223856209150327 0.5419921875 0.9354575163398693 0.5419921875
7 0.9052287581699346 0.5 0.9191176470588235 0.5 0.9052287581699346 0.5380859375 0.9191176470588235 0.5380859375
7 0.8700980392156863 0.4931640625 0.880718954248366 0.4931640625 0.8700980392156863 0.5302734375 0.880718954248366 0.5302734375
7 0.8080065359477124 0.4970703125 0.8161764705882353 0.4970703125 0.8080065359477124 0.52734375 0.8161764705882353 0.52734375
7 0.8169934640522876 0.4931640625 0.829248366013072 0.4931640625 0.8169934640522876 0.533203125 0.829248366013072 0.533203125
7 0.7745098039215687 0.4970703125 0.7851307189542484 0.4970703125 0.7745098039215687 0.5302734375 0.7851307189542484 0.5302734375
13 0.26715686274509803 0.453125 0.35375816993464054 0.453125 0.26715686274509803 0.52734375 0.35375816993464054 0.52734375
2 0.26715686274509803 0.5048828125 0.3227124183006536 0.5048828125 0.26715686274509803 0.548828125 0.3227124183006536 0.548828125
2 0.3202614379084967 0.50390625 0.35947712418300654 0.50390625 0.3202614379084967 0.53515625 0.35947712418300654 0.53515625
2 0.40441176470588236 0.4951171875 0.41830065359477125 0.4951171875 0.40441176470588236 0.5078125 0.41830065359477125 0.5078125
2 0.44281045751633985 0.49609375 0.4542483660130719 0.49609375 0.44281045751633985 0.505859375 0.4542483660130719 0.505859375
2 0.4354575163398693 0.49609375 0.4485294117647059 0.49609375 0.4354575163398693 0.5068359375 0.4485294117647059 0.5068359375
2 0.41911764705882354 0.4970703125 0.44199346405228757 0.4970703125 0.41911764705882354 0.51953125 0.44199346405228757 0.51953125
2 0.35294117647058826 0.5009765625 0.4158496732026144 0.5009765625 0.35294117647058826 0.5673828125 0.4158496732026144 0.5673828125
2 0.4991830065359477 0.49609375 0.5155228758169934 0.49609375 0.4991830065359477 0.509765625 0.5155228758169934 0.509765625
2 0.38480392156862747 0.5068359375 0.5718954248366013 0.5068359375 0.38480392156862747 0.703125 0.5718954248366013 0.703125
2 0.08986928104575163 0.51953125 0.2949346405228758 0.51953125 0.08986928104575163 0.6806640625 0.2949346405228758 0.6806640625
2 0.022058823529411766 0.5107421875 0.042483660130718956 0.5107421875 0.022058823529411766 0.564453125 0.042483660130718956 0.564453125
2 0.03839869281045752 0.5185546875 0.06372549019607843 0.5185546875 0.03839869281045752 0.556640625 0.06372549019607843 0.556640625
2 0.21323529411764705 0.5009765625 0.23447712418300654 0.5009765625 0.21323529411764705 0.51953125 0.23447712418300654 0.51953125
2 0 0.48828125 0.031862745098039214 0.48828125 0 0.6298828125 0.031862745098039214 0.6298828125
2 0.6544117647058824 0.5126953125 0.7630718954248366 0.5126953125 0.6544117647058824 0.623046875 0.7630718954248366 0.623046875
2 0.7156862745098039 0.5478515625 0.9991830065359477 0.5478515625 0.7156862745098039 0.8662109375 0.9991830065359477 0.8662109375