9 0.19444444444444445 0.455078125 0.21323529411764705 0.455078125 0.19444444444444445 0.4775390625 0.21323529411764705 0.4775390625
9 0.19444444444444445 0.4775390625 0.21323529411764705 0.4775390625 0.19444444444444445 0.4970703125 0.21323529411764705 0.4970703125
5 0.4730392156862745 0.5341796875 0.4869281045751634 0.5341796875 0.4730392156862745 0.5595703125 0.4869281045751634 0.5595703125
2 0.46405228758169936 0.509765625 0.4820261437908497 0.509765625 0.46405228758169936 0.52734375 0.4820261437908497 0.52734375
2 0.4452614379084967 0.5126953125 0.4616013071895425 0.5126953125 0.4452614379084967 0.52734375 0.4616013071895425 0.52734375
2 0.43790849673202614 0.515625 0.4452614379084967 0.515625 0.43790849673202614 0.52734375 0.4452614379084967 0.52734375
2 0.43300653594771243 0.5166015625 0.4411764705882353 0.5166015625 0.43300653594771243 0.5302734375 0.4411764705882353 0.5302734375
2 0.42810457516339867 0.5166015625 0.43790849673202614 0.5166015625 0.42810457516339867 0.5322265625 0.43790849673202614 0.5322265625
2 0.4215686274509804 0.51953125 0.43218954248366015 0.51953125 0.4215686274509804 0.53515625 0.43218954248366015 0.53515625
2 0.3627450980392157 0.5205078125 0.397875816993464 0.5205078125 0.3627450980392157 0.5625 0.397875816993464 0.5625
2 0.37745098039215685 0.517578125 0.4362745098039216 0.517578125 0.37745098039215685 0.576171875 0.4362745098039216 0.576171875
2 0.2875816993464052 0.529296875 0.33986928104575165 0.529296875 0.2875816993464052 0.572265625 0.33986928104575165 0.572265625
2 0.19362745098039216 0.5283203125 0.22303921568627452 0.5283203125 0.19362745098039216 0.55859375 0.22303921568627452 0.55859375
2 0.13071895424836602 0.525390625 0.18382352941176472 0.525390625 0.13071895424836602 0.5673828125 0.18382352941176472 0.5673828125
2 0.061274509803921566 0.533203125 0.09722222222222222 0.533203125 0.061274509803921566 0.5791015625 0.09722222222222222 0.5791015625
2 0 0.53125 0.03349673202614379 0.53125 0 0.5859375 0.03349673202614379 0.5859375
2 0.4959150326797386 0.5087890625 0.5106209150326797 0.5087890625 0.4959150326797386 0.5283203125 0.5106209150326797 0.5283203125
2 0.5016339869281046 0.5146484375 0.5187908496732027 0.5146484375 0.5016339869281046 0.5361328125 0.5187908496732027 0.5361328125
2 0.5081699346405228 0.51953125 0.5261437908496732 0.51953125 0.5081699346405228 0.537109375 0.5261437908496732 0.537109375
2 0.5302287581699346 0.5205078125 0.5661764705882353 0.5205078125 0.5302287581699346 0.5634765625 0.5661764705882353 0.5634765625
2 0.5441176470588235 0.525390625 0.5669934640522876 0.525390625 0.5441176470588235 0.5693359375 0.5669934640522876 0.5693359375
2 0.5620915032679739 0.505859375 0.6405228758169934 0.505859375 0.5620915032679739 0.5986328125 0.6405228758169934 0.5986328125
2 0.5784313725490197 0.5205078125 0.7132352941176471 0.5205078125 0.5784313725490197 0.6171875 0.7132352941176471 0.6171875
2 0.7132352941176471 0.521484375 0.7467320261437909 0.521484375 0.7132352941176471 0.5595703125 0.7467320261437909 0.5595703125
2 0.7459150326797386 0.50390625 0.8325163398692811 0.50390625 0.7459150326797386 0.544921875 0.8325163398692811 0.544921875
2 0.8161764705882353 0.51171875 0.9191176470588235 0.51171875 0.8161764705882353 0.5654296875 0.9191176470588235 0.5654296875
2 0.9150326797385621 0.5224609375 0.940359477124183 0.5224609375 0.9150326797385621 0.5576171875 0.940359477124183 0.5576171875
2 0.9027777777777778 0.521484375 0.9991830065359477 0.521484375 0.9027777777777778 0.6474609375 0.9991830065359477 0.6474609375
2 0.6723856209150327 0.54296875 0.9387254901960784 0.54296875 0.6723856209150327 0.7275390625 0.9387254901960784 0.7275390625
7 0.4730392156862745 0.5224609375 0.4869281045751634 0.5224609375 0.4730392156862745 0.5537109375 0.4869281045751634 0.5537109375