9 0.4526143790849673 0.3701171875 0.47549019607843135 0.3701171875 0.4526143790849673 0.3857421875 0.47549019607843135 0.3857421875
9 0.3741830065359477 0.353515625 0.40522875816993464 0.353515625 0.3741830065359477 0.36328125 0.40522875816993464 0.36328125
9 0.3839869281045752 0.39453125 0.4068627450980392 0.39453125 0.3839869281045752 0.4189453125 0.4068627450980392 0.4189453125
9 0.3839869281045752 0.4130859375 0.40522875816993464 0.4130859375 0.3839869281045752 0.4296875 0.40522875816993464 0.4296875
9 0.5816993464052288 0.4072265625 0.5947712418300654 0.4072265625 0.5816993464052288 0.41796875 0.5947712418300654 0.41796875
9 0.4542483660130719 0.384765625 0.4583333333333333 0.384765625 0.4542483660130719 0.3896484375 0.4583333333333333 0.3896484375
7 0.41911764705882354 0.3935546875 0.4264705882352941 0.3935546875 0.41911764705882354 0.41796875 0.4264705882352941 0.41796875
7 0.49264705882352944 0.3974609375 0.4991830065359477 0.3974609375 0.49264705882352944 0.412109375 0.4991830065359477 0.412109375
7 0.4714052287581699 0.3974609375 0.47630718954248363 0.3974609375 0.4714052287581699 0.4111328125 0.47630718954248363 0.4111328125
2 0.829248366013072 0.416015625 0.9485294117647058 0.416015625 0.829248366013072 0.4794921875 0.9485294117647058 0.4794921875
2 0.7679738562091504 0.408203125 0.8921568627450981 0.408203125 0.7679738562091504 0.46484375 0.8921568627450981 0.46484375
2 0.9379084967320261 0.41796875 0.988562091503268 0.41796875 0.9379084967320261 0.46875 0.988562091503268 0.46875
2 0.9787581699346405 0.423828125 0.9991830065359477 0.423828125 0.9787581699346405 0.50390625 0.9991830065359477 0.50390625
2 0.6936274509803921 0.4169921875 0.7205882352941176 0.4169921875 0.6936274509803921 0.4501953125 0.7205882352941176 0.4501953125
2 0.7418300653594772 0.4169921875 0.7720588235294118 0.4169921875 0.7418300653594772 0.451171875 0.7720588235294118 0.451171875
2 0.6527777777777778 0.4130859375 0.6805555555555556 0.4130859375 0.6527777777777778 0.4375 0.6805555555555556 0.4375
2 0.6323529411764706 0.4072265625 0.6486928104575164 0.4072265625 0.6323529411764706 0.4267578125 0.6486928104575164 0.4267578125
2 0.4395424836601307 0.3955078125 0.46078431372549017 0.3955078125 0.4395424836601307 0.4130859375 0.46078431372549017 0.4130859375