1 0.5866013071895425 0.3505859375 0.6168300653594772 0.3505859375 0.5866013071895425 0.4150390625 0.6168300653594772 0.4150390625
4 0.36437908496732024 0.275390625 0.3815359477124183 0.275390625 0.36437908496732024 0.326171875 0.3815359477124183 0.326171875
4 0.3872549019607843 0.2802734375 0.4019607843137255 0.2802734375 0.3872549019607843 0.330078125 0.4019607843137255 0.330078125
4 0.2630718954248366 0.3203125 0.2777777777777778 0.3203125 0.2630718954248366 0.3369140625 0.2777777777777778 0.3369140625
4 0.13398692810457516 0.08203125 0.23447712418300654 0.08203125 0.13398692810457516 0.2353515625 0.23447712418300654 0.2353515625
4 0.9599673202614379 0.263671875 0.9991830065359477 0.263671875 0.9599673202614379 0.3525390625 0.9991830065359477 0.3525390625
4 0.7704248366013072 0.37109375 0.7761437908496732 0.37109375 0.7704248366013072 0.38671875 0.7761437908496732 0.38671875
9 0.1715686274509804 0.2470703125 0.2222222222222222 0.2470703125 0.1715686274509804 0.3251953125 0.2222222222222222 0.3251953125
7 0.12663398692810457 0.3408203125 0.17565359477124182 0.3408203125 0.12663398692810457 0.482421875 0.17565359477124182 0.482421875
7 0.18055555555555555 0.326171875 0.24591503267973855 0.326171875 0.18055555555555555 0.4990234375 0.24591503267973855 0.4990234375
7 0.2173202614379085 0.3359375 0.24836601307189543 0.3359375 0.2173202614379085 0.4736328125 0.24836601307189543 0.4736328125
7 0.24183006535947713 0.34375 0.28104575163398693 0.34375 0.24183006535947713 0.4794921875 0.28104575163398693 0.4794921875
7 0.2696078431372549 0.33984375 0.3227124183006536 0.33984375 0.2696078431372549 0.5087890625 0.3227124183006536 0.5087890625
7 0.5531045751633987 0.37890625 0.5637254901960784 0.37890625 0.5531045751633987 0.42578125 0.5637254901960784 0.42578125
7 0.5629084967320261 0.3828125 0.5735294117647058 0.3828125 0.5629084967320261 0.4228515625 0.5735294117647058 0.4228515625
7 0.5669934640522876 0.3857421875 0.5776143790849673 0.3857421875 0.5669934640522876 0.4287109375 0.5776143790849673 0.4287109375
7 0.5735294117647058 0.3876953125 0.5841503267973857 0.3876953125 0.5735294117647058 0.43359375 0.5841503267973857 0.43359375
7 0.8300653594771242 0.4091796875 0.8415032679738562 0.4091796875 0.8300653594771242 0.4462890625 0.8415032679738562 0.4462890625
7 0.44199346405228757 0.373046875 0.4591503267973856 0.373046875 0.44199346405228757 0.41796875 0.4591503267973856 0.41796875
7 0.3545751633986928 0.3671875 0.3619281045751634 0.3671875 0.3545751633986928 0.396484375 0.3619281045751634 0.396484375
0 0 0.5205078125 0.20588235294117646 0.5205078125 0 0.8798828125 0.20588235294117646 0.8798828125
2 0.548202614379085 0.3583984375 0.5882352941176471 0.3583984375 0.548202614379085 0.4130859375 0.5882352941176471 0.4130859375
2 0.3880718954248366 0.3681640625 0.41911764705882354 0.3681640625 0.3880718954248366 0.400390625 0.41911764705882354 0.400390625
2 0.6413398692810458 0.392578125 0.6633986928104575 0.392578125 0.6413398692810458 0.421875 0.6633986928104575 0.421875
2 0.6601307189542484 0.3974609375 0.7083333333333334 0.3974609375 0.6601307189542484 0.43359375 0.7083333333333334 0.43359375
2 0.8382352941176471 0.4140625 0.946078431372549 0.4140625 0.8382352941176471 0.47265625 0.946078431372549 0.47265625
7 0.0024509803921568627 0.3212890625 0.20669934640522875 0.3212890625 0.0024509803921568627 0.8203125 0.20669934640522875 0.8203125