9 0.24166666666666667 0.379375 0.25555555555555554 0.379375 0.24166666666666667 0.4 0.25555555555555554 0.4
9 0.7361111111111112 0.385 0.7394444444444445 0.385 0.7361111111111112 0.40875 0.7394444444444445 0.40875
9 0.5416666666666666 0.393125 0.5477777777777778 0.393125 0.5416666666666666 0.404375 0.5477777777777778 0.404375
9 0.5338888888888889 0.39625 0.5416666666666666 0.39625 0.5338888888888889 0.40625 0.5416666666666666 0.40625
13 0.42833333333333334 0.344375 0.465 0.344375 0.42833333333333334 0.360625 0.465 0.360625
2 0.2761111111111111 0.40125 0.2972222222222222 0.40125 0.2761111111111111 0.42375 0.2972222222222222 0.42375
2 0.27055555555555555 0.44 0.33444444444444443 0.44 0.27055555555555555 0.49 0.33444444444444443 0.49
2 0.31055555555555553 0.4325 0.3561111111111111 0.4325 0.31055555555555553 0.48 0.3561111111111111 0.48
2 0.44722222222222224 0.418125 0.4688888888888889 0.418125 0.44722222222222224 0.440625 0.4688888888888889 0.440625
2 0.47944444444444445 0.390625 0.4888888888888889 0.390625 0.47944444444444445 0.39875 0.4888888888888889 0.39875
2 0.5066666666666667 0.395625 0.5177777777777778 0.395625 0.5066666666666667 0.4075 0.5177777777777778 0.4075
2 0.46111111111111114 0.398125 0.4677777777777778 0.398125 0.46111111111111114 0.4075 0.4677777777777778 0.4075
2 0.4633333333333333 0.390625 0.4722222222222222 0.390625 0.4633333333333333 0.4 0.4722222222222222 0.4
2 0.4666666666666667 0.385 0.47555555555555556 0.385 0.4666666666666667 0.395 0.47555555555555556 0.395
2 0.4588888888888889 0.4 0.4627777777777778 0.4 0.4588888888888889 0.4125 0.4627777777777778 0.4125
1 0.43722222222222223 0.396875 0.45944444444444443 0.396875 0.43722222222222223 0.42125 0.45944444444444443 0.42125