4 0.39052287581699346 0.4189453125 0.3929738562091503 0.4189453125 0.39052287581699346 0.427734375 0.3929738562091503 0.427734375
4 0.42810457516339867 0.4326171875 0.4305555555555556 0.4326171875 0.42810457516339867 0.439453125 0.4305555555555556 0.439453125
4 0.4861111111111111 0.4326171875 0.48937908496732024 0.4326171875 0.4861111111111111 0.439453125 0.48937908496732024 0.439453125
4 0.5261437908496732 0.4169921875 0.5302287581699346 0.4169921875 0.5261437908496732 0.431640625 0.5302287581699346 0.431640625
4 0.5784313725490197 0.390625 0.5866013071895425 0.390625 0.5784313725490197 0.4169921875 0.5866013071895425 0.4169921875
4 0.6772875816993464 0.439453125 0.6797385620915033 0.439453125 0.6772875816993464 0.447265625 0.6797385620915033 0.447265625
4 0.9003267973856209 0.41796875 0.9084967320261438 0.41796875 0.9003267973856209 0.427734375 0.9084967320261438 0.427734375
9 0.920751633986928 0.453125 0.9379084967320261 0.453125 0.920751633986928 0.486328125 0.9379084967320261 0.486328125
9 0.9599673202614379 0.421875 0.9714052287581699 0.421875 0.9599673202614379 0.4365234375 0.9714052287581699 0.4365234375
9 0.07516339869281045 0.40234375 0.13071895424836602 0.40234375 0.07516339869281045 0.421875 0.13071895424836602 0.421875
9 0.10049019607843138 0.3828125 0.1315359477124183 0.3828125 0.10049019607843138 0.3974609375 0.1315359477124183 0.3974609375
9 0.08905228758169935 0.3642578125 0.1323529411764706 0.3642578125 0.08905228758169935 0.37890625 0.1323529411764706 0.37890625
9 0.07761437908496732 0.3447265625 0.1315359477124183 0.3447265625 0.07761437908496732 0.359375 0.1315359477124183 0.359375
9 0.39215686274509803 0.4111328125 0.4117647058823529 0.4111328125 0.39215686274509803 0.42578125 0.4117647058823529 0.42578125
9 0.477124183006536 0.435546875 0.4812091503267974 0.435546875 0.477124183006536 0.443359375 0.4812091503267974 0.443359375
9 0.5040849673202614 0.43359375 0.5187908496732027 0.43359375 0.5040849673202614 0.4365234375 0.5187908496732027 0.4365234375
9 0.5040849673202614 0.4296875 0.5187908496732027 0.4296875 0.5040849673202614 0.4326171875 0.5187908496732027 0.4326171875
9 0.5040849673202614 0.421875 0.5187908496732027 0.421875 0.5040849673202614 0.4296875 0.5187908496732027 0.4296875
9 0.5759803921568627 0.42578125 0.5874183006535948 0.42578125 0.5759803921568627 0.4365234375 0.5874183006535948 0.4365234375
9 0.5980392156862745 0.4345703125 0.6029411764705882 0.4345703125 0.5980392156862745 0.4404296875 0.6029411764705882 0.4404296875
9 0.5980392156862745 0.4267578125 0.6029411764705882 0.4267578125 0.5980392156862745 0.4326171875 0.6029411764705882 0.4326171875
9 0.5212418300653595 0.421875 0.5261437908496732 0.421875 0.5212418300653595 0.43359375 0.5261437908496732 0.43359375
7 0.9395424836601307 0.4375 0.9501633986928104 0.4375 0.9395424836601307 0.482421875 0.9501633986928104 0.482421875
7 0.6772875816993464 0.4453125 0.6838235294117647 0.4453125 0.6772875816993464 0.4677734375 0.6838235294117647 0.4677734375
13 0 0.025390625 0.18137254901960784 0.025390625 0 0.853515625 0.18137254901960784 0.853515625
2 0.08006535947712418 0.4873046875 0.27532679738562094 0.4873046875 0.08006535947712418 0.6767578125 0.27532679738562094 0.6767578125
2 0.2107843137254902 0.3896484375 0.3741830065359477 0.3896484375 0.2107843137254902 0.58203125 0.3741830065359477 0.58203125
2 0.3570261437908497 0.4697265625 0.39950980392156865 0.4697265625 0.3570261437908497 0.5390625 0.39950980392156865 0.5390625
2 0.37254901960784315 0.462890625 0.4256535947712418 0.462890625 0.37254901960784315 0.5166015625 0.4256535947712418 0.5166015625
2 0.38643790849673204 0.4462890625 0.43709150326797386 0.4462890625 0.38643790849673204 0.4912109375 0.43709150326797386 0.4912109375
2 0.4272875816993464 0.4384765625 0.45098039215686275 0.4384765625 0.4272875816993464 0.4697265625 0.45098039215686275 0.4697265625
2 0.4076797385620915 0.48046875 0.5228758169934641 0.48046875 0.4076797385620915 0.5966796875 0.5228758169934641 0.5966796875
2 0.440359477124183 0.462890625 0.5204248366013072 0.462890625 0.440359477124183 0.5224609375 0.5204248366013072 0.5224609375
2 0.8006535947712419 0.5263671875 0.9991830065359477 0.5263671875 0.8006535947712419 0.9990234375 0.9991830065359477 0.9990234375
2 0.5988562091503268 0.4775390625 0.8398692810457516 0.4775390625 0.5988562091503268 0.6787109375 0.8398692810457516 0.6787109375
2 0.5751633986928104 0.4765625 0.6781045751633987 0.4765625 0.5751633986928104 0.583984375 0.6781045751633987 0.583984375
2 0.5236928104575164 0.466796875 0.5923202614379085 0.466796875 0.5236928104575164 0.5302734375 0.5923202614379085 0.5302734375
2 0.5204248366013072 0.4619140625 0.5637254901960784 0.4619140625 0.5204248366013072 0.505859375 0.5637254901960784 0.505859375
2 0.4934640522875817 0.4501953125 0.5163398692810458 0.4501953125 0.4934640522875817 0.4765625 0.5163398692810458 0.4765625
2 0.4730392156862745 0.4521484375 0.49019607843137253 0.4521484375 0.4730392156862745 0.462890625 0.49019607843137253 0.462890625
2 0.4493464052287582 0.4560546875 0.4616013071895425 0.4560546875 0.4493464052287582 0.46484375 0.4616013071895425 0.46484375
2 0.45098039215686275 0.451171875 0.46486928104575165 0.451171875 0.45098039215686275 0.462890625 0.46486928104575165 0.462890625
2 0.07598039215686274 0.4375 0.21568627450980393 0.4375 0.07598039215686274 0.494140625 0.21568627450980393 0.494140625
2 0.4934640522875817 0.4384765625 0.5245098039215687 0.4384765625 0.4934640522875817 0.462890625 0.5245098039215687 0.462890625
2 0.576797385620915 0.44921875 0.5972222222222222 0.44921875 0.576797385620915 0.458984375 0.5972222222222222 0.458984375
2 0.7238562091503268 0.439453125 0.7704248366013072 0.439453125 0.7238562091503268 0.4638671875 0.7704248366013072 0.4638671875
2 0.8382352941176471 0.4248046875 0.9011437908496732 0.4248046875 0.8382352941176471 0.4814453125 0.9011437908496732 0.4814453125
2 0.7753267973856209 0.4423828125 0.7990196078431373 0.4423828125 0.7753267973856209 0.4619140625 0.7990196078431373 0.4619140625
2 0.8022875816993464 0.44140625 0.8398692810457516 0.44140625 0.8022875816993464 0.46484375 0.8398692810457516 0.46484375
2 0.4542483660130719 0.4423828125 0.4730392156862745 0.4423828125 0.4542483660130719 0.4619140625 0.4730392156862745 0.4619140625