4 0.7438888888888889 0.336875 0.7572222222222222 0.336875 0.7438888888888889 0.375625 0.7572222222222222 0.375625
4 0.7794444444444445 0.334375 0.7927777777777778 0.334375 0.7794444444444445 0.373125 0.7927777777777778 0.373125
4 0.7533333333333333 0.396875 0.7638888888888888 0.396875 0.7533333333333333 0.414375 0.7638888888888888 0.414375
4 0.6577777777777778 0.405 0.6716666666666666 0.405 0.6577777777777778 0.42 0.6716666666666666 0.42
4 0.6544444444444445 0.3525 0.6672222222222223 0.3525 0.6544444444444445 0.39 0.6672222222222223 0.39
4 0.43777777777777777 0.278125 0.4494444444444444 0.278125 0.43777777777777777 0.314375 0.4494444444444444 0.314375
4 0.25277777777777777 0.275625 0.265 0.275625 0.25277777777777777 0.313125 0.265 0.313125
9 0.6005555555555555 0.40125 0.62 0.40125 0.6005555555555555 0.430625 0.62 0.430625
9 0.5883333333333334 0.416875 0.5977777777777777 0.416875 0.5883333333333334 0.438125 0.5977777777777777 0.438125
9 0.5105555555555555 0.325 0.5638888888888889 0.325 0.5105555555555555 0.34375 0.5638888888888889 0.34375
9 0.2727777777777778 0.2725 0.2961111111111111 0.2725 0.2727777777777778 0.3 0.2961111111111111 0.3
7 0.8077777777777778 0.42125 0.8405555555555555 0.42125 0.8077777777777778 0.509375 0.8405555555555555 0.509375
2 0.15444444444444444 0.4475 0.23944444444444443 0.4475 0.15444444444444444 0.509375 0.23944444444444443 0.509375
2 0 0.451875 0.01888888888888889 0.451875 0 0.535625 0.01888888888888889 0.535625
2 0.33611111111111114 0.465 0.3616666666666667 0.465 0.33611111111111114 0.485 0.3616666666666667 0.485
2 0.41833333333333333 0.453125 0.44666666666666666 0.453125 0.41833333333333333 0.485625 0.44666666666666666 0.485625
2 0.44333333333333336 0.42375 0.5472222222222223 0.42375 0.44333333333333336 0.520625 0.5472222222222223 0.520625
6 0.07833333333333334 0.4775 0.13944444444444445 0.4775 0.07833333333333334 0.5125 0.13944444444444445 0.5125
2 0.009444444444444445 0.469375 0.08222222222222222 0.469375 0.009444444444444445 0.515 0.08222222222222222 0.515