9 0.9288888888888889 0.4475 0.94 0.4475 0.9288888888888889 0.456875 0.94 0.456875
9 0.5244444444444445 0.42875 0.535 0.42875 0.5244444444444445 0.44125 0.535 0.44125
9 0.19777777777777777 0.399375 0.21388888888888888 0.399375 0.19777777777777777 0.426875 0.21388888888888888 0.426875
7 0.24666666666666667 0.435625 0.2788888888888889 0.435625 0.24666666666666667 0.5075 0.2788888888888889 0.5075
2 0.8344444444444444 0.455 0.9166666666666666 0.455 0.8344444444444444 0.481875 0.9166666666666666 0.481875
2 0.7188888888888889 0.455 0.8583333333333333 0.455 0.7188888888888889 0.47875 0.8583333333333333 0.47875
2 0.6172222222222222 0.45875 0.6772222222222222 0.45875 0.6172222222222222 0.478125 0.6772222222222222 0.478125
2 0.5733333333333334 0.46 0.6105555555555555 0.46 0.5733333333333334 0.47375 0.6105555555555555 0.47375
2 0.4572222222222222 0.459375 0.4677777777777778 0.459375 0.4572222222222222 0.469375 0.4677777777777778 0.469375
2 0.43166666666666664 0.45625 0.4461111111111111 0.45625 0.43166666666666664 0.468125 0.4461111111111111 0.468125
2 0.3377777777777778 0.444375 0.40055555555555555 0.444375 0.3377777777777778 0.473125 0.40055555555555555 0.473125
2 0 0.446875 0.07 0.446875 0 0.52375 0.07 0.52375
2 0.044444444444444446 0.444375 0.1111111111111111 0.444375 0.044444444444444446 0.498125 0.1111111111111111 0.498125
2 0.13444444444444445 0.43375 0.16444444444444445 0.43375 0.13444444444444445 0.459375 0.16444444444444445 0.459375
2 0.1638888888888889 0.443125 0.22944444444444445 0.443125 0.1638888888888889 0.46125 0.22944444444444445 0.46125
2 0.9333333333333333 0.464375 0.9711111111111111 0.464375 0.9333333333333333 0.475625 0.9711111111111111 0.475625
2 0.22277777777777777 0.443125 0.24833333333333332 0.443125 0.22277777777777777 0.470625 0.24833333333333332 0.470625
2 0 0.430625 0.03611111111111111 0.430625 0 0.45 0.03611111111111111 0.45
3 0.6538888888888889 0.49125 0.6683333333333333 0.49125 0.6538888888888889 0.54 0.6683333333333333 0.54
6 0.2633333333333333 0.455 0.28055555555555556 0.455 0.2633333333333333 0.508125 0.28055555555555556 0.508125