9 0.024444444444444446 0.40125 0.042777777777777776 0.40125 0.024444444444444446 0.416875 0.042777777777777776 0.416875
9 0.7605555555555555 0.16625 0.7816666666666666 0.16625 0.7605555555555555 0.251875 0.7816666666666666 0.251875
7 0.0033333333333333335 0.4525 0.03166666666666667 0.4525 0.0033333333333333335 0.4975 0.03166666666666667 0.4975
7 0.022222222222222223 0.4525 0.03333333333333333 0.4525 0.022222222222222223 0.484375 0.03333333333333333 0.484375
7 0.10555555555555556 0.448125 0.12444444444444444 0.448125 0.10555555555555556 0.4825 0.12444444444444444 0.4825
7 0.16055555555555556 0.46 0.17 0.46 0.16055555555555556 0.4975 0.17 0.4975
7 0.16833333333333333 0.45 0.17944444444444443 0.45 0.16833333333333333 0.4975 0.17944444444444443 0.4975
7 0.18 0.445625 0.19444444444444445 0.445625 0.18 0.49625 0.19444444444444445 0.49625
7 0.26611111111111113 0.45125 0.28 0.45125 0.26611111111111113 0.475625 0.28 0.475625
7 0.32944444444444443 0.451875 0.3422222222222222 0.451875 0.32944444444444443 0.495625 0.3422222222222222 0.495625
7 0.21 0.428125 0.24333333333333335 0.428125 0.21 0.53 0.24333333333333335 0.53
7 0.23833333333333334 0.436875 0.26166666666666666 0.436875 0.23833333333333334 0.52875 0.26166666666666666 0.52875
7 0.26222222222222225 0.465 0.28555555555555556 0.465 0.26222222222222225 0.52125 0.28555555555555556 0.52125
7 0.2927777777777778 0.42625 0.32611111111111113 0.42625 0.2927777777777778 0.528125 0.32611111111111113 0.528125
7 0.33944444444444444 0.453125 0.3705555555555556 0.453125 0.33944444444444444 0.530625 0.3705555555555556 0.530625
7 0.3711111111111111 0.454375 0.39555555555555555 0.454375 0.3711111111111111 0.51125 0.39555555555555555 0.51125
7 0.37777777777777777 0.45375 0.4177777777777778 0.45375 0.37777777777777777 0.531875 0.4177777777777778 0.531875
7 0.43277777777777776 0.458125 0.4627777777777778 0.458125 0.43277777777777776 0.529375 0.4627777777777778 0.529375
7 0.5211111111111111 0.441875 0.5433333333333333 0.441875 0.5211111111111111 0.498125 0.5433333333333333 0.498125
7 0.5772222222222222 0.436875 0.6177777777777778 0.436875 0.5772222222222222 0.53625 0.6177777777777778 0.53625
7 0.6083333333333333 0.433125 0.63 0.433125 0.6083333333333333 0.53625 0.63 0.53625
2 0 0.46875 0.065 0.46875 0 0.670625 0.065 0.670625