9 0.0011111111111111111 0.370625 0.018333333333333333 0.370625 0.0011111111111111111 0.403125 0.018333333333333333 0.403125
9 0 0.33 0.03 0.33 0 0.3725 0.03 0.3725
9 0 0.308125 0.020555555555555556 0.308125 0 0.328125 0.020555555555555556 0.328125
9 0 0.295 0.035 0.295 0 0.31125 0.035 0.31125
9 0.8027777777777778 0.32625 0.8244444444444444 0.32625 0.8027777777777778 0.356875 0.8244444444444444 0.356875
9 0.8038888888888889 0.289375 0.8261111111111111 0.289375 0.8038888888888889 0.328125 0.8261111111111111 0.328125
9 0.3322222222222222 0.415625 0.3372222222222222 0.415625 0.3322222222222222 0.424375 0.3372222222222222 0.424375
9 0.33 0.400625 0.34 0.400625 0.33 0.415 0.34 0.415
9 0.3477777777777778 0.420625 0.35444444444444445 0.420625 0.3477777777777778 0.425625 0.35444444444444445 0.425625
9 0.3461111111111111 0.40625 0.35833333333333334 0.40625 0.3461111111111111 0.420625 0.35833333333333334 0.420625
9 0.41555555555555557 0.443125 0.41944444444444445 0.443125 0.41555555555555557 0.448125 0.41944444444444445 0.448125
9 0.4938888888888889 0.435 0.5005555555555555 0.435 0.4938888888888889 0.444375 0.5005555555555555 0.444375
9 0.5188888888888888 0.409375 0.5294444444444445 0.409375 0.5188888888888888 0.42375 0.5294444444444445 0.42375
9 0.5344444444444445 0.413125 0.54 0.413125 0.5344444444444445 0.423125 0.54 0.423125
2 0.12166666666666667 0.438125 0.23777777777777778 0.438125 0.12166666666666667 0.5375 0.23777777777777778 0.5375
2 0.21777777777777776 0.44625 0.27944444444444444 0.44625 0.21777777777777776 0.5125 0.27944444444444444 0.5125
2 0.3472222222222222 0.4175 0.4077777777777778 0.4175 0.3472222222222222 0.48625 0.4077777777777778 0.48625
2 0.41 0.449375 0.4288888888888889 0.449375 0.41 0.46625 0.4288888888888889 0.46625
2 0.4411111111111111 0.446875 0.4622222222222222 0.446875 0.4411111111111111 0.465 0.4622222222222222 0.465
2 0.4711111111111111 0.448125 0.49333333333333335 0.448125 0.4711111111111111 0.464375 0.49333333333333335 0.464375
2 0.465 0.4475 0.4766666666666667 0.4475 0.465 0.461875 0.4766666666666667 0.461875
2 0.42777777777777776 0.448125 0.43555555555555553 0.448125 0.42777777777777776 0.4575 0.43555555555555553 0.4575
2 0.49277777777777776 0.4325 0.5405555555555556 0.4325 0.49277777777777776 0.47875 0.5405555555555556 0.47875
2 0.5116666666666667 0.44 0.5394444444444444 0.44 0.5116666666666667 0.494375 0.5394444444444444 0.494375
2 0.5261111111111111 0.435625 0.5911111111111111 0.435625 0.5261111111111111 0.49875 0.5911111111111111 0.49875
2 0.5444444444444444 0.45375 0.5833333333333334 0.45375 0.5444444444444444 0.510625 0.5833333333333334 0.510625
2 0.5616666666666666 0.440625 0.6605555555555556 0.440625 0.5616666666666666 0.53125 0.6605555555555556 0.53125
2 0.6127777777777778 0.4475 0.7816666666666666 0.4475 0.6127777777777778 0.574375 0.7816666666666666 0.574375
2 0.7194444444444444 0.43375 0.9994444444444445 0.43375 0.7194444444444444 0.6675 0.9994444444444445 0.6675
3 0.3244444444444444 0.455 0.3288888888888889 0.455 0.3244444444444444 0.46375 0.3288888888888889 0.46375