4 0.13 0.329375 0.13555555555555557 0.329375 0.13 0.34875 0.13555555555555557 0.34875
4 0.09388888888888888 0.3175 0.10055555555555555 0.3175 0.09388888888888888 0.338125 0.10055555555555555 0.338125
4 0.14944444444444444 0.25 0.165 0.25 0.14944444444444444 0.301875 0.165 0.301875
4 0.51 0.340625 0.5188888888888888 0.340625 0.51 0.366875 0.5188888888888888 0.366875
4 0.5555555555555556 0.364375 0.5644444444444444 0.364375 0.5555555555555556 0.398125 0.5644444444444444 0.398125
4 0.7633333333333333 0.288125 0.7716666666666666 0.288125 0.7633333333333333 0.311875 0.7716666666666666 0.311875
4 0.7355555555555555 0.2925 0.7433333333333333 0.2925 0.7355555555555555 0.315625 0.7433333333333333 0.315625
4 0.7144444444444444 0.38125 0.72 0.38125 0.7144444444444444 0.399375 0.72 0.399375
9 0.8227777777777778 0.310625 0.8294444444444444 0.310625 0.8227777777777778 0.323125 0.8294444444444444 0.323125
9 0.8833333333333333 0.29625 0.8983333333333333 0.29625 0.8833333333333333 0.345 0.8983333333333333 0.345
9 0.6827777777777778 0.2575 0.7394444444444445 0.2575 0.6827777777777778 0.27625 0.7394444444444445 0.27625
9 0.665 0.148125 0.7583333333333333 0.148125 0.665 0.25375 0.7583333333333333 0.25375
7 0.05444444444444444 0.433125 0.0661111111111111 0.433125 0.05444444444444444 0.48375 0.0661111111111111 0.48375
7 0.04555555555555556 0.435 0.05555555555555555 0.435 0.04555555555555556 0.481875 0.05555555555555555 0.481875
7 0.6588888888888889 0.42125 0.67 0.42125 0.6588888888888889 0.455625 0.67 0.455625
7 0.7122222222222222 0.4225 0.7194444444444444 0.4225 0.7122222222222222 0.454375 0.7194444444444444 0.454375
7 0.7227777777777777 0.420625 0.7333333333333333 0.420625 0.7227777777777777 0.456875 0.7333333333333333 0.456875
7 0.7394444444444445 0.41875 0.7483333333333333 0.41875 0.7394444444444445 0.444375 0.7483333333333333 0.444375
7 0.7972222222222223 0.415 0.8105555555555556 0.415 0.7972222222222223 0.4675 0.8105555555555556 0.4675
7 0.8122222222222222 0.4025 0.8455555555555555 0.4025 0.8122222222222222 0.45 0.8455555555555555 0.45
7 0.16722222222222222 0.375 0.26 0.375 0.16722222222222222 0.613125 0.26 0.613125
2 0 0.43375 0.03722222222222222 0.43375 0 0.470625 0.03722222222222222 0.470625
2 0.07944444444444444 0.44 0.15222222222222223 0.44 0.07944444444444444 0.4675 0.15222222222222223 0.4675
2 0.5311111111111111 0.42625 0.6355555555555555 0.42625 0.5311111111111111 0.50875 0.6355555555555555 0.50875
7 0.8494444444444444 0.409375 0.8816666666666667 0.409375 0.8494444444444444 0.4625 0.8816666666666667 0.4625
0 0.8016666666666666 0.37875 0.8933333333333333 0.37875 0.8016666666666666 0.469375 0.8933333333333333 0.469375