9 0.11572265625 0.4401041666666667 0.14111328125 0.4401041666666667 0.11572265625 0.4739583333333333 0.14111328125 0.4739583333333333
9 0.12060546875 0.4791666666666667 0.1376953125 0.4791666666666667 0.12060546875 0.5130208333333334 0.1376953125 0.5130208333333334
7 0.486328125 0.5520833333333334 0.4951171875 0.5520833333333334 0.486328125 0.5729166666666666 0.4951171875 0.5729166666666666
0 0.50341796875 0.556640625 0.51708984375 0.556640625 0.50341796875 0.5944010416666666 0.51708984375 0.5944010416666666
2 0.02978515625 0.5657552083333334 0.14208984375 0.5657552083333334 0.02978515625 0.7220052083333334 0.14208984375 0.7220052083333334
2 0.11181640625 0.556640625 0.23828125 0.556640625 0.11181640625 0.6868489583333334 0.23828125 0.6868489583333334
2 0.20849609375 0.5403645833333334 0.30615234375 0.5403645833333334 0.20849609375 0.6608072916666666 0.30615234375 0.6608072916666666
2 0.30224609375 0.5559895833333334 0.36376953125 0.5559895833333334 0.30224609375 0.6341145833333334 0.36376953125 0.6341145833333334
2 0.3564453125 0.5559895833333334 0.39794921875 0.5559895833333334 0.3564453125 0.615234375 0.39794921875 0.615234375
2 0.38330078125 0.556640625 0.41845703125 0.556640625 0.38330078125 0.609375 0.41845703125 0.609375
2 0.41552734375 0.55078125 0.46142578125 0.55078125 0.41552734375 0.5970052083333334 0.46142578125 0.5970052083333334
2 0.72607421875 0.5598958333333334 0.921875 0.5598958333333334 0.72607421875 0.7565104166666666 0.921875 0.7565104166666666
2 0.68310546875 0.5553385416666666 0.70556640625 0.5553385416666666 0.68310546875 0.58203125 0.70556640625 0.58203125
7 0.501953125 0.54296875 0.51611328125 0.54296875 0.501953125 0.5891927083333334 0.51611328125 0.5891927083333334