9 0.5622222222222222 0.36875 0.5838888888888889 0.36875 0.5622222222222222 0.393125 0.5838888888888889 0.393125
9 0.5638888888888889 0.395 0.5822222222222222 0.395 0.5638888888888889 0.405625 0.5822222222222222 0.405625
9 0.6605555555555556 0.39375 0.6738888888888889 0.39375 0.6605555555555556 0.408125 0.6738888888888889 0.408125
9 0.6594444444444445 0.40875 0.6744444444444444 0.40875 0.6594444444444445 0.4175 0.6744444444444444 0.4175
9 0.4088888888888889 0.421875 0.42277777777777775 0.421875 0.4088888888888889 0.43625 0.42277777777777775 0.43625
9 0.41055555555555556 0.43625 0.4211111111111111 0.43625 0.41055555555555556 0.441875 0.4211111111111111 0.441875
7 0.9772222222222222 0.405 0.9994444444444445 0.405 0.9772222222222222 0.6075 0.9994444444444445 0.6075
7 0.9255555555555556 0.38875 0.9833333333333333 0.38875 0.9255555555555556 0.6125 0.9833333333333333 0.6125
7 0.6477777777777778 0.444375 0.6594444444444445 0.444375 0.6477777777777778 0.47875 0.6594444444444445 0.47875
7 0.6016666666666667 0.455625 0.6133333333333333 0.455625 0.6016666666666667 0.48875 0.6133333333333333 0.48875
7 0.565 0.45 0.5744444444444444 0.45 0.565 0.47125 0.5744444444444444 0.47125
2 0.12666666666666668 0.45625 0.2644444444444444 0.45625 0.12666666666666668 0.5175 0.2644444444444444 0.5175
2 0.3188888888888889 0.4525 0.3688888888888889 0.4525 0.3188888888888889 0.481875 0.3688888888888889 0.481875
2 0 0.3725 0.04777777777777778 0.3725 0 0.525 0.04777777777777778 0.525
2 0 0.42 0.07611111111111112 0.42 0 0.538125 0.07611111111111112 0.538125