9 0.6427777777777778 0.400625 0.6533333333333333 0.400625 0.6427777777777778 0.420625 0.6533333333333333 0.420625
9 0.5683333333333334 0.4325 0.5777777777777777 0.4325 0.5683333333333334 0.44125 0.5777777777777777 0.44125
9 0.5688888888888889 0.44125 0.5766666666666667 0.44125 0.5688888888888889 0.44625 0.5766666666666667 0.44625
9 0.5583333333333333 0.438125 0.5644444444444444 0.438125 0.5583333333333333 0.444375 0.5644444444444444 0.444375
9 0.42333333333333334 0.435625 0.43222222222222223 0.435625 0.42333333333333334 0.445 0.43222222222222223 0.445
9 0.42444444444444446 0.445625 0.4311111111111111 0.445625 0.42444444444444446 0.450625 0.4311111111111111 0.450625
9 0.2738888888888889 0.445625 0.2811111111111111 0.445625 0.2738888888888889 0.46 0.2811111111111111 0.46
2 0.48444444444444446 0.441875 0.5266666666666666 0.441875 0.48444444444444446 0.483125 0.5266666666666666 0.483125
2 0.4672222222222222 0.454375 0.48333333333333334 0.454375 0.4672222222222222 0.470625 0.48333333333333334 0.470625
2 0.29555555555555557 0.463125 0.3233333333333333 0.463125 0.29555555555555557 0.48125 0.3233333333333333 0.48125
2 0.09388888888888888 0.468125 0.11611111111111111 0.468125 0.09388888888888888 0.48125 0.11611111111111111 0.48125
2 0.12222222222222222 0.469375 0.13166666666666665 0.469375 0.12222222222222222 0.479375 0.13166666666666665 0.479375
2 0.4011111111111111 0.4575 0.41388888888888886 0.4575 0.4011111111111111 0.468125 0.41388888888888886 0.468125