9 0.5166666666666667 0.390625 0.5388888888888889 0.390625 0.5166666666666667 0.416875 0.5388888888888889 0.416875
9 0.6294444444444445 0.38 0.6394444444444445 0.38 0.6294444444444445 0.396875 0.6394444444444445 0.396875
9 0.6255555555555555 0.398125 0.6433333333333333 0.398125 0.6255555555555555 0.41375 0.6433333333333333 0.41375
2 0.2411111111111111 0.435625 0.25833333333333336 0.435625 0.2411111111111111 0.455 0.25833333333333336 0.455
2 0.3288888888888889 0.441875 0.3527777777777778 0.441875 0.3288888888888889 0.46375 0.3527777777777778 0.46375
2 0.34944444444444445 0.43 0.3933333333333333 0.43 0.34944444444444445 0.478125 0.3933333333333333 0.478125
2 0.36777777777777776 0.436875 0.44 0.436875 0.36777777777777776 0.498125 0.44 0.498125
2 0.42444444444444446 0.436875 0.45444444444444443 0.436875 0.42444444444444446 0.471875 0.45444444444444443 0.471875
2 0.18944444444444444 0.444375 0.21055555555555555 0.444375 0.18944444444444444 0.4625 0.21055555555555555 0.4625
2 0.145 0.441875 0.18333333333333332 0.441875 0.145 0.47125 0.18333333333333332 0.47125
2 0.09666666666666666 0.44875 0.145 0.44875 0.09666666666666666 0.48125 0.145 0.48125
2 0 0.455 0.025555555555555557 0.455 0 0.4975 0.025555555555555557 0.4975
2 0.7194444444444444 0.345625 0.9994444444444445 0.345625 0.7194444444444444 0.62625 0.9994444444444445 0.62625