1 0.6151960784313726 0.4375 0.6772875816993464 0.4375 0.6151960784313726 0.5224609375 0.6772875816993464 0.5224609375
4 0.5759803921568627 0.3828125 0.5841503267973857 0.3828125 0.5759803921568627 0.4033203125 0.5841503267973857 0.4033203125
4 0.4477124183006536 0.4619140625 0.4583333333333333 0.4619140625 0.4477124183006536 0.4853515625 0.4583333333333333 0.4853515625
4 0.4019607843137255 0.4287109375 0.40931372549019607 0.4287109375 0.4019607843137255 0.4453125 0.40931372549019607 0.4453125
4 0.8169934640522876 0.4443359375 0.8235294117647058 0.4443359375 0.8169934640522876 0.4658203125 0.8235294117647058 0.4658203125
4 0.8325163398692811 0.451171875 0.8374183006535948 0.451171875 0.8325163398692811 0.4658203125 0.8374183006535948 0.4658203125
4 0.6764705882352942 0.4482421875 0.6838235294117647 0.4482421875 0.6764705882352942 0.4697265625 0.6838235294117647 0.4697265625
4 0.9035947712418301 0.44140625 0.9068627450980392 0.44140625 0.9035947712418301 0.44921875 0.9068627450980392 0.44921875
9 0.6862745098039216 0.466796875 0.6936274509803921 0.466796875 0.6862745098039216 0.4765625 0.6936274509803921 0.4765625
9 0.684640522875817 0.4462890625 0.696078431372549 0.4462890625 0.684640522875817 0.4619140625 0.696078431372549 0.4619140625
9 0.8717320261437909 0.4443359375 0.8831699346405228 0.4443359375 0.8717320261437909 0.458984375 0.8831699346405228 0.458984375
9 0.4877450980392157 0.4775390625 0.4959150326797386 0.4775390625 0.4877450980392157 0.48828125 0.4959150326797386 0.48828125
9 0.4991830065359477 0.4609375 0.5138888888888888 0.4609375 0.4991830065359477 0.4833984375 0.5138888888888888 0.4833984375
9 0.5326797385620915 0.4541015625 0.5531045751633987 0.4541015625 0.5326797385620915 0.4755859375 0.5531045751633987 0.4755859375
13 0.7377450980392157 0.4658203125 0.795751633986928 0.4658203125 0.7377450980392157 0.5263671875 0.795751633986928 0.5263671875
5 0.6985294117647058 0.4912109375 0.7254901960784313 0.4912109375 0.6985294117647058 0.51953125 0.7254901960784313 0.51953125
2 0.6004901960784313 0.466796875 0.619281045751634 0.466796875 0.6004901960784313 0.5068359375 0.619281045751634 0.5068359375
2 0.4918300653594771 0.482421875 0.5277777777777778 0.482421875 0.4918300653594771 0.5283203125 0.5277777777777778 0.5283203125
2 0.43790849673202614 0.48828125 0.5089869281045751 0.48828125 0.43790849673202614 0.552734375 0.5089869281045751 0.552734375
2 0.32598039215686275 0.494140625 0.4550653594771242 0.494140625 0.32598039215686275 0.6064453125 0.4550653594771242 0.6064453125
2 0.5138888888888888 0.4736328125 0.6184640522875817 0.4736328125 0.5138888888888888 0.583984375 0.6184640522875817 0.583984375
2 0.6397058823529411 0.484375 0.6870915032679739 0.484375 0.6397058823529411 0.5302734375 0.6870915032679739 0.5302734375
2 0.7565359477124183 0.4814453125 0.8014705882352942 0.4814453125 0.7565359477124183 0.5322265625 0.8014705882352942 0.5322265625
2 0.7941176470588235 0.47265625 0.8504901960784313 0.47265625 0.7941176470588235 0.537109375 0.8504901960784313 0.537109375
2 0.8227124183006536 0.4697265625 0.9093137254901961 0.4697265625 0.8227124183006536 0.55078125 0.9093137254901961 0.55078125
2 0.8733660130718954 0.474609375 0.9983660130718954 0.474609375 0.8733660130718954 0.5693359375 0.9983660130718954 0.5693359375
2 0.9738562091503268 0.494140625 0.9991830065359477 0.494140625 0.9738562091503268 0.5859375 0.9991830065359477 0.5859375
2 0.9705882352941176 0.4521484375 0.9991830065359477 0.4521484375 0.9705882352941176 0.4970703125 0.9991830065359477 0.4970703125