1 0.41013071895424835 0.3251953125 0.46405228758169936 0.3251953125 0.41013071895424835 0.400390625 0.46405228758169936 0.400390625
4 0.24836601307189543 0.2060546875 0.2785947712418301 0.2060546875 0.24836601307189543 0.2783203125 0.2785947712418301 0.2783203125
4 0.2883986928104575 0.2177734375 0.31209150326797386 0.2177734375 0.2883986928104575 0.2822265625 0.31209150326797386 0.2822265625
4 0.34395424836601307 0.2666015625 0.35375816993464054 0.2666015625 0.34395424836601307 0.3056640625 0.35375816993464054 0.3056640625
4 0.8521241830065359 0.251953125 0.880718954248366 0.251953125 0.8521241830065359 0.3623046875 0.880718954248366 0.3623046875
4 0.8243464052287581 0.271484375 0.8472222222222222 0.271484375 0.8243464052287581 0.35546875 0.8472222222222222 0.35546875
4 0.9681372549019608 0.3115234375 0.9991830065359477 0.3115234375 0.9681372549019608 0.3681640625 0.9991830065359477 0.3681640625
7 0.056372549019607844 0.3212890625 0.08741830065359477 0.3212890625 0.056372549019607844 0.458984375 0.08741830065359477 0.458984375
7 0.0718954248366013 0.314453125 0.11437908496732026 0.314453125 0.0718954248366013 0.4833984375 0.11437908496732026 0.4833984375
7 0.09558823529411764 0.328125 0.14624183006535948 0.328125 0.09558823529411764 0.4921875 0.14624183006535948 0.4921875
7 0.14624183006535948 0.31640625 0.18872549019607843 0.31640625 0.14624183006535948 0.494140625 0.18872549019607843 0.494140625
7 0.1895424836601307 0.341796875 0.2107843137254902 0.341796875 0.1895424836601307 0.4150390625 0.2107843137254902 0.4150390625
7 0.19444444444444445 0.3369140625 0.23774509803921567 0.3369140625 0.19444444444444445 0.4697265625 0.23774509803921567 0.4697265625
7 0.24509803921568626 0.3369140625 0.27532679738562094 0.3369140625 0.24509803921568626 0.46875 0.27532679738562094 0.46875
7 0.2540849673202614 0.3408203125 0.2875816993464052 0.3408203125 0.2540849673202614 0.478515625 0.2875816993464052 0.478515625
7 0.23774509803921567 0.3505859375 0.25245098039215685 0.3505859375 0.23774509803921567 0.40625 0.25245098039215685 0.40625
7 0.3006535947712418 0.365234375 0.3366013071895425 0.365234375 0.3006535947712418 0.509765625 0.3366013071895425 0.509765625
7 0.2949346405228758 0.337890625 0.3333333333333333 0.337890625 0.2949346405228758 0.49609375 0.3333333333333333 0.49609375
7 0.3349673202614379 0.3505859375 0.3684640522875817 0.3505859375 0.3349673202614379 0.49609375 0.3684640522875817 0.49609375
7 0.3553921568627451 0.359375 0.3799019607843137 0.359375 0.3553921568627451 0.4921875 0.3799019607843137 0.4921875
7 0.3684640522875817 0.357421875 0.39133986928104575 0.357421875 0.3684640522875817 0.466796875 0.39133986928104575 0.466796875
7 0.3872549019607843 0.35546875 0.41094771241830064 0.35546875 0.3872549019607843 0.4560546875 0.41094771241830064 0.4560546875
7 0.7712418300653595 0.408203125 0.7924836601307189 0.408203125 0.7712418300653595 0.4970703125 0.7924836601307189 0.4970703125
7 0.7589869281045751 0.4013671875 0.7736928104575164 0.4013671875 0.7589869281045751 0.451171875 0.7736928104575164 0.451171875
7 0.7883986928104575 0.4013671875 0.8006535947712419 0.4013671875 0.7883986928104575 0.451171875 0.8006535947712419 0.451171875
7 0.8006535947712419 0.4052734375 0.8186274509803921 0.4052734375 0.8006535947712419 0.4609375 0.8186274509803921 0.4609375
7 0.8562091503267973 0.4150390625 0.869281045751634 0.4150390625 0.8562091503267973 0.4677734375 0.869281045751634 0.4677734375
7 0.8611111111111112 0.4111328125 0.8815359477124183 0.4111328125 0.8611111111111112 0.484375 0.8815359477124183 0.484375
7 0.8766339869281046 0.4130859375 0.8946078431372549 0.4130859375 0.8766339869281046 0.490234375 0.8946078431372549 0.490234375
7 0.8946078431372549 0.4140625 0.9101307189542484 0.4140625 0.8946078431372549 0.4716796875 0.9101307189542484 0.4716796875
7 0.9199346405228758 0.4296875 0.9468954248366013 0.4296875 0.9199346405228758 0.5224609375 0.9468954248366013 0.5224609375
7 0.954248366013072 0.423828125 0.9812091503267973 0.423828125 0.954248366013072 0.5234375 0.9812091503267973 0.5234375
7 0.9281045751633987 0.4228515625 0.9485294117647058 0.4228515625 0.9281045751633987 0.458984375 0.9485294117647058 0.458984375
7 0.39950980392156865 0.359375 0.4133986928104575 0.359375 0.39950980392156865 0.427734375 0.4133986928104575 0.427734375
13 0.5343137254901961 0.33203125 0.6160130718954249 0.33203125 0.5343137254901961 0.3984375 0.6160130718954249 0.3984375
2 0.4338235294117647 0.3486328125 0.6168300653594772 0.3486328125 0.4338235294117647 0.568359375 0.6168300653594772 0.568359375
2 0.4256535947712418 0.365234375 0.477124183006536 0.365234375 0.4256535947712418 0.439453125 0.477124183006536 0.439453125
2 0.6331699346405228 0.3935546875 0.7671568627450981 0.3935546875 0.6331699346405228 0.525390625 0.7671568627450981 0.525390625