4 0.39990234375 0.521484375 0.4091796875 0.521484375 0.39990234375 0.5390625 0.4091796875 0.5390625
4 0.6337890625 0.5234375 0.642578125 0.5234375 0.6337890625 0.5397135416666666 0.642578125 0.5397135416666666
4 0.7626953125 0.3704427083333333 0.78955078125 0.3704427083333333 0.7626953125 0.41015625 0.78955078125 0.41015625
4 0.7548828125 0.482421875 0.77294921875 0.482421875 0.7548828125 0.5091145833333334 0.77294921875 0.5091145833333334
9 0.7548828125 0.4518229166666667 0.8037109375 0.4518229166666667 0.7548828125 0.4752604166666667 0.8037109375 0.4752604166666667
9 0.759765625 0.5455729166666666 0.775390625 0.5455729166666666 0.759765625 0.5729166666666666 0.775390625 0.5729166666666666
9 0.19873046875 0.4967447916666667 0.22021484375 0.4967447916666667 0.19873046875 0.5266927083333334 0.22021484375 0.5266927083333334
7 0.3125 0.54296875 0.361328125 0.54296875 0.3125 0.6861979166666666 0.361328125 0.6861979166666666
7 0.3134765625 0.55078125 0.35009765625 0.55078125 0.3134765625 0.6940104166666666 0.35009765625 0.6940104166666666
7 0.36279296875 0.5572916666666666 0.37109375 0.5572916666666666 0.36279296875 0.5852864583333334 0.37109375 0.5852864583333334
2 0.53466796875 0.5625 0.5625 0.5625 0.53466796875 0.5970052083333334 0.5625 0.5970052083333334
2 0.59228515625 0.5638020833333334 0.6240234375 0.5638020833333334 0.59228515625 0.59375 0.6240234375 0.59375
2 0.56005859375 0.5657552083333334 0.58203125 0.5657552083333334 0.56005859375 0.5872395833333334 0.58203125 0.5872395833333334