9 0.35833333333333334 0.423125 0.37555555555555553 0.423125 0.35833333333333334 0.45 0.37555555555555553 0.45
9 0.5733333333333334 0.424375 0.5888888888888889 0.424375 0.5733333333333334 0.4325 0.5888888888888889 0.4325
9 0.5833333333333334 0.435625 0.59 0.435625 0.5833333333333334 0.44625 0.59 0.44625
9 0.6177777777777778 0.375625 0.6461111111111111 0.375625 0.6177777777777778 0.406875 0.6461111111111111 0.406875
9 0.6233333333333333 0.406875 0.6394444444444445 0.406875 0.6233333333333333 0.413125 0.6394444444444445 0.413125
7 0.2222222222222222 0.413125 0.29833333333333334 0.413125 0.2222222222222222 0.621875 0.29833333333333334 0.621875
2 0.36277777777777775 0.468125 0.4066666666666667 0.468125 0.36277777777777775 0.49625 0.4066666666666667 0.49625
2 0.4494444444444444 0.458125 0.48777777777777775 0.458125 0.4494444444444444 0.49 0.48777777777777775 0.49
2 0.5422222222222223 0.46625 0.57 0.46625 0.5422222222222223 0.490625 0.57 0.490625
2 0.6177777777777778 0.415 0.7438888888888889 0.415 0.6177777777777778 0.5575 0.7438888888888889 0.5575
2 0.6827777777777778 0.396875 0.9994444444444445 0.396875 0.6827777777777778 0.62 0.9994444444444445 0.62
2 0.14166666666666666 0.4525 0.27166666666666667 0.4525 0.14166666666666666 0.558125 0.27166666666666667 0.558125
2 0.38055555555555554 0.463125 0.41 0.463125 0.38055555555555554 0.493125 0.41 0.493125
2 0.4077777777777778 0.466875 0.4222222222222222 0.466875 0.4077777777777778 0.489375 0.4222222222222222 0.489375