9 0.94453125 0.38671875 0.95703125 0.38671875 0.94453125 0.43359375 0.95703125 0.43359375
2 0 0.5087890625 0.04375 0.5087890625 0 0.783203125 0.04375 0.783203125
2 0.0171875 0.5166015625 0.1609375 0.5166015625 0.0171875 0.71875 0.1609375 0.71875
2 0.125 0.52734375 0.228125 0.52734375 0.125 0.6435546875 0.228125 0.6435546875
2 0.29765625 0.4697265625 0.37578125 0.4697265625 0.29765625 0.5400390625 0.37578125 0.5400390625
2 0.36484375 0.4619140625 0.4203125 0.4619140625 0.36484375 0.5166015625 0.4203125 0.5166015625
2 0.390625 0.44921875 0.4421875 0.44921875 0.390625 0.505859375 0.4421875 0.505859375
2 0.43515625 0.45703125 0.4546875 0.45703125 0.43515625 0.4990234375 0.4546875 0.4990234375
2 0.44609375 0.455078125 0.478125 0.455078125 0.44609375 0.490234375 0.478125 0.490234375
2 0.4703125 0.455078125 0.48359375 0.455078125 0.4703125 0.4853515625 0.48359375 0.4853515625
2 0.4734375 0.4521484375 0.5015625 0.4521484375 0.4734375 0.4833984375 0.5015625 0.4833984375
2 0.49921875 0.455078125 0.51171875 0.455078125 0.49921875 0.48046875 0.51171875 0.48046875
2 0.5046875 0.4501953125 0.52734375 0.4501953125 0.5046875 0.47265625 0.52734375 0.47265625
2 0.521875 0.4443359375 0.540625 0.4443359375 0.521875 0.46875 0.540625 0.46875
2 0.53671875 0.443359375 0.56875 0.443359375 0.53671875 0.46484375 0.56875 0.46484375
2 0.56640625 0.4375 0.59140625 0.4375 0.56640625 0.4609375 0.59140625 0.4609375
2 0.5890625 0.4443359375 0.6484375 0.4443359375 0.5890625 0.4892578125 0.6484375 0.4892578125
2 0.578125 0.4677734375 0.6546875 0.4677734375 0.578125 0.54296875 0.6546875 0.54296875
2 0.775 0.4306640625 0.88359375 0.4306640625 0.775 0.51171875 0.88359375 0.51171875
2 0.81328125 0.439453125 0.8796875 0.439453125 0.81328125 0.50390625 0.8796875 0.50390625
2 0.8234375 0.45703125 0.86796875 0.45703125 0.8234375 0.5234375 0.86796875 0.5234375
2 0.6046875 0.4267578125 0.62578125 0.4267578125 0.6046875 0.447265625 0.62578125 0.447265625
2 0.86484375 0.4150390625 0.99921875 0.4150390625 0.86484375 0.5322265625 0.99921875 0.5322265625