9 0 0.408203125 0.026143790849673203 0.408203125 0 0.4462890625 0.026143790849673203 0.4462890625
9 0 0.4482421875 0.02696078431372549 0.4482421875 0 0.4853515625 0.02696078431372549 0.4853515625
9 0 0.486328125 0.02287581699346405 0.486328125 0 0.5166015625 0.02287581699346405 0.5166015625
9 0.14869281045751634 0.4453125 0.18382352941176472 0.4453125 0.14869281045751634 0.4814453125 0.18382352941176472 0.4814453125
9 0.3472222222222222 0.5234375 0.36437908496732024 0.5234375 0.3472222222222222 0.5458984375 0.36437908496732024 0.5458984375
9 0.40604575163398693 0.46484375 0.41911764705882354 0.46484375 0.40604575163398693 0.48046875 0.41911764705882354 0.48046875
9 0.4068627450980392 0.4814453125 0.41911764705882354 0.4814453125 0.4068627450980392 0.4951171875 0.41911764705882354 0.4951171875
9 0.4076797385620915 0.49609375 0.4199346405228758 0.49609375 0.4076797385620915 0.51171875 0.4199346405228758 0.51171875
9 0.4076797385620915 0.521484375 0.4199346405228758 0.521484375 0.4076797385620915 0.537109375 0.4199346405228758 0.537109375
9 0.46977124183006536 0.4912109375 0.47794117647058826 0.4912109375 0.46977124183006536 0.501953125 0.47794117647058826 0.501953125
9 0.46977124183006536 0.501953125 0.47875816993464054 0.501953125 0.46977124183006536 0.5107421875 0.47875816993464054 0.5107421875
9 0.47058823529411764 0.5107421875 0.47794117647058826 0.5107421875 0.47058823529411764 0.517578125 0.47794117647058826 0.517578125
9 0.4673202614379085 0.517578125 0.4803921568627451 0.517578125 0.4673202614379085 0.5263671875 0.4803921568627451 0.5263671875
2 0.1111111111111111 0.53515625 0.1568627450980392 0.53515625 0.1111111111111111 0.57421875 0.1568627450980392 0.57421875
2 0.20833333333333334 0.53515625 0.2883986928104575 0.53515625 0.20833333333333334 0.58203125 0.2883986928104575 0.58203125
2 0.4158496732026144 0.521484375 0.47630718954248363 0.521484375 0.4158496732026144 0.5595703125 0.47630718954248363 0.5595703125
2 0.48366013071895425 0.5234375 0.5424836601307189 0.5234375 0.48366013071895425 0.5869140625 0.5424836601307189 0.5869140625
2 0.5106209150326797 0.5458984375 0.6740196078431373 0.5458984375 0.5106209150326797 0.6884765625 0.6740196078431373 0.6884765625