4 0.24222222222222223 0.433125 0.2461111111111111 0.433125 0.24222222222222223 0.443125 0.2461111111111111 0.443125
4 0.29333333333333333 0.375 0.3 0.375 0.29333333333333333 0.393125 0.3 0.393125
4 0.35944444444444446 0.441875 0.365 0.441875 0.35944444444444446 0.459375 0.365 0.459375
4 0.35944444444444446 0.42375 0.3672222222222222 0.42375 0.35944444444444446 0.44125 0.3672222222222222 0.44125
4 0.49444444444444446 0.388125 0.49944444444444447 0.388125 0.49444444444444446 0.405 0.49944444444444447 0.405
4 0.5555555555555556 0.426875 0.5605555555555556 0.426875 0.5555555555555556 0.441875 0.5605555555555556 0.441875
4 0.5516666666666666 0.425 0.5561111111111111 0.425 0.5516666666666666 0.438125 0.5561111111111111 0.438125
4 0.5933333333333334 0.4125 0.5994444444444444 0.4125 0.5933333333333334 0.428125 0.5994444444444444 0.428125
9 0.22333333333333333 0.389375 0.2538888888888889 0.389375 0.22333333333333333 0.400625 0.2538888888888889 0.400625
9 0.535 0.399375 0.5588888888888889 0.399375 0.535 0.405625 0.5588888888888889 0.405625
9 0.55 0.44625 0.5572222222222222 0.44625 0.55 0.456875 0.5572222222222222 0.456875
7 0.6438888888888888 0.449375 0.6566666666666666 0.449375 0.6438888888888888 0.490625 0.6566666666666666 0.490625
7 0.6277777777777778 0.44125 0.6438888888888888 0.44125 0.6277777777777778 0.49125 0.6438888888888888 0.49125
5 0.4477777777777778 0.46 0.46 0.46 0.4477777777777778 0.4825 0.46 0.4825
2 0.17166666666666666 0.45375 0.21777777777777776 0.45375 0.17166666666666666 0.47375 0.21777777777777776 0.47375
2 0.5655555555555556 0.45375 0.6066666666666667 0.45375 0.5655555555555556 0.47625 0.6066666666666667 0.47625
2 0.5327777777777778 0.45625 0.565 0.45625 0.5327777777777778 0.48125 0.565 0.48125
2 0.48277777777777775 0.44625 0.5161111111111111 0.44625 0.48277777777777775 0.48125 0.5161111111111111 0.48125
2 0.38722222222222225 0.445625 0.43444444444444447 0.445625 0.38722222222222225 0.48875 0.43444444444444447 0.48875
2 0.2511111111111111 0.444375 0.35888888888888887 0.444375 0.2511111111111111 0.523125 0.35888888888888887 0.523125
7 0.44666666666666666 0.4475 0.46055555555555555 0.4475 0.44666666666666666 0.4775 0.46055555555555555 0.4775