1 0.09166666666666666 0.364375 0.24222222222222223 0.364375 0.09166666666666666 0.50625 0.24222222222222223 0.50625
4 0.6877777777777778 0.294375 0.7116666666666667 0.294375 0.6877777777777778 0.329375 0.7116666666666667 0.329375
4 0.6911111111111111 0.37625 0.7033333333333334 0.37625 0.6911111111111111 0.39875 0.7033333333333334 0.39875
4 0.8772222222222222 0.27 0.9011111111111111 0.27 0.8772222222222222 0.331875 0.9011111111111111 0.331875
4 0.4077777777777778 0.14875 0.44222222222222224 0.14875 0.4077777777777778 0.23 0.44222222222222224 0.23
9 0.5594444444444444 0.40125 0.5766666666666667 0.40125 0.5594444444444444 0.42375 0.5766666666666667 0.42375
9 0.67 0.358125 0.71 0.358125 0.67 0.37375 0.71 0.37375
9 0.6711111111111111 0.314375 0.6877777777777778 0.314375 0.6711111111111111 0.351875 0.6877777777777778 0.351875
9 0.9188888888888889 0.32625 0.9694444444444444 0.32625 0.9188888888888889 0.34375 0.9694444444444444 0.34375
7 0.6955555555555556 0.416875 0.7227777777777777 0.416875 0.6955555555555556 0.49875 0.7227777777777777 0.49875
7 0.7961111111111111 0.409375 0.8283333333333334 0.409375 0.7961111111111111 0.514375 0.8283333333333334 0.514375
0 0.48055555555555557 0.465 0.49777777777777776 0.465 0.48055555555555557 0.5025 0.49777777777777776 0.5025
2 0 0.445625 0.09277777777777778 0.445625 0 0.513125 0.09277777777777778 0.513125
2 0.9538888888888889 0.42875 0.9994444444444445 0.42875 0.9538888888888889 0.471875 0.9994444444444445 0.471875
7 0.4761111111111111 0.44125 0.49777777777777776 0.44125 0.4761111111111111 0.498125 0.49777777777777776 0.498125