1 0.3897058823529412 0.0615234375 0.6985294117647058 0.0615234375 0.3897058823529412 0.5732421875 0.6985294117647058 0.5732421875
4 0.8169934640522876 0.3125 0.8325163398692811 0.3125 0.8169934640522876 0.365234375 0.8325163398692811 0.365234375
4 0.7622549019607843 0.3544921875 0.7720588235294118 0.3544921875 0.7622549019607843 0.3828125 0.7720588235294118 0.3828125
9 0.33169934640522875 0.3515625 0.3480392156862745 0.3515625 0.33169934640522875 0.361328125 0.3480392156862745 0.361328125
9 0.33088235294117646 0.3291015625 0.34967320261437906 0.3291015625 0.33088235294117646 0.3515625 0.34967320261437906 0.3515625
7 0.0016339869281045752 0.365234375 0.03431372549019608 0.365234375 0.0016339869281045752 0.4580078125 0.03431372549019608 0.4580078125
7 0.031862745098039214 0.365234375 0.06454248366013073 0.365234375 0.031862745098039214 0.4541015625 0.06454248366013073 0.4541015625
7 0.06454248366013073 0.3642578125 0.0857843137254902 0.3642578125 0.06454248366013073 0.4306640625 0.0857843137254902 0.4306640625
7 0.10457516339869281 0.3759765625 0.12254901960784313 0.3759765625 0.10457516339869281 0.4384765625 0.12254901960784313 0.4384765625
7 0.12581699346405228 0.37890625 0.14705882352941177 0.37890625 0.12581699346405228 0.4384765625 0.14705882352941177 0.4384765625
7 0.14624183006535948 0.376953125 0.16176470588235295 0.376953125 0.14624183006535948 0.439453125 0.16176470588235295 0.439453125
7 0.16176470588235295 0.37109375 0.17401960784313725 0.37109375 0.16176470588235295 0.4287109375 0.17401960784313725 0.4287109375
7 0.17647058823529413 0.37890625 0.19117647058823528 0.37890625 0.17647058823529413 0.427734375 0.19117647058823528 0.427734375
7 0.21650326797385622 0.388671875 0.23447712418300654 0.388671875 0.21650326797385622 0.4375 0.23447712418300654 0.4375
7 0.24754901960784315 0.3916015625 0.26143790849673204 0.3916015625 0.24754901960784315 0.427734375 0.26143790849673204 0.427734375
7 0.2589869281045752 0.3857421875 0.27124183006535946 0.3857421875 0.2589869281045752 0.4248046875 0.27124183006535946 0.4248046875
7 0.26715686274509803 0.3818359375 0.28104575163398693 0.3818359375 0.26715686274509803 0.4375 0.28104575163398693 0.4375
7 0.28022875816993464 0.384765625 0.29330065359477125 0.384765625 0.28022875816993464 0.43359375 0.29330065359477125 0.43359375
7 0.2908496732026144 0.38671875 0.30718954248366015 0.38671875 0.2908496732026144 0.4384765625 0.30718954248366015 0.4384765625
7 0.3055555555555556 0.390625 0.315359477124183 0.390625 0.3055555555555556 0.4296875 0.315359477124183 0.4296875
7 0.32107843137254904 0.388671875 0.33169934640522875 0.388671875 0.32107843137254904 0.4384765625 0.33169934640522875 0.4384765625
7 0.9550653594771242 0.4375 0.9828431372549019 0.4375 0.9550653594771242 0.53515625 0.9828431372549019 0.53515625
7 0.9624183006535948 0.423828125 0.9763071895424836 0.423828125 0.9624183006535948 0.4697265625 0.9763071895424836 0.4697265625
7 0.9248366013071896 0.4130859375 0.9607843137254902 0.4130859375 0.9248366013071896 0.5341796875 0.9607843137254902 0.5341796875
7 0.9044117647058824 0.435546875 0.9272875816993464 0.435546875 0.9044117647058824 0.5244140625 0.9272875816993464 0.5244140625
7 0.8733660130718954 0.4287109375 0.8921568627450981 0.4287109375 0.8733660130718954 0.4912109375 0.8921568627450981 0.4912109375
7 0.8594771241830066 0.423828125 0.886437908496732 0.423828125 0.8594771241830066 0.5068359375 0.886437908496732 0.5068359375
0 0.7565359477124183 0.3896484375 0.8782679738562091 0.3896484375 0.7565359477124183 0.580078125 0.8782679738562091 0.580078125
2 0.36356209150326796 0.392578125 0.39950980392156865 0.392578125 0.36356209150326796 0.4345703125 0.39950980392156865 0.4345703125
2 0.6895424836601307 0.40234375 0.7663398692810458 0.40234375 0.6895424836601307 0.4853515625 0.7663398692810458 0.4853515625
7 0.7745098039215687 0.4208984375 0.803921568627451 0.4208984375 0.7745098039215687 0.53125 0.803921568627451 0.53125
7 0.815359477124183 0.41015625 0.863562091503268 0.41015625 0.815359477124183 0.556640625 0.863562091503268 0.556640625