9 0.5546875 0.4130859375 0.5703125 0.4130859375 0.5546875 0.43359375 0.5703125 0.43359375
9 0.5578125 0.43359375 0.56796875 0.43359375 0.5578125 0.4375 0.56796875 0.4375
7 0.4640625 0.4609375 0.484375 0.4609375 0.4640625 0.5341796875 0.484375 0.5341796875
7 0.50625 0.478515625 0.5265625 0.478515625 0.50625 0.5478515625 0.5265625 0.5478515625
0 0.40234375 0.4814453125 0.4296875 0.4814453125 0.40234375 0.5439453125 0.4296875 0.5439453125
0 0.9125 0.4873046875 0.98046875 0.4873046875 0.9125 0.5556640625 0.98046875 0.5556640625
0 0.9546875 0.4736328125 0.99921875 0.4736328125 0.9546875 0.5556640625 0.99921875 0.5556640625
2 0 0.4990234375 0.07890625 0.4990234375 0 0.5625 0.07890625 0.5625
2 0 0.556640625 0.13515625 0.556640625 0 0.75 0.13515625 0.75
2 0.178125 0.5078125 0.28671875 0.5078125 0.178125 0.6142578125 0.28671875 0.6142578125
2 0.25703125 0.494140625 0.32421875 0.494140625 0.25703125 0.5625 0.32421875 0.5625
2 0.3046875 0.490234375 0.3421875 0.490234375 0.3046875 0.5498046875 0.3421875 0.5498046875
2 0.30234375 0.47265625 0.36640625 0.47265625 0.30234375 0.5380859375 0.36640625 0.5380859375
2 0.36015625 0.4755859375 0.38828125 0.4755859375 0.36015625 0.521484375 0.38828125 0.521484375
2 0.37265625 0.4736328125 0.3953125 0.4736328125 0.37265625 0.5078125 0.3953125 0.5078125
2 0.3953125 0.4677734375 0.41328125 0.4677734375 0.3953125 0.4921875 0.41328125 0.4921875
2 0.446875 0.4697265625 0.4578125 0.4697265625 0.446875 0.4814453125 0.4578125 0.4814453125
2 0.465625 0.46484375 0.4984375 0.46484375 0.465625 0.501953125 0.4984375 0.501953125
2 0.7671875 0.58984375 0.99921875 0.58984375 0.7671875 0.916015625 0.99921875 0.916015625
2 0.69140625 0.5009765625 0.93515625 0.5009765625 0.69140625 0.734375 0.93515625 0.734375
2 0.5890625 0.4677734375 0.72265625 0.4677734375 0.5890625 0.61328125 0.72265625 0.61328125
2 0.56875 0.49609375 0.60234375 0.49609375 0.56875 0.5791015625 0.60234375 0.5791015625
2 0.56171875 0.4755859375 0.61171875 0.4755859375 0.56171875 0.5625 0.61171875 0.5625
2 0.52109375 0.46875 0.5796875 0.46875 0.52109375 0.5458984375 0.5796875 0.5458984375
2 0.503125 0.466796875 0.52890625 0.466796875 0.503125 0.494140625 0.52890625 0.494140625
2 0.43125 0.4697265625 0.44296875 0.4697265625 0.43125 0.4853515625 0.44296875 0.4853515625
2 0.49765625 0.470703125 0.50703125 0.470703125 0.49765625 0.4921875 0.50703125 0.4921875
7 0.40546875 0.4638671875 0.428125 0.4638671875 0.40546875 0.5322265625 0.428125 0.5322265625
10 0.47109375 0.5341796875 0.4796875 0.5341796875 0.47109375 0.5400390625 0.4796875 0.5400390625