9 0.3984375 0.423828125 0.40390625 0.423828125 0.3984375 0.4267578125 0.40390625 0.4267578125
9 0.39765625 0.4169921875 0.4046875 0.4169921875 0.39765625 0.423828125 0.4046875 0.423828125
9 0.49453125 0.419921875 0.5 0.419921875 0.49453125 0.421875 0.5 0.421875
9 0.49296875 0.4111328125 0.5 0.4111328125 0.49296875 0.419921875 0.5 0.419921875
7 0.41171875 0.4365234375 0.41796875 0.4365234375 0.41171875 0.4580078125 0.41796875 0.4580078125
7 0.80390625 0.4775390625 0.85 0.4775390625 0.80390625 0.642578125 0.85 0.642578125
7 0.5234375 0.4423828125 0.53046875 0.4423828125 0.5234375 0.4677734375 0.53046875 0.4677734375
0 0.4078125 0.451171875 0.41328125 0.451171875 0.4078125 0.46484375 0.41328125 0.46484375
0 0.49921875 0.478515625 0.5125 0.478515625 0.49921875 0.5126953125 0.5125 0.5126953125
2 0 0.5439453125 0.09765625 0.5439453125 0 0.744140625 0.09765625 0.744140625
2 0 0.4560546875 0.10234375 0.4560546875 0 0.515625 0.10234375 0.515625
2 0.01640625 0.5087890625 0.16484375 0.5087890625 0.01640625 0.6669921875 0.16484375 0.6669921875
2 0.1296875 0.5029296875 0.23359375 0.5029296875 0.1296875 0.6240234375 0.23359375 0.6240234375
2 0.15703125 0.474609375 0.26015625 0.474609375 0.15703125 0.5927734375 0.26015625 0.5927734375
2 0.24375 0.4853515625 0.2828125 0.4853515625 0.24375 0.5693359375 0.2828125 0.5693359375
2 0.2109375 0.4580078125 0.284375 0.4580078125 0.2109375 0.5048828125 0.284375 0.5048828125
2 0.284375 0.4658203125 0.34375 0.4658203125 0.284375 0.517578125 0.34375 0.517578125
2 0.33359375 0.45703125 0.36953125 0.45703125 0.33359375 0.4990234375 0.36953125 0.4990234375
2 0.35234375 0.453125 0.3765625 0.453125 0.35234375 0.4912109375 0.3765625 0.4912109375
2 0.3578125 0.4443359375 0.3890625 0.4443359375 0.3578125 0.4775390625 0.3890625 0.4775390625
2 0.37109375 0.4384765625 0.39453125 0.4384765625 0.37109375 0.47265625 0.39453125 0.47265625
2 0.39140625 0.4404296875 0.40390625 0.4404296875 0.39140625 0.46875 0.40390625 0.46875
2 0.4171875 0.4384765625 0.42578125 0.4384765625 0.4171875 0.453125 0.42578125 0.453125
2 0.42265625 0.4365234375 0.43046875 0.4365234375 0.42265625 0.4482421875 0.43046875 0.4482421875
2 0.4671875 0.4365234375 0.48046875 0.4365234375 0.4671875 0.451171875 0.48046875 0.451171875
2 0.4515625 0.44140625 0.47734375 0.44140625 0.4515625 0.466796875 0.47734375 0.466796875
2 0.4859375 0.4423828125 0.52265625 0.4423828125 0.4859375 0.482421875 0.52265625 0.482421875
2 0.47734375 0.4423828125 0.49296875 0.4423828125 0.47734375 0.470703125 0.49296875 0.470703125
2 0.9046875 0.455078125 0.99921875 0.455078125 0.9046875 0.6474609375 0.99921875 0.6474609375
2 0.7265625 0.4736328125 0.915625 0.4736328125 0.7265625 0.5673828125 0.915625 0.5673828125
2 0.671875 0.462890625 0.80078125 0.462890625 0.671875 0.53515625 0.80078125 0.53515625
2 0.65 0.4482421875 0.76015625 0.4482421875 0.65 0.51953125 0.76015625 0.51953125
2 0.5765625 0.4501953125 0.64296875 0.4501953125 0.5765625 0.501953125 0.64296875 0.501953125
2 0.54609375 0.4443359375 0.58046875 0.4443359375 0.54609375 0.4765625 0.58046875 0.4765625
7 0.40703125 0.439453125 0.4140625 0.439453125 0.40703125 0.4599609375 0.4140625 0.4599609375
7 0.4984375 0.4521484375 0.51484375 0.4521484375 0.4984375 0.5087890625 0.51484375 0.5087890625