4 0.196875 0.3779296875 0.2234375 0.3779296875 0.196875 0.4384765625 0.2234375 0.4384765625
4 0.47421875 0.4345703125 0.4875 0.4345703125 0.47421875 0.4482421875 0.4875 0.4482421875
4 0.7296875 0.359375 0.7546875 0.359375 0.7296875 0.4189453125 0.7546875 0.4189453125
9 0.20625 0.4365234375 0.22734375 0.4365234375 0.20625 0.4775390625 0.22734375 0.4775390625
9 0.73046875 0.4189453125 0.7546875 0.4189453125 0.73046875 0.458984375 0.7546875 0.458984375
7 0 0.498046875 0.025 0.498046875 0 0.599609375 0.025 0.599609375
7 0.2890625 0.4765625 0.3015625 0.4765625 0.2890625 0.525390625 0.3015625 0.525390625
7 0.3015625 0.4765625 0.315625 0.4765625 0.3015625 0.5263671875 0.315625 0.5263671875
7 0.93984375 0.44921875 0.9734375 0.44921875 0.93984375 0.55078125 0.9734375 0.55078125
0 0.94765625 0.5263671875 0.996875 0.5263671875 0.94765625 0.64453125 0.996875 0.64453125
2 0.61484375 0.462890625 0.63984375 0.462890625 0.61484375 0.48828125 0.63984375 0.48828125
2 0.43515625 0.4833984375 0.50390625 0.4833984375 0.43515625 0.5576171875 0.50390625 0.5576171875
7 0.9484375 0.462890625 0.9984375 0.462890625 0.9484375 0.623046875 0.9984375 0.623046875