4 0.613562091503268 0.3740234375 0.6209150326797386 0.3740234375 0.613562091503268 0.3837890625 0.6209150326797386 0.3837890625
7 0.0024509803921568627 0.357421875 0.028594771241830064 0.357421875 0.0024509803921568627 0.42578125 0.028594771241830064 0.42578125
7 0.028594771241830064 0.35546875 0.06045751633986928 0.35546875 0.028594771241830064 0.4990234375 0.06045751633986928 0.4990234375
7 0.058823529411764705 0.3564453125 0.09803921568627451 0.3564453125 0.058823529411764705 0.5009765625 0.09803921568627451 0.5009765625
7 0.09558823529411764 0.375 0.11601307189542484 0.375 0.09558823529411764 0.455078125 0.11601307189542484 0.455078125
7 0.1111111111111111 0.3671875 0.1315359477124183 0.3671875 0.1111111111111111 0.4404296875 0.1315359477124183 0.4404296875
7 0.11683006535947713 0.37109375 0.1527777777777778 0.37109375 0.11683006535947713 0.4931640625 0.1527777777777778 0.4931640625
7 0.14215686274509803 0.376953125 0.16176470588235295 0.376953125 0.14215686274509803 0.46875 0.16176470588235295 0.46875
7 0.15931372549019607 0.3740234375 0.19281045751633988 0.3740234375 0.15931372549019607 0.4921875 0.19281045751633988 0.4921875
7 0.19281045751633988 0.3642578125 0.21323529411764705 0.3642578125 0.19281045751633988 0.455078125 0.21323529411764705 0.455078125
7 0.20261437908496732 0.3740234375 0.2369281045751634 0.3740234375 0.20261437908496732 0.4912109375 0.2369281045751634 0.4912109375
7 0.2867647058823529 0.3828125 0.30392156862745096 0.3828125 0.2867647058823529 0.451171875 0.30392156862745096 0.451171875
7 0.32516339869281047 0.3779296875 0.35375816993464054 0.3779296875 0.32516339869281047 0.494140625 0.35375816993464054 0.494140625
7 0.3022875816993464 0.384765625 0.31290849673202614 0.384765625 0.3022875816993464 0.4345703125 0.31290849673202614 0.4345703125
7 0.3700980392156863 0.3876953125 0.380718954248366 0.3876953125 0.3700980392156863 0.431640625 0.380718954248366 0.431640625
7 0.35784313725490197 0.390625 0.3709150326797386 0.390625 0.35784313725490197 0.4267578125 0.3709150326797386 0.4267578125
7 0.39052287581699346 0.3876953125 0.4076797385620915 0.3876953125 0.39052287581699346 0.4365234375 0.4076797385620915 0.4365234375
7 0 0.36328125 0.008986928104575163 0.36328125 0 0.4111328125 0.008986928104575163 0.4111328125
7 0.6437908496732027 0.3984375 0.6568627450980392 0.3984375 0.6437908496732027 0.44140625 0.6568627450980392 0.44140625
7 0.6895424836601307 0.4072265625 0.704248366013072 0.4072265625 0.6895424836601307 0.455078125 0.704248366013072 0.455078125
7 0.670751633986928 0.4033203125 0.6797385620915033 0.4033203125 0.670751633986928 0.435546875 0.6797385620915033 0.435546875
7 0.6764705882352942 0.40625 0.6862745098039216 0.40625 0.6764705882352942 0.4365234375 0.6862745098039216 0.4365234375
7 0.7459150326797386 0.4091796875 0.761437908496732 0.4091796875 0.7459150326797386 0.455078125 0.761437908496732 0.455078125
7 0.7303921568627451 0.4130859375 0.7410130718954249 0.4130859375 0.7303921568627451 0.4521484375 0.7410130718954249 0.4521484375
7 0.7736928104575164 0.41015625 0.7883986928104575 0.41015625 0.7736928104575164 0.45703125 0.7883986928104575 0.45703125
7 0.8014705882352942 0.40234375 0.8218954248366013 0.40234375 0.8014705882352942 0.4765625 0.8218954248366013 0.4765625
7 0.8202614379084967 0.408203125 0.8431372549019608 0.408203125 0.8202614379084967 0.474609375 0.8431372549019608 0.474609375
7 0.8398692810457516 0.4091796875 0.8545751633986928 0.4091796875 0.8398692810457516 0.4697265625 0.8545751633986928 0.4697265625
7 0.8455882352941176 0.400390625 0.8627450980392157 0.400390625 0.8455882352941176 0.466796875 0.8627450980392157 0.466796875
7 0.8668300653594772 0.423828125 0.8856209150326797 0.423828125 0.8668300653594772 0.4794921875 0.8856209150326797 0.4794921875
7 0.8872549019607843 0.41015625 0.9052287581699346 0.41015625 0.8872549019607843 0.478515625 0.9052287581699346 0.478515625
7 0.9166666666666666 0.404296875 0.954248366013072 0.404296875 0.9166666666666666 0.5205078125 0.954248366013072 0.5205078125
7 0.940359477124183 0.4052734375 0.9550653594771242 0.4052734375 0.940359477124183 0.4736328125 0.9550653594771242 0.4736328125
7 0.9869281045751634 0.419921875 0.9991830065359477 0.419921875 0.9869281045751634 0.513671875 0.9991830065359477 0.513671875
7 0.9722222222222222 0.408203125 0.9910130718954249 0.408203125 0.9722222222222222 0.4853515625 0.9910130718954249 0.4853515625
2 0.3888888888888889 0.3544921875 0.5931372549019608 0.3544921875 0.3888888888888889 0.5966796875 0.5931372549019608 0.5966796875