4 0.56 0.35375 0.575 0.35375 0.56 0.395 0.575 0.395
4 0.415 0.30375 0.42777777777777776 0.30375 0.415 0.338125 0.42777777777777776 0.338125
4 0.027777777777777776 0.35875 0.044444444444444446 0.35875 0.027777777777777776 0.401875 0.044444444444444446 0.401875
4 0.47333333333333333 0.405625 0.47944444444444445 0.405625 0.47333333333333333 0.41625 0.47944444444444445 0.41625
7 0.8866666666666667 0.376875 0.9355555555555556 0.376875 0.8866666666666667 0.54625 0.9355555555555556 0.54625
7 0.7883333333333333 0.3925 0.8255555555555556 0.3925 0.7883333333333333 0.50875 0.8255555555555556 0.50875
7 0.7716666666666666 0.414375 0.7911111111111111 0.414375 0.7716666666666666 0.494375 0.7911111111111111 0.494375
7 0.6883333333333334 0.419375 0.7144444444444444 0.419375 0.6883333333333334 0.48875 0.7144444444444444 0.48875
7 0.9377777777777778 0.395 0.96 0.395 0.9377777777777778 0.436875 0.96 0.436875
2 0.465 0.4525 0.48277777777777775 0.4525 0.465 0.47125 0.48277777777777775 0.47125
2 0.4477777777777778 0.45375 0.4722222222222222 0.45375 0.4477777777777778 0.478125 0.4722222222222222 0.478125
3 0.02277777777777778 0.470625 0.035 0.470625 0.02277777777777778 0.504375 0.035 0.504375