4 0.07666666666666666 0.226875 0.08777777777777777 0.226875 0.07666666666666666 0.27 0.08777777777777777 0.27
4 0.10833333333333334 0.255 0.11722222222222223 0.255 0.10833333333333334 0.28875 0.11722222222222223 0.28875
4 0.13944444444444445 0.375625 0.14555555555555555 0.375625 0.13944444444444445 0.398125 0.14555555555555555 0.398125
4 0.18888888888888888 0.376875 0.19722222222222222 0.376875 0.18888888888888888 0.40125 0.19722222222222222 0.40125
4 0.43277777777777776 0.276875 0.44555555555555554 0.276875 0.43277777777777776 0.310625 0.44555555555555554 0.310625
4 0.5288888888888889 0.268125 0.5394444444444444 0.268125 0.5288888888888889 0.2975 0.5394444444444444 0.2975
4 0.9677777777777777 0.274375 0.9755555555555555 0.274375 0.9677777777777777 0.299375 0.9755555555555555 0.299375
4 0.7861111111111111 0.215 0.7961111111111111 0.215 0.7861111111111111 0.251875 0.7961111111111111 0.251875
4 0.6461111111111111 0.214375 0.6583333333333333 0.214375 0.6461111111111111 0.251875 0.6583333333333333 0.251875
4 0.875 0.354375 0.8805555555555555 0.354375 0.875 0.37375 0.8805555555555555 0.37375
4 0.8966666666666666 0.351875 0.9038888888888889 0.351875 0.8966666666666666 0.37625 0.9038888888888889 0.37625
4 0.8883333333333333 0.35125 0.8961111111111111 0.35125 0.8883333333333333 0.375625 0.8961111111111111 0.375625
9 0.33444444444444443 0.313125 0.3661111111111111 0.313125 0.33444444444444443 0.32625 0.3661111111111111 0.32625
9 0.985 0.276875 0.9994444444444445 0.276875 0.985 0.2975 0.9994444444444445 0.2975
9 0.9044444444444445 0.26625 0.9466666666666667 0.26625 0.9044444444444445 0.279375 0.9466666666666667 0.279375
9 0.6833333333333333 0.213125 0.7233333333333334 0.213125 0.6833333333333333 0.24125 0.7233333333333334 0.24125
9 0.8222222222222222 0.36125 0.8372222222222222 0.36125 0.8222222222222222 0.376875 0.8372222222222222 0.376875
7 0.39611111111111114 0.41375 0.4461111111111111 0.41375 0.39611111111111114 0.51875 0.4461111111111111 0.51875
2 0.485 0.41625 0.5138888888888888 0.41625 0.485 0.444375 0.5138888888888888 0.444375
2 0.5111111111111111 0.414375 0.5316666666666666 0.414375 0.5111111111111111 0.435625 0.5316666666666666 0.435625
2 0.5311111111111111 0.410625 0.5566666666666666 0.410625 0.5311111111111111 0.44125 0.5566666666666666 0.44125
2 0.5105555555555555 0.41125 0.7544444444444445 0.41125 0.5105555555555555 0.6175 0.7544444444444445 0.6175
2 0.8722222222222222 0.384375 0.9994444444444445 0.384375 0.8722222222222222 0.60875 0.9994444444444445 0.60875