4 0.7122222222222222 0.36125 0.7283333333333334 0.36125 0.7122222222222222 0.383125 0.7283333333333334 0.383125
4 0.6961111111111111 0.28875 0.7372222222222222 0.28875 0.6961111111111111 0.334375 0.7372222222222222 0.334375
4 0.6777777777777778 0.305 0.6905555555555556 0.305 0.6777777777777778 0.34 0.6905555555555556 0.34
4 0.3527777777777778 0.115 0.39222222222222225 0.115 0.3527777777777778 0.1625 0.39222222222222225 0.1625
4 0.1622222222222222 0.123125 0.20055555555555554 0.123125 0.1622222222222222 0.170625 0.20055555555555554 0.170625
4 0.01888888888888889 0.065 0.07388888888888889 0.065 0.01888888888888889 0.133125 0.07388888888888889 0.133125
4 0.37166666666666665 0.410625 0.37555555555555553 0.410625 0.37166666666666665 0.423125 0.37555555555555553 0.423125
4 0.3244444444444444 0.444375 0.3288888888888889 0.444375 0.3244444444444444 0.45625 0.3288888888888889 0.45625
9 0.42333333333333334 0.120625 0.4527777777777778 0.120625 0.42333333333333334 0.16875 0.4527777777777778 0.16875
9 0.225 0.13 0.25333333333333335 0.13 0.225 0.17875 0.25333333333333335 0.17875
13 0.935 0.4225 0.9661111111111111 0.4225 0.935 0.4475 0.9661111111111111 0.4475
2 0.9472222222222222 0.426875 0.9777777777777777 0.426875 0.9472222222222222 0.4475 0.9777777777777777 0.4475
2 0.8138888888888889 0.439375 0.8366666666666667 0.439375 0.8138888888888889 0.455625 0.8366666666666667 0.455625
2 0.35444444444444445 0.375 0.6972222222222222 0.375 0.35444444444444445 0.69125 0.6972222222222222 0.69125
2 0 0.479375 0.055 0.479375 0 0.52625 0.055 0.52625
2 0.05277777777777778 0.4625 0.125 0.4625 0.05277777777777778 0.52125 0.125 0.52125
2 0.10833333333333334 0.461875 0.19 0.461875 0.10833333333333334 0.52 0.19 0.52
2 0.18 0.465 0.22666666666666666 0.465 0.18 0.50875 0.22666666666666666 0.50875
2 0.21777777777777776 0.46375 0.25055555555555553 0.46375 0.21777777777777776 0.501875 0.25055555555555553 0.501875
6 0.24666666666666667 0.4275 0.33111111111111113 0.4275 0.24666666666666667 0.50625 0.33111111111111113 0.50625
2 0.24666666666666667 0.445 0.31666666666666665 0.445 0.24666666666666667 0.50625 0.31666666666666665 0.50625