4 0.9238888888888889 0.344375 0.9333333333333333 0.344375 0.9238888888888889 0.374375 0.9333333333333333 0.374375
4 0.8822222222222222 0.315625 0.8927777777777778 0.315625 0.8822222222222222 0.36625 0.8927777777777778 0.36625
4 0.9044444444444445 0.383125 0.9133333333333333 0.383125 0.9044444444444445 0.398125 0.9133333333333333 0.398125
4 0.8877777777777778 0.385625 0.8927777777777778 0.385625 0.8877777777777778 0.40125 0.8927777777777778 0.40125
4 0.8561111111111112 0.273125 0.8644444444444445 0.273125 0.8561111111111112 0.30125 0.8644444444444445 0.30125
4 0.8194444444444444 0.28125 0.8266666666666667 0.28125 0.8194444444444444 0.306875 0.8266666666666667 0.306875
4 0.7877777777777778 0.384375 0.7927777777777778 0.384375 0.7877777777777778 0.40375 0.7927777777777778 0.40375
4 0.7938888888888889 0.410625 0.7972222222222223 0.410625 0.7938888888888889 0.419375 0.7972222222222223 0.419375
4 0.61 0.369375 0.6161111111111112 0.369375 0.61 0.40125 0.6161111111111112 0.40125
4 0.61 0.411875 0.6177777777777778 0.411875 0.61 0.41875 0.6177777777777778 0.41875
4 0.5577777777777778 0.34 0.5655555555555556 0.34 0.5577777777777778 0.3675 0.5655555555555556 0.3675
4 0.5433333333333333 0.425 0.5455555555555556 0.425 0.5433333333333333 0.433125 0.5455555555555556 0.433125
4 0.31444444444444447 0.391875 0.3227777777777778 0.391875 0.31444444444444447 0.418125 0.3227777777777778 0.418125
4 0.08722222222222223 0.30875 0.09333333333333334 0.30875 0.08722222222222223 0.33125 0.09333333333333334 0.33125
4 0.1272222222222222 0.319375 0.13166666666666665 0.319375 0.1272222222222222 0.345625 0.13166666666666665 0.345625
4 0.12333333333333334 0.218125 0.14055555555555554 0.218125 0.12333333333333334 0.278125 0.14055555555555554 0.278125
4 0.5183333333333333 0.409375 0.5211111111111111 0.409375 0.5183333333333333 0.415625 0.5211111111111111 0.415625
4 0.5194444444444445 0.43 0.5211111111111111 0.43 0.5194444444444445 0.434375 0.5211111111111111 0.434375
9 0.9477777777777778 0.358125 0.97 0.358125 0.9477777777777778 0.365625 0.97 0.365625
9 0.9366666666666666 0.393125 0.9422222222222222 0.393125 0.9366666666666666 0.413125 0.9422222222222222 0.413125
9 0.9333333333333333 0.2975 0.9411111111111111 0.2975 0.9333333333333333 0.3125 0.9411111111111111 0.3125
9 0.8394444444444444 0.280625 0.845 0.280625 0.8394444444444444 0.295625 0.845 0.295625
7 0.9611111111111111 0.42625 0.9727777777777777 0.42625 0.9611111111111111 0.450625 0.9727777777777777 0.450625
7 0.9766666666666667 0.433125 0.9861111111111112 0.433125 0.9766666666666667 0.45875 0.9861111111111112 0.45875
7 0.9855555555555555 0.42375 0.9933333333333333 0.42375 0.9855555555555555 0.445 0.9933333333333333 0.445
7 0.9505555555555556 0.42875 0.9588888888888889 0.42875 0.9505555555555556 0.45 0.9588888888888889 0.45
7 0.9172222222222223 0.42125 0.9377777777777778 0.42125 0.9172222222222223 0.486875 0.9377777777777778 0.486875
7 0.9016666666666666 0.4225 0.9166666666666666 0.4225 0.9016666666666666 0.470625 0.9166666666666666 0.470625
7 0.8877777777777778 0.429375 0.8933333333333333 0.429375 0.8877777777777778 0.4425 0.8933333333333333 0.4425
7 0.8561111111111112 0.433125 0.8611111111111112 0.433125 0.8561111111111112 0.45125 0.8611111111111112 0.45125
7 0.8572222222222222 0.436875 0.8627777777777778 0.436875 0.8572222222222222 0.450625 0.8627777777777778 0.450625
7 0.8466666666666667 0.430625 0.8561111111111112 0.430625 0.8466666666666667 0.463125 0.8561111111111112 0.463125
7 0.7844444444444445 0.4325 0.7944444444444444 0.4325 0.7844444444444445 0.466875 0.7944444444444444 0.466875
7 0.7783333333333333 0.42875 0.7866666666666666 0.42875 0.7783333333333333 0.465625 0.7866666666666666 0.465625
7 0.6155555555555555 0.43 0.6238888888888889 0.43 0.6155555555555555 0.46125 0.6238888888888889 0.46125
7 0.6072222222222222 0.430625 0.6138888888888889 0.430625 0.6072222222222222 0.45625 0.6138888888888889 0.45625
7 0.5983333333333334 0.44 0.6044444444444445 0.44 0.5983333333333334 0.455 0.6044444444444445 0.455
7 0.5933333333333334 0.436875 0.5983333333333334 0.436875 0.5933333333333334 0.455625 0.5983333333333334 0.455625
7 0.1622222222222222 0.433125 0.18388888888888888 0.433125 0.1622222222222222 0.488125 0.18388888888888888 0.488125
7 0.175 0.424375 0.1938888888888889 0.424375 0.175 0.49 0.1938888888888889 0.49
7 0.2088888888888889 0.421875 0.22777777777777777 0.421875 0.2088888888888889 0.465 0.22777777777777777 0.465
7 0.5333333333333333 0.440625 0.5361111111111111 0.440625 0.5333333333333333 0.453125 0.5361111111111111 0.453125
7 0.5855555555555556 0.443125 0.5905555555555555 0.443125 0.5855555555555556 0.4575 0.5905555555555555 0.4575
0 0.8055555555555556 0.44875 0.8305555555555556 0.44875 0.8055555555555556 0.47125 0.8305555555555556 0.47125
2 0.9116666666666666 0.43 0.9911111111111112 0.43 0.9116666666666666 0.475 0.9911111111111112 0.475
2 0.8544444444444445 0.43875 0.8977777777777778 0.43875 0.8544444444444445 0.47 0.8977777777777778 0.47
2 0.6272222222222222 0.42125 0.7744444444444445 0.42125 0.6272222222222222 0.55 0.7744444444444445 0.55
2 0 0.453125 0.02388888888888889 0.453125 0 0.483125 0.02388888888888889 0.483125
2 0.5144444444444445 0.44 0.5261111111111111 0.44 0.5144444444444445 0.453125 0.5261111111111111 0.453125
2 0.5394444444444444 0.441875 0.5516666666666666 0.441875 0.5394444444444444 0.45 0.5516666666666666 0.45
2 0.51 0.44125 0.5155555555555555 0.44125 0.51 0.45 0.5155555555555555 0.45
7 0.8138888888888889 0.4275 0.8255555555555556 0.4275 0.8138888888888889 0.465 0.8255555555555556 0.465
3 0.8983333333333333 0.453125 0.9133333333333333 0.453125 0.8983333333333333 0.493125 0.9133333333333333 0.493125