9 0.42833333333333334 0.3925 0.4438888888888889 0.3925 0.42833333333333334 0.414375 0.4438888888888889 0.414375
9 0.3377777777777778 0.40125 0.3427777777777778 0.40125 0.3377777777777778 0.42 0.3427777777777778 0.42
9 0.29888888888888887 0.35625 0.33666666666666667 0.35625 0.29888888888888887 0.40375 0.33666666666666667 0.40375
9 0.5222222222222223 0.46375 0.5344444444444445 0.46375 0.5222222222222223 0.475 0.5344444444444445 0.475
9 0.5827777777777777 0.459375 0.5911111111111111 0.459375 0.5827777777777777 0.466875 0.5911111111111111 0.466875
9 0.6233333333333333 0.409375 0.6283333333333333 0.409375 0.6233333333333333 0.415625 0.6283333333333333 0.415625
9 0.3372222222222222 0.42 0.3411111111111111 0.42 0.3372222222222222 0.44 0.3411111111111111 0.44
9 0.125 0.33625 0.13833333333333334 0.33625 0.125 0.368125 0.13833333333333334 0.368125
9 0.7422222222222222 0.4 0.745 0.4 0.7422222222222222 0.415625 0.745 0.415625
2 0.5205555555555555 0.406875 0.5316666666666666 0.406875 0.5205555555555555 0.415 0.5316666666666666 0.415
2 0.515 0.414375 0.5305555555555556 0.414375 0.515 0.429375 0.5305555555555556 0.429375
2 0.5683333333333334 0.406875 0.5755555555555556 0.406875 0.5683333333333334 0.415 0.5755555555555556 0.415
2 0.57 0.408125 0.5816666666666667 0.408125 0.57 0.419375 0.5816666666666667 0.419375
2 0.5777777777777777 0.415625 0.5888888888888889 0.415625 0.5777777777777777 0.424375 0.5888888888888889 0.424375
2 0.5788888888888889 0.41875 0.5911111111111111 0.41875 0.5788888888888889 0.429375 0.5911111111111111 0.429375
2 0.5983333333333334 0.426875 0.6222222222222222 0.426875 0.5983333333333334 0.44875 0.6222222222222222 0.44875
6 0.7477777777777778 0.338125 0.9994444444444445 0.338125 0.7477777777777778 0.63875 0.9994444444444445 0.63875