4 0.4673202614379085 0.478515625 0.4722222222222222 0.478515625 0.4673202614379085 0.4921875 0.4722222222222222 0.4921875
9 0.4117647058823529 0.4873046875 0.4215686274509804 0.4873046875 0.4117647058823529 0.5009765625 0.4215686274509804 0.5009765625
7 0.9812091503267973 0.48828125 0.9991830065359477 0.48828125 0.9812091503267973 0.5615234375 0.9991830065359477 0.5615234375
7 0.928921568627451 0.4912109375 0.954248366013072 0.4912109375 0.928921568627451 0.5654296875 0.954248366013072 0.5654296875
7 0.7320261437908496 0.501953125 0.7524509803921569 0.501953125 0.7320261437908496 0.5615234375 0.7524509803921569 0.5615234375
7 0.7589869281045751 0.501953125 0.7785947712418301 0.501953125 0.7589869281045751 0.556640625 0.7785947712418301 0.556640625
7 0.28921568627450983 0.513671875 0.2957516339869281 0.513671875 0.28921568627450983 0.53515625 0.2957516339869281 0.53515625
7 0.2818627450980392 0.5107421875 0.2867647058823529 0.5107421875 0.2818627450980392 0.5341796875 0.2867647058823529 0.5341796875
5 0.7091503267973857 0.5693359375 0.8872549019607843 0.5693359375 0.7091503267973857 0.7841796875 0.8872549019607843 0.7841796875
2 0.477124183006536 0.5087890625 0.5187908496732027 0.5087890625 0.477124183006536 0.5576171875 0.5187908496732027 0.5576171875
2 0.35294117647058826 0.52734375 0.5294117647058824 0.52734375 0.35294117647058826 0.7138671875 0.5294117647058824 0.7138671875
2 0 0.494140625 0.08905228758169935 0.494140625 0 0.626953125 0.08905228758169935 0.626953125
2 0.08660130718954248 0.5048828125 0.18790849673202614 0.5048828125 0.08660130718954248 0.595703125 0.18790849673202614 0.595703125
2 0.37336601307189543 0.5166015625 0.3929738562091503 0.5166015625 0.37336601307189543 0.5322265625 0.3929738562091503 0.5322265625
2 0.43709150326797386 0.51171875 0.4493464052287582 0.51171875 0.43709150326797386 0.5244140625 0.4493464052287582 0.5244140625
2 0.4599673202614379 0.4931640625 0.49264705882352944 0.4931640625 0.4599673202614379 0.5263671875 0.49264705882352944 0.5263671875
2 0.40522875816993464 0.513671875 0.4223856209150327 0.513671875 0.40522875816993464 0.52734375 0.4223856209150327 0.52734375
7 0.7401960784313726 0.53125 0.8186274509803921 0.53125 0.7401960784313726 0.736328125 0.8186274509803921 0.736328125