1 0.4256535947712418 0.4873046875 0.43709150326797386 0.4873046875 0.4256535947712418 0.505859375 0.43709150326797386 0.505859375
1 0.4027777777777778 0.4853515625 0.4264705882352941 0.4853515625 0.4027777777777778 0.51171875 0.4264705882352941 0.51171875
1 0.45179738562091504 0.4599609375 0.5563725490196079 0.4599609375 0.45179738562091504 0.5556640625 0.5563725490196079 0.5556640625
4 0.8316993464052288 0.40625 0.8529411764705882 0.40625 0.8316993464052288 0.4482421875 0.8529411764705882 0.4482421875
4 0.8276143790849673 0.4814453125 0.8357843137254902 0.4814453125 0.8276143790849673 0.494140625 0.8357843137254902 0.494140625
4 0.8325163398692811 0.505859375 0.8398692810457516 0.505859375 0.8325163398692811 0.525390625 0.8398692810457516 0.525390625
4 0.28022875816993464 0.453125 0.2883986928104575 0.453125 0.28022875816993464 0.4755859375 0.2883986928104575 0.4755859375
4 0.42401960784313725 0.4755859375 0.4264705882352941 0.4755859375 0.42401960784313725 0.484375 0.4264705882352941 0.484375
4 0.434640522875817 0.484375 0.4362745098039216 0.484375 0.434640522875817 0.4873046875 0.4362745098039216 0.4873046875
4 0.20833333333333334 0.49609375 0.21241830065359477 0.49609375 0.20833333333333334 0.501953125 0.21241830065359477 0.501953125
9 0.15441176470588236 0.37890625 0.20261437908496732 0.37890625 0.15441176470588236 0.4365234375 0.20261437908496732 0.4365234375
9 0.2034313725490196 0.4560546875 0.2181372549019608 0.4560546875 0.2034313725490196 0.4765625 0.2181372549019608 0.4765625
9 0.2034313725490196 0.4765625 0.21650326797385622 0.4765625 0.2034313725490196 0.48828125 0.21650326797385622 0.48828125
9 0.2777777777777778 0.4765625 0.29248366013071897 0.4765625 0.2777777777777778 0.4931640625 0.29248366013071897 0.4931640625
9 0.3668300653594771 0.4658203125 0.380718954248366 0.4658203125 0.3668300653594771 0.4814453125 0.380718954248366 0.4814453125
9 0.6013071895424836 0.4775390625 0.6160130718954249 0.4775390625 0.6013071895424836 0.4853515625 0.6160130718954249 0.4853515625
9 0.6037581699346405 0.4638671875 0.6143790849673203 0.4638671875 0.6037581699346405 0.4765625 0.6143790849673203 0.4765625
9 0.7205882352941176 0.4794921875 0.7410130718954249 0.4794921875 0.7205882352941176 0.4931640625 0.7410130718954249 0.4931640625
9 0.7181372549019608 0.4345703125 0.7459150326797386 0.4345703125 0.7181372549019608 0.466796875 0.7459150326797386 0.466796875
9 0.8137254901960784 0.447265625 0.8398692810457516 0.447265625 0.8137254901960784 0.4775390625 0.8398692810457516 0.4775390625
9 0.13398692810457516 0.48046875 0.14215686274509803 0.48046875 0.13398692810457516 0.490234375 0.14215686274509803 0.490234375
7 0.33905228758169936 0.498046875 0.34477124183006536 0.498046875 0.33905228758169936 0.515625 0.34477124183006536 0.515625
7 0.3014705882352941 0.50390625 0.309640522875817 0.50390625 0.3014705882352941 0.5166015625 0.309640522875817 0.5166015625
7 0.2785947712418301 0.505859375 0.28431372549019607 0.505859375 0.2785947712418301 0.51953125 0.28431372549019607 0.51953125
7 0.2540849673202614 0.51171875 0.26552287581699346 0.51171875 0.2540849673202614 0.5322265625 0.26552287581699346 0.5322265625
7 0.255718954248366 0.501953125 0.26143790849673204 0.501953125 0.255718954248366 0.513671875 0.26143790849673204 0.513671875
7 0.21486928104575165 0.509765625 0.22712418300653595 0.509765625 0.21486928104575165 0.546875 0.22712418300653595 0.546875
7 0.04738562091503268 0.5087890625 0.06699346405228758 0.5087890625 0.04738562091503268 0.587890625 0.06699346405228758 0.587890625
7 0.06944444444444445 0.5 0.0915032679738562 0.5 0.06944444444444445 0.583984375 0.0915032679738562 0.583984375
7 0.6437908496732027 0.501953125 0.6552287581699346 0.501953125 0.6437908496732027 0.5361328125 0.6552287581699346 0.5361328125
7 0.6348039215686274 0.5 0.6495098039215687 0.5 0.6348039215686274 0.537109375 0.6495098039215687 0.537109375
7 0.6535947712418301 0.5009765625 0.6683006535947712 0.5009765625 0.6535947712418301 0.5576171875 0.6683006535947712 0.5576171875
7 0.670751633986928 0.5029296875 0.6821895424836601 0.5029296875 0.670751633986928 0.552734375 0.6821895424836601 0.552734375
7 0.6887254901960784 0.4970703125 0.7058823529411765 0.4970703125 0.6887254901960784 0.529296875 0.7058823529411765 0.529296875
7 0.6830065359477124 0.50390625 0.6993464052287581 0.50390625 0.6830065359477124 0.5458984375 0.6993464052287581 0.5458984375
7 0.7826797385620915 0.5068359375 0.803921568627451 0.5068359375 0.7826797385620915 0.58203125 0.803921568627451 0.58203125
7 0.8341503267973857 0.4541015625 0.8660130718954249 0.4541015625 0.8341503267973857 0.5283203125 0.8660130718954249 0.5283203125
0 0.9101307189542484 0.537109375 0.9370915032679739 0.537109375 0.9101307189542484 0.6005859375 0.9370915032679739 0.6005859375
0 0.8725490196078431 0.5537109375 0.9215686274509803 0.5537109375 0.8725490196078431 0.5986328125 0.9215686274509803 0.5986328125
5 0.9861111111111112 0.5380859375 0.9991830065359477 0.5380859375 0.9861111111111112 0.587890625 0.9991830065359477 0.587890625
5 0.9607843137254902 0.5283203125 0.9967320261437909 0.5283203125 0.9607843137254902 0.5927734375 0.9967320261437909 0.5927734375
5 0.9379084967320261 0.533203125 0.9738562091503268 0.533203125 0.9379084967320261 0.595703125 0.9738562091503268 0.595703125
5 0.9166666666666666 0.5283203125 0.9493464052287581 0.5283203125 0.9166666666666666 0.59765625 0.9493464052287581 0.59765625
2 0.3937908496732026 0.5107421875 0.4632352941176471 0.5107421875 0.3937908496732026 0.5791015625 0.4632352941176471 0.5791015625
2 0.23202614379084968 0.5048828125 0.4019607843137255 0.5048828125 0.23202614379084968 0.6787109375 0.4019607843137255 0.6787109375
2 0.49264705882352944 0.51953125 0.6094771241830066 0.51953125 0.49264705882352944 0.630859375 0.6094771241830066 0.630859375