7 0.9588888888888889 0.454375 0.9927777777777778 0.454375 0.9588888888888889 0.56625 0.9927777777777778 0.56625
7 0.9005555555555556 0.38375 0.9394444444444444 0.38375 0.9005555555555556 0.565625 0.9394444444444444 0.565625
7 0.6105555555555555 0.434375 0.6333333333333333 0.434375 0.6105555555555555 0.49875 0.6333333333333333 0.49875
7 0.59 0.443125 0.61 0.443125 0.59 0.498125 0.61 0.498125
7 0.5305555555555556 0.43875 0.5483333333333333 0.43875 0.5305555555555556 0.495 0.5483333333333333 0.495
7 0.5505555555555556 0.43625 0.5705555555555556 0.43625 0.5505555555555556 0.49375 0.5705555555555556 0.49375
7 0.5688888888888889 0.440625 0.5872222222222222 0.440625 0.5688888888888889 0.494375 0.5872222222222222 0.494375
7 0.5783333333333334 0.4325 0.5944444444444444 0.4325 0.5783333333333334 0.490625 0.5944444444444444 0.490625
7 0.5877777777777777 0.436875 0.5983333333333334 0.436875 0.5877777777777777 0.45875 0.5983333333333334 0.45875
7 0.6066666666666667 0.435 0.6194444444444445 0.435 0.6066666666666667 0.493125 0.6194444444444445 0.493125
7 0.49777777777777776 0.458125 0.5077777777777778 0.458125 0.49777777777777776 0.483125 0.5077777777777778 0.483125
7 0.5216666666666666 0.455625 0.5311111111111111 0.455625 0.5216666666666666 0.484375 0.5311111111111111 0.484375
2 0.4538888888888889 0.45875 0.4922222222222222 0.45875 0.4538888888888889 0.49125 0.4922222222222222 0.49125
2 0.45222222222222225 0.46375 0.45944444444444443 0.46375 0.45222222222222225 0.489375 0.45944444444444443 0.489375
2 0.4305555555555556 0.46125 0.45111111111111113 0.46125 0.4305555555555556 0.4875 0.45111111111111113 0.4875
2 0.39555555555555555 0.455 0.4361111111111111 0.455 0.39555555555555555 0.4925 0.4361111111111111 0.4925
3 0.345 0.449375 0.35333333333333333 0.449375 0.345 0.465625 0.35333333333333333 0.465625