9 0.8111111111111111 0.243125 0.8811111111111111 0.243125 0.8111111111111111 0.27 0.8811111111111111 0.27
9 0.8238888888888889 0.2725 0.8827777777777778 0.2725 0.8238888888888889 0.34 0.8827777777777778 0.34
9 0.8127777777777778 0.47 0.8877777777777778 0.47 0.8127777777777778 0.49625 0.8877777777777778 0.49625
9 0.24222222222222223 0.408125 0.24944444444444444 0.408125 0.24222222222222223 0.424375 0.24944444444444444 0.424375
9 0.21166666666666667 0.366875 0.22611111111111112 0.366875 0.21166666666666667 0.37875 0.22611111111111112 0.37875
9 0.2127777777777778 0.379375 0.22444444444444445 0.379375 0.2127777777777778 0.406875 0.22444444444444445 0.406875
9 0.026111111111111113 0.399375 0.05722222222222222 0.399375 0.026111111111111113 0.409375 0.05722222222222222 0.409375
9 0.026111111111111113 0.41125 0.05555555555555555 0.41125 0.026111111111111113 0.425 0.05555555555555555 0.425
7 0.8361111111111111 0.41375 0.8977777777777778 0.41375 0.8361111111111111 0.533125 0.8977777777777778 0.533125
7 0.2727777777777778 0.433125 0.285 0.433125 0.2727777777777778 0.466875 0.285 0.466875
7 0.18055555555555555 0.433125 0.19611111111111112 0.433125 0.18055555555555555 0.48875 0.19611111111111112 0.48875
7 0.16444444444444445 0.434375 0.1827777777777778 0.434375 0.16444444444444445 0.49 0.1827777777777778 0.49
7 0.15 0.444375 0.16444444444444445 0.444375 0.15 0.489375 0.16444444444444445 0.489375
7 0.044444444444444446 0.431875 0.0661111111111111 0.431875 0.044444444444444446 0.50125 0.0661111111111111 0.50125
7 0.027777777777777776 0.44375 0.051111111111111114 0.44375 0.027777777777777776 0.50375 0.051111111111111114 0.50375
7 0 0.426875 0.020555555555555556 0.426875 0 0.58 0.020555555555555556 0.58
1 0.3061111111111111 0.4025 0.35888888888888887 0.4025 0.3061111111111111 0.465625 0.35888888888888887 0.465625
2 0.8772222222222222 0.413125 0.9994444444444445 0.413125 0.8772222222222222 0.48125 0.9994444444444445 0.48125
2 0.33 0.401875 0.7794444444444445 0.401875 0.33 0.78125 0.7794444444444445 0.78125
2 0.31222222222222223 0.443125 0.3972222222222222 0.443125 0.31222222222222223 0.51125 0.3972222222222222 0.51125
2 0.27944444444444444 0.439375 0.33111111111111113 0.439375 0.27944444444444444 0.481875 0.33111111111111113 0.481875
11 0.89 0.4475 0.9705555555555555 0.4475 0.89 0.53 0.9705555555555555 0.53