4 0.9166666666666666 0.5283203125 0.946078431372549 0.5283203125 0.9166666666666666 0.6201171875 0.946078431372549 0.6201171875
4 0.9060457516339869 0.076171875 0.9485294117647058 0.076171875 0.9060457516339869 0.2353515625 0.9485294117647058 0.2353515625
4 0.22140522875816993 0.4951171875 0.23529411764705882 0.4951171875 0.22140522875816993 0.5087890625 0.23529411764705882 0.5087890625
4 0 0.3876953125 0.007352941176470588 0.3876953125 0 0.416015625 0.007352941176470588 0.416015625
9 0.6993464052287581 0.3857421875 0.7532679738562091 0.3857421875 0.6993464052287581 0.4482421875 0.7532679738562091 0.4482421875
9 0.7099673202614379 0.4482421875 0.7410130718954249 0.4482421875 0.7099673202614379 0.484375 0.7410130718954249 0.484375
9 0.696078431372549 0.484375 0.7508169934640523 0.484375 0.696078431372549 0.5478515625 0.7508169934640523 0.5478515625
9 0.7075163398692811 0.5478515625 0.7377450980392157 0.5478515625 0.7075163398692811 0.5849609375 0.7377450980392157 0.5849609375
9 0.6838235294117647 0.4736328125 0.6919934640522876 0.4736328125 0.6838235294117647 0.4794921875 0.6919934640522876 0.4794921875
9 0.6797385620915033 0.4794921875 0.6968954248366013 0.4794921875 0.6797385620915033 0.5 0.6968954248366013 0.5
9 0.6805555555555556 0.5 0.6936274509803921 0.5 0.6805555555555556 0.5048828125 0.6936274509803921 0.5048828125
9 0.6797385620915033 0.5048828125 0.6936274509803921 0.5048828125 0.6797385620915033 0.521484375 0.6936274509803921 0.521484375
9 0.5776143790849673 0.48828125 0.5988562091503268 0.48828125 0.5776143790849673 0.5126953125 0.5988562091503268 0.5126953125
9 0.17892156862745098 0.4326171875 0.20261437908496732 0.4326171875 0.17892156862745098 0.48046875 0.20261437908496732 0.48046875
9 0.29983660130718953 0.462890625 0.3243464052287582 0.462890625 0.29983660130718953 0.4912109375 0.3243464052287582 0.4912109375
9 0.3006535947712418 0.4912109375 0.3202614379084967 0.4912109375 0.3006535947712418 0.5 0.3202614379084967 0.5
9 0.42810457516339867 0.5107421875 0.4387254901960784 0.5107421875 0.42810457516339867 0.5224609375 0.4387254901960784 0.5224609375
9 0.42892156862745096 0.5224609375 0.43790849673202614 0.5224609375 0.42892156862745096 0.52734375 0.43790849673202614 0.52734375
9 0.4681372549019608 0.5126953125 0.47467320261437906 0.5126953125 0.4681372549019608 0.5224609375 0.47467320261437906 0.5224609375
9 0.6609477124183006 0.513671875 0.673202614379085 0.513671875 0.6609477124183006 0.5234375 0.673202614379085 0.5234375
7 0.7312091503267973 0.5361328125 0.7516339869281046 0.5361328125 0.7312091503267973 0.59765625 0.7516339869281046 0.59765625
7 0.11683006535947713 0.5419921875 0.13970588235294118 0.5419921875 0.11683006535947713 0.5986328125 0.13970588235294118 0.5986328125
7 0.15849673202614378 0.5439453125 0.184640522875817 0.5439453125 0.15849673202614378 0.59765625 0.184640522875817 0.59765625
7 0.32107843137254904 0.5380859375 0.3349673202614379 0.5380859375 0.32107843137254904 0.5859375 0.3349673202614379 0.5859375
2 0.34068627450980393 0.5419921875 0.4158496732026144 0.5419921875 0.34068627450980393 0.6142578125 0.4158496732026144 0.6142578125
2 0.5081699346405228 0.533203125 0.5220588235294118 0.533203125 0.5081699346405228 0.548828125 0.5220588235294118 0.548828125
2 0.5032679738562091 0.5361328125 0.5130718954248366 0.5361328125 0.5032679738562091 0.55078125 0.5130718954248366 0.55078125
2 0.48937908496732024 0.533203125 0.505718954248366 0.533203125 0.48937908496732024 0.5546875 0.505718954248366 0.5546875
2 0.46895424836601307 0.5400390625 0.5008169934640523 0.5400390625 0.46895424836601307 0.55859375 0.5008169934640523 0.55859375
2 0.4215686274509804 0.546875 0.4534313725490196 0.546875 0.4215686274509804 0.5595703125 0.4534313725490196 0.5595703125
2 0.38643790849673204 0.55859375 0.553921568627451 0.55859375 0.38643790849673204 0.71875 0.553921568627451 0.71875
2 0.4485294117647059 0.5390625 0.47058823529411764 0.5390625 0.4485294117647059 0.55859375 0.47058823529411764 0.55859375