9 0.78125 0.3720703125 0.8375 0.3720703125 0.78125 0.4072265625 0.8375 0.4072265625
9 0.77890625 0.296875 0.83828125 0.296875 0.77890625 0.3701171875 0.83828125 0.3701171875
9 0.1640625 0.4013671875 0.18984375 0.4013671875 0.1640625 0.4326171875 0.18984375 0.4326171875
9 0.16484375 0.4326171875 0.190625 0.4326171875 0.16484375 0.447265625 0.190625 0.447265625
7 0.8296875 0.439453125 0.8453125 0.439453125 0.8296875 0.5166015625 0.8453125 0.5166015625
7 0.84375 0.4482421875 0.8578125 0.4482421875 0.84375 0.515625 0.8578125 0.515625
7 0.85859375 0.4404296875 0.8765625 0.4404296875 0.85859375 0.48828125 0.8765625 0.48828125
7 0.69609375 0.4619140625 0.721875 0.4619140625 0.69609375 0.509765625 0.721875 0.509765625
7 0.68125 0.4619140625 0.7046875 0.4619140625 0.68125 0.4970703125 0.7046875 0.4970703125
7 0.65546875 0.4580078125 0.675 0.4580078125 0.65546875 0.5078125 0.675 0.5078125
7 0.63515625 0.455078125 0.64921875 0.455078125 0.63515625 0.4912109375 0.64921875 0.4912109375
7 0.61875 0.458984375 0.6359375 0.458984375 0.61875 0.4951171875 0.6359375 0.4951171875
7 0.5484375 0.44140625 0.56328125 0.44140625 0.5484375 0.4765625 0.56328125 0.4765625
7 0.4625 0.4619140625 0.478125 0.4619140625 0.4625 0.5009765625 0.478125 0.5009765625
7 0.2203125 0.4951171875 0.2609375 0.4951171875 0.2203125 0.6474609375 0.2609375 0.6474609375
7 0.23125 0.4599609375 0.2453125 0.4599609375 0.23125 0.4970703125 0.2453125 0.4970703125
7 0.29921875 0.4580078125 0.30625 0.4580078125 0.29921875 0.484375 0.30625 0.484375
0 0.1828125 0.482421875 0.20546875 0.482421875 0.1828125 0.5302734375 0.20546875 0.5302734375
0 0.27890625 0.4833984375 0.2953125 0.4833984375 0.27890625 0.521484375 0.2953125 0.521484375
0 0.3390625 0.4658203125 0.34453125 0.4658203125 0.3390625 0.4765625 0.34453125 0.4765625
0 0.55703125 0.47265625 0.584375 0.47265625 0.55703125 0.501953125 0.584375 0.501953125
0 0.18125 0.490234375 0.2109375 0.490234375 0.18125 0.5263671875 0.2109375 0.5263671875
5 0.50625 0.4716796875 0.54921875 0.4716796875 0.50625 0.49609375 0.54921875 0.49609375
2 0.3546875 0.44921875 0.3859375 0.44921875 0.3546875 0.4677734375 0.3859375 0.4677734375
2 0.39375 0.4482421875 0.41328125 0.4482421875 0.39375 0.4609375 0.41328125 0.4609375
2 0.3828125 0.4501953125 0.3953125 0.4501953125 0.3828125 0.4619140625 0.3953125 0.4619140625
2 0.43046875 0.435546875 0.4484375 0.435546875 0.43046875 0.4619140625 0.4484375 0.4619140625
2 0.41953125 0.44140625 0.43125 0.44140625 0.41953125 0.4609375 0.43125 0.4609375
2 0.44140625 0.4453125 0.46953125 0.4453125 0.44140625 0.4736328125 0.46953125 0.4736328125
2 0.4640625 0.455078125 0.47265625 0.455078125 0.4640625 0.47265625 0.47265625 0.47265625
2 0.4703125 0.455078125 0.48828125 0.455078125 0.4703125 0.470703125 0.48828125 0.470703125
2 0.48125 0.4521484375 0.5359375 0.4521484375 0.48125 0.498046875 0.5359375 0.498046875
2 0.4125 0.4931640625 0.61875 0.4931640625 0.4125 0.7333984375 0.61875 0.7333984375
2 0.77578125 0.5595703125 0.99921875 0.5595703125 0.77578125 0.9248046875 0.99921875 0.9248046875
7 0.2796875 0.4609375 0.2953125 0.4609375 0.2796875 0.513671875 0.2953125 0.513671875
7 0.3390625 0.4580078125 0.34375 0.4580078125 0.3390625 0.4677734375 0.34375 0.4677734375