4 0.4765625 0.4501953125 0.4796875 0.4501953125 0.4765625 0.455078125 0.4796875 0.455078125
4 0.47578125 0.4560546875 0.47890625 0.4560546875 0.47578125 0.4619140625 0.47890625 0.4619140625
4 0.43515625 0.4306640625 0.43984375 0.4306640625 0.43515625 0.4404296875 0.43984375 0.4404296875
4 0.4109375 0.4267578125 0.41484375 0.4267578125 0.4109375 0.4365234375 0.41484375 0.4365234375
4 0.38828125 0.42578125 0.3921875 0.42578125 0.38828125 0.4365234375 0.3921875 0.4365234375
4 0.32734375 0.4560546875 0.33046875 0.4560546875 0.32734375 0.4619140625 0.33046875 0.4619140625
4 0.32578125 0.466796875 0.3296875 0.466796875 0.32578125 0.47265625 0.3296875 0.47265625
9 0.35859375 0.4794921875 0.365625 0.4794921875 0.35859375 0.48828125 0.365625 0.48828125
9 0.4109375 0.466796875 0.41484375 0.466796875 0.4109375 0.4736328125 0.41484375 0.4736328125
9 0.4515625 0.4404296875 0.46171875 0.4404296875 0.4515625 0.4462890625 0.46171875 0.4462890625
9 0.484375 0.4521484375 0.49375 0.4521484375 0.484375 0.462890625 0.49375 0.462890625
9 0.4984375 0.453125 0.51484375 0.453125 0.4984375 0.46875 0.51484375 0.46875
9 0.4609375 0.4541015625 0.46484375 0.4541015625 0.4609375 0.458984375 0.46484375 0.458984375
9 0.31953125 0.44921875 0.33203125 0.44921875 0.31953125 0.455078125 0.33203125 0.455078125
9 0.36328125 0.4541015625 0.3671875 0.4541015625 0.36328125 0.4580078125 0.3671875 0.4580078125
9 0.7046875 0.3466796875 0.74609375 0.3466796875 0.7046875 0.384765625 0.74609375 0.384765625
9 0.715625 0.384765625 0.7390625 0.384765625 0.715625 0.42578125 0.7390625 0.42578125
9 0.05546875 0.5830078125 0.07734375 0.5830078125 0.05546875 0.59765625 0.07734375 0.59765625
7 0.55078125 0.4365234375 0.559375 0.4365234375 0.55078125 0.4814453125 0.559375 0.4814453125
2 0.071875 0.5029296875 0.146875 0.5029296875 0.071875 0.5634765625 0.146875 0.5634765625
2 0.00625 0.51171875 0.07421875 0.51171875 0.00625 0.5673828125 0.07421875 0.5673828125
2 0.16484375 0.48828125 0.2171875 0.48828125 0.16484375 0.5390625 0.2171875 0.5390625
2 0.25 0.490234375 0.284375 0.490234375 0.25 0.51953125 0.284375 0.51953125
2 0.31015625 0.4814453125 0.33359375 0.4814453125 0.31015625 0.501953125 0.33359375 0.501953125
2 0.41875 0.47265625 0.43125 0.47265625 0.41875 0.486328125 0.43125 0.486328125
2 0.3859375 0.4619140625 0.3984375 0.4619140625 0.3859375 0.474609375 0.3984375 0.474609375
2 0.36796875 0.470703125 0.38203125 0.470703125 0.36796875 0.4853515625 0.38203125 0.4853515625
2 0.42578125 0.447265625 0.43203125 0.447265625 0.42578125 0.4541015625 0.43203125 0.4541015625
2 0.3890625 0.4443359375 0.39765625 0.4443359375 0.3890625 0.453125 0.39765625 0.453125
2 0.8921875 0.4267578125 0.9609375 0.4267578125 0.8921875 0.4619140625 0.9609375 0.4619140625
2 0.89921875 0.4150390625 0.9125 0.4150390625 0.89921875 0.4296875 0.9125 0.4296875
2 0.8796875 0.4140625 0.9046875 0.4140625 0.8796875 0.43359375 0.9046875 0.43359375
2 0.94609375 0.4111328125 0.95859375 0.4111328125 0.94609375 0.4287109375 0.95859375 0.4287109375