9 0.9638888888888889 0.185625 0.9994444444444445 0.185625 0.9638888888888889 0.264375 0.9994444444444445 0.264375
9 0.6216666666666667 0.375625 0.6455555555555555 0.375625 0.6216666666666667 0.385625 0.6455555555555555 0.385625
9 0.6016666666666667 0.4025 0.6166666666666667 0.4025 0.6016666666666667 0.415625 0.6166666666666667 0.415625
9 0.33111111111111113 0.413125 0.3488888888888889 0.413125 0.33111111111111113 0.4275 0.3488888888888889 0.4275
2 0.8216666666666667 0.394375 0.9994444444444445 0.394375 0.8216666666666667 0.715625 0.9994444444444445 0.715625
2 0.5472222222222223 0.4425 0.5933333333333334 0.4425 0.5472222222222223 0.47625 0.5933333333333334 0.47625
2 0.5255555555555556 0.433125 0.5577777777777778 0.433125 0.5255555555555556 0.46125 0.5577777777777778 0.46125
2 0.31 0.42875 0.3983333333333333 0.42875 0.31 0.4975 0.3983333333333333 0.4975
2 0.40055555555555555 0.444375 0.4361111111111111 0.444375 0.40055555555555555 0.46625 0.4361111111111111 0.46625
2 0.4361111111111111 0.4475 0.4622222222222222 0.4475 0.4361111111111111 0.464375 0.4622222222222222 0.464375
3 0.7261111111111112 0.446875 0.7433333333333333 0.446875 0.7261111111111112 0.493125 0.7433333333333333 0.493125