4 0.3046875 0.4772135416666667 0.32080078125 0.4772135416666667 0.3046875 0.5026041666666666 0.32080078125 0.5026041666666666
4 0.6220703125 0.4811197916666667 0.63330078125 0.4811197916666667 0.6220703125 0.5045572916666666 0.63330078125 0.5045572916666666
4 0.57080078125 0.529296875 0.57861328125 0.529296875 0.57080078125 0.5455729166666666 0.57861328125 0.5455729166666666
4 0.43994140625 0.5286458333333334 0.44921875 0.5286458333333334 0.43994140625 0.5436197916666666 0.44921875 0.5436197916666666
4 0.11669921875 0.5123697916666666 0.1328125 0.5123697916666666 0.11669921875 0.5325520833333334 0.1328125 0.5325520833333334
4 0.81494140625 0.5169270833333334 0.82861328125 0.5169270833333334 0.81494140625 0.5390625 0.82861328125 0.5390625
4 0.49951171875 0.5338541666666666 0.505859375 0.5338541666666666 0.49951171875 0.54296875 0.505859375 0.54296875
4 0.03076171875 0.4485677083333333 0.0380859375 0.4485677083333333 0.03076171875 0.4811197916666667 0.0380859375 0.4811197916666667
9 0.31005859375 0.5123697916666666 0.3251953125 0.5123697916666666 0.31005859375 0.5436197916666666 0.3251953125 0.5436197916666666
9 0.619140625 0.5169270833333334 0.63427734375 0.5169270833333334 0.619140625 0.5455729166666666 0.63427734375 0.5455729166666666
9 0.2060546875 0.44140625 0.23193359375 0.44140625 0.2060546875 0.529296875 0.23193359375 0.529296875
9 0.7783203125 0.4192708333333333 0.80078125 0.4192708333333333 0.7783203125 0.4895833333333333 0.80078125 0.4895833333333333
7 0.08447265625 0.5377604166666666 0.1083984375 0.5377604166666666 0.08447265625 0.6145833333333334 0.1083984375 0.6145833333333334
2 0.416015625 0.5559895833333334 0.455078125 0.5559895833333334 0.416015625 0.5885416666666666 0.455078125 0.5885416666666666
2 0.51806640625 0.5533854166666666 0.541015625 0.5533854166666666 0.51806640625 0.5787760416666666 0.541015625 0.5787760416666666
2 0.5380859375 0.5611979166666666 0.568359375 0.5611979166666666 0.5380859375 0.58203125 0.568359375 0.58203125