4 0.9405555555555556 0.200625 0.9616666666666667 0.200625 0.9405555555555556 0.2775 0.9616666666666667 0.2775
4 0.515 0.423125 0.5211111111111111 0.423125 0.515 0.4425 0.5211111111111111 0.4425
4 0.34 0.413125 0.3472222222222222 0.413125 0.34 0.441875 0.3472222222222222 0.441875
9 0.9077777777777778 0.2975 0.95 0.2975 0.9077777777777778 0.384375 0.95 0.384375
7 0.6455555555555555 0.4475 0.6605555555555556 0.4475 0.6455555555555555 0.469375 0.6605555555555556 0.469375
7 0.6622222222222223 0.4475 0.6766666666666666 0.4475 0.6622222222222223 0.470625 0.6766666666666666 0.470625
7 0.02388888888888889 0.43875 0.04777777777777778 0.43875 0.02388888888888889 0.52 0.04777777777777778 0.52
7 0.04666666666666667 0.44625 0.06722222222222222 0.44625 0.04666666666666667 0.5225 0.06722222222222222 0.5225
7 0.5761111111111111 0.454375 0.585 0.454375 0.5761111111111111 0.4675 0.585 0.4675
7 0.6022222222222222 0.450625 0.6116666666666667 0.450625 0.6022222222222222 0.465 0.6116666666666667 0.465
7 0.6283333333333333 0.451875 0.6388888888888888 0.451875 0.6283333333333333 0.463125 0.6388888888888888 0.463125
7 0.6138888888888889 0.44875 0.6261111111111111 0.44875 0.6138888888888889 0.463125 0.6261111111111111 0.463125
0 0.6255555555555555 0.460625 0.6827777777777778 0.460625 0.6255555555555555 0.5225 0.6827777777777778 0.5225
2 0.4172222222222222 0.43125 0.5183333333333333 0.43125 0.4172222222222222 0.531875 0.5183333333333333 0.531875
2 0.18388888888888888 0.44875 0.3277777777777778 0.44875 0.18388888888888888 0.556875 0.3277777777777778 0.556875
2 0.325 0.455625 0.39166666666666666 0.455625 0.325 0.509375 0.39166666666666666 0.509375
2 0.3788888888888889 0.45375 0.4083333333333333 0.45375 0.3788888888888889 0.4975 0.4083333333333333 0.4975
2 0.40166666666666667 0.459375 0.41388888888888886 0.459375 0.40166666666666667 0.4925 0.41388888888888886 0.4925
2 0.4088888888888889 0.4625 0.41888888888888887 0.4625 0.4088888888888889 0.486875 0.41888888888888887 0.486875