9 0.8627450980392157 0.3671875 0.9174836601307189 0.3671875 0.8627450980392157 0.4296875 0.9174836601307189 0.4296875
9 0.8668300653594772 0.4296875 0.9117647058823529 0.4296875 0.8668300653594772 0.4521484375 0.9117647058823529 0.4521484375
9 0.8676470588235294 0.4521484375 0.9117647058823529 0.4521484375 0.8676470588235294 0.4833984375 0.9117647058823529 0.4833984375
9 0.5506535947712419 0.4970703125 0.559640522875817 0.4970703125 0.5506535947712419 0.5205078125 0.559640522875817 0.5205078125
9 0.3488562091503268 0.509765625 0.3545751633986928 0.509765625 0.3488562091503268 0.5166015625 0.3545751633986928 0.5166015625
7 0.2099673202614379 0.5302734375 0.22549019607843138 0.5302734375 0.2099673202614379 0.58984375 0.22549019607843138 0.58984375
7 0.2246732026143791 0.529296875 0.238562091503268 0.529296875 0.2246732026143791 0.5732421875 0.238562091503268 0.5732421875
7 0.16830065359477125 0.5419921875 0.18218954248366012 0.5419921875 0.16830065359477125 0.5703125 0.18218954248366012 0.5703125
7 0.5130718954248366 0.5283203125 0.5196078431372549 0.5283203125 0.5130718954248366 0.5458984375 0.5196078431372549 0.5458984375
7 0.33986928104575165 0.5341796875 0.35130718954248363 0.5341796875 0.33986928104575165 0.5615234375 0.35130718954248363 0.5615234375
7 0.19526143790849673 0.5341796875 0.2099673202614379 0.5341796875 0.19526143790849673 0.5859375 0.2099673202614379 0.5859375
2 0.07026143790849673 0.5556640625 0.20833333333333334 0.5556640625 0.07026143790849673 0.65625 0.20833333333333334 0.65625
2 0.22549019607843138 0.5439453125 0.3006535947712418 0.5439453125 0.22549019607843138 0.607421875 0.3006535947712418 0.607421875
2 0.26143790849673204 0.537109375 0.3161764705882353 0.537109375 0.26143790849673204 0.5888671875 0.3161764705882353 0.5888671875
2 0.2834967320261438 0.52734375 0.34068627450980393 0.52734375 0.2834967320261438 0.580078125 0.34068627450980393 0.580078125
2 0.36519607843137253 0.5234375 0.39624183006535946 0.5234375 0.36519607843137253 0.5634765625 0.39624183006535946 0.5634765625
2 0.3872549019607843 0.544921875 0.5228758169934641 0.544921875 0.3872549019607843 0.689453125 0.5228758169934641 0.689453125
2 0.46568627450980393 0.5302734375 0.4795751633986928 0.5302734375 0.46568627450980393 0.544921875 0.4795751633986928 0.544921875
2 0.39950980392156865 0.5322265625 0.42320261437908496 0.5322265625 0.39950980392156865 0.556640625 0.42320261437908496 0.556640625