9 0.1503267973856209 0.4560546875 0.16748366013071894 0.4560546875 0.1503267973856209 0.48828125 0.16748366013071894 0.48828125
9 0.26143790849673204 0.4755859375 0.2761437908496732 0.4755859375 0.26143790849673204 0.4931640625 0.2761437908496732 0.4931640625
9 0.2630718954248366 0.4931640625 0.2761437908496732 0.4931640625 0.2630718954248366 0.5 0.2761437908496732 0.5
9 0.2630718954248366 0.5 0.27450980392156865 0.5 0.2630718954248366 0.5087890625 0.27450980392156865 0.5087890625
9 0.3243464052287582 0.4931640625 0.3341503267973856 0.4931640625 0.3243464052287582 0.5107421875 0.3341503267973856 0.5107421875
7 0.8684640522875817 0.5234375 0.8954248366013072 0.5234375 0.8684640522875817 0.603515625 0.8954248366013072 0.603515625
7 0.8423202614379085 0.5244140625 0.8619281045751634 0.5244140625 0.8423202614379085 0.6103515625 0.8619281045751634 0.6103515625
5 0.4730392156862745 0.5478515625 0.5 0.5478515625 0.4730392156862745 0.607421875 0.5 0.607421875
2 0.511437908496732 0.50390625 0.5220588235294118 0.50390625 0.511437908496732 0.5146484375 0.5220588235294118 0.5146484375
2 0.49673202614379086 0.5029296875 0.5065359477124183 0.5029296875 0.49673202614379086 0.5146484375 0.5065359477124183 0.5146484375
2 0.48284313725490197 0.5009765625 0.4950980392156863 0.5009765625 0.48284313725490197 0.5146484375 0.4950980392156863 0.5146484375
2 0.45751633986928103 0.5068359375 0.4820261437908497 0.5068359375 0.45751633986928103 0.5263671875 0.4820261437908497 0.5263671875
2 0.4354575163398693 0.509765625 0.45669934640522875 0.509765625 0.4354575163398693 0.5341796875 0.45669934640522875 0.5341796875
2 0.3897058823529412 0.5322265625 0.43300653594771243 0.5322265625 0.3897058823529412 0.5712890625 0.43300653594771243 0.5712890625
2 0.31209150326797386 0.53125 0.3619281045751634 0.53125 0.31209150326797386 0.57421875 0.3619281045751634 0.57421875
2 0.1111111111111111 0.54296875 0.24019607843137256 0.54296875 0.1111111111111111 0.6240234375 0.24019607843137256 0.6240234375
2 0.4591503267973856 0.533203125 0.5073529411764706 0.533203125 0.4591503267973856 0.583984375 0.5073529411764706 0.583984375
2 0.5204248366013072 0.509765625 0.5367647058823529 0.509765625 0.5204248366013072 0.5283203125 0.5367647058823529 0.5283203125
7 0.4738562091503268 0.529296875 0.49836601307189543 0.529296875 0.4738562091503268 0.5927734375 0.49836601307189543 0.5927734375