9 0.6111111111111112 0.3876953125 0.6184640522875817 0.3876953125 0.6111111111111112 0.396484375 0.6184640522875817 0.396484375
9 0.6111111111111112 0.3974609375 0.6184640522875817 0.3974609375 0.6111111111111112 0.4033203125 0.6184640522875817 0.4033203125
13 0.4959150326797386 0.3916015625 0.5073529411764706 0.3916015625 0.4959150326797386 0.412109375 0.5073529411764706 0.412109375
5 0.7246732026143791 0.4248046875 0.795751633986928 0.4248046875 0.7246732026143791 0.5244140625 0.795751633986928 0.5244140625
2 0.5629084967320261 0.400390625 0.613562091503268 0.400390625 0.5629084967320261 0.44921875 0.613562091503268 0.44921875
2 0.46486928104575165 0.3974609375 0.47630718954248363 0.3974609375 0.46486928104575165 0.41015625 0.47630718954248363 0.41015625
2 0.46977124183006536 0.3896484375 0.47794117647058826 0.3896484375 0.46977124183006536 0.3974609375 0.47794117647058826 0.3974609375
2 0.5073529411764706 0.3994140625 0.5130718954248366 0.3994140625 0.5073529411764706 0.41015625 0.5130718954248366 0.41015625
2 0.5155228758169934 0.4013671875 0.5236928104575164 0.4013671875 0.5155228758169934 0.4130859375 0.5236928104575164 0.4130859375
2 0.5187908496732027 0.40625 0.5277777777777778 0.40625 0.5187908496732027 0.4150390625 0.5277777777777778 0.4150390625
2 0.545751633986928 0.40234375 0.5555555555555556 0.40234375 0.545751633986928 0.4130859375 0.5555555555555556 0.4130859375
2 0.696078431372549 0.4169921875 0.7312091503267973 0.4169921875 0.696078431372549 0.4345703125 0.7312091503267973 0.4345703125
7 0.7271241830065359 0.3974609375 0.7818627450980392 0.3974609375 0.7271241830065359 0.5009765625 0.7818627450980392 0.5009765625