4 0.235 0.363125 0.25 0.363125 0.235 0.399375 0.25 0.399375
4 0.0077777777777777776 0.360625 0.019444444444444445 0.360625 0.0077777777777777776 0.395 0.019444444444444445 0.395
4 0.7694444444444445 0.356875 0.7777777777777778 0.356875 0.7694444444444445 0.38625 0.7777777777777778 0.38625
4 0.7538888888888889 0.35875 0.7661111111111111 0.35875 0.7538888888888889 0.385625 0.7661111111111111 0.385625
4 0.7861111111111111 0.386875 0.8016666666666666 0.386875 0.7861111111111111 0.403125 0.8016666666666666 0.403125
9 0.25333333333333335 0.385 0.2644444444444444 0.385 0.25333333333333335 0.405 0.2644444444444444 0.405
9 0.785 0.375625 0.81 0.375625 0.785 0.384375 0.81 0.384375
7 0.7255555555555555 0.421875 0.7427777777777778 0.421875 0.7255555555555555 0.4375 0.7427777777777778 0.4375
7 0.005 0.44375 0.02666666666666667 0.44375 0.005 0.515625 0.02666666666666667 0.515625
2 0.475 0.441875 0.4855555555555556 0.441875 0.475 0.4575 0.4855555555555556 0.4575
2 0.44666666666666666 0.443125 0.4583333333333333 0.443125 0.44666666666666666 0.460625 0.4583333333333333 0.460625
2 0.45444444444444443 0.439375 0.47833333333333333 0.439375 0.45444444444444443 0.46 0.47833333333333333 0.46
2 0.5183333333333333 0.439375 0.5355555555555556 0.439375 0.5183333333333333 0.46 0.5355555555555556 0.46
2 0.5338888888888889 0.433125 0.5494444444444444 0.433125 0.5338888888888889 0.465 0.5494444444444444 0.465
2 0.5427777777777778 0.434375 0.5788888888888889 0.434375 0.5427777777777778 0.461875 0.5788888888888889 0.461875
2 0.38722222222222225 0.44 0.4033333333333333 0.44 0.38722222222222225 0.465625 0.4033333333333333 0.465625
2 0.3655555555555556 0.4375 0.39222222222222225 0.4375 0.3655555555555556 0.473125 0.39222222222222225 0.473125
2 0.3638888888888889 0.44125 0.3827777777777778 0.44125 0.3638888888888889 0.47625 0.3827777777777778 0.47625
2 0.31277777777777777 0.431875 0.37222222222222223 0.431875 0.31277777777777777 0.485 0.37222222222222223 0.485
2 0.3938888888888889 0.438125 0.4477777777777778 0.438125 0.3938888888888889 0.483125 0.4477777777777778 0.483125
2 0.021111111111111112 0.431875 0.21555555555555556 0.431875 0.021111111111111112 0.525 0.21555555555555556 0.525
2 0.4711111111111111 0.434375 0.8738888888888889 0.434375 0.4711111111111111 0.7175 0.8738888888888889 0.7175
2 0.8272222222222222 0.390625 0.9994444444444445 0.390625 0.8272222222222222 0.68875 0.9994444444444445 0.68875