9 0.25 0.465 0.2588888888888889 0.465 0.25 0.4825 0.2588888888888889 0.4825
9 0.25 0.45125 0.2577777777777778 0.45125 0.25 0.465 0.2577777777777778 0.465
9 0.5961111111111111 0.45 0.6055555555555555 0.45 0.5961111111111111 0.463125 0.6055555555555555 0.463125
9 0.5283333333333333 0.445 0.5344444444444445 0.445 0.5283333333333333 0.45625 0.5344444444444445 0.45625
2 0.4811111111111111 0.47875 0.5311111111111111 0.47875 0.4811111111111111 0.535625 0.5311111111111111 0.535625
2 0.4688888888888889 0.495625 0.4822222222222222 0.495625 0.4688888888888889 0.525625 0.4822222222222222 0.525625
2 0.45944444444444443 0.494375 0.47944444444444445 0.494375 0.45944444444444443 0.52 0.47944444444444445 0.52
2 0.45111111111111113 0.495625 0.4633333333333333 0.495625 0.45111111111111113 0.51625 0.4633333333333333 0.51625
2 0.4361111111111111 0.505625 0.4461111111111111 0.505625 0.4361111111111111 0.514375 0.4461111111111111 0.514375
2 0.3738888888888889 0.485 0.41055555555555556 0.485 0.3738888888888889 0.523125 0.41055555555555556 0.523125
2 0.3511111111111111 0.495625 0.375 0.495625 0.3511111111111111 0.519375 0.375 0.519375
2 0.29333333333333333 0.491875 0.3388888888888889 0.491875 0.29333333333333333 0.535625 0.3388888888888889 0.535625
2 0.2644444444444444 0.503125 0.31777777777777777 0.503125 0.2644444444444444 0.54625 0.31777777777777777 0.54625
2 0.9316666666666666 0.495625 0.9994444444444445 0.495625 0.9316666666666666 0.6 0.9994444444444445 0.6
3 0.115 0.541875 0.13055555555555556 0.541875 0.115 0.575625 0.13055555555555556 0.575625