9 0.6397058823529411 0.3603515625 0.6936274509803921 0.3603515625 0.6397058823529411 0.392578125 0.6936274509803921 0.392578125
9 0.6397058823529411 0.3447265625 0.6944444444444444 0.3447265625 0.6397058823529411 0.359375 0.6944444444444444 0.359375
9 0.4452614379084967 0.4208984375 0.4681372549019608 0.4208984375 0.4452614379084967 0.431640625 0.4681372549019608 0.431640625
9 0.5016339869281046 0.421875 0.5147058823529411 0.421875 0.5016339869281046 0.4296875 0.5147058823529411 0.4296875
9 0.11764705882352941 0.447265625 0.12908496732026145 0.447265625 0.11764705882352941 0.4609375 0.12908496732026145 0.4609375
9 0.6601307189542484 0.4482421875 0.6674836601307189 0.4482421875 0.6601307189542484 0.4560546875 0.6674836601307189 0.4560546875
13 0.6176470588235294 0.439453125 0.6470588235294118 0.439453125 0.6176470588235294 0.4755859375 0.6470588235294118 0.4755859375
13 0.5049019607843137 0.4443359375 0.5359477124183006 0.4443359375 0.5049019607843137 0.4794921875 0.5359477124183006 0.4794921875
13 0.41094771241830064 0.4541015625 0.4215686274509804 0.4541015625 0.41094771241830064 0.46484375 0.4215686274509804 0.46484375
13 0.38562091503267976 0.451171875 0.3946078431372549 0.451171875 0.38562091503267976 0.458984375 0.3946078431372549 0.458984375
13 0.3545751633986928 0.455078125 0.37336601307189543 0.455078125 0.3545751633986928 0.4755859375 0.37336601307189543 0.4755859375
13 0.13562091503267973 0.419921875 0.2679738562091503 0.419921875 0.13562091503267973 0.5263671875 0.2679738562091503 0.5263671875
5 0.5571895424836601 0.4853515625 0.5833333333333334 0.4853515625 0.5571895424836601 0.53125 0.5833333333333334 0.53125
5 0.40604575163398693 0.4775390625 0.4133986928104575 0.4775390625 0.40604575163398693 0.486328125 0.4133986928104575 0.486328125
2 0.6805555555555556 0.4736328125 0.7826797385620915 0.4736328125 0.6805555555555556 0.5576171875 0.7826797385620915 0.5576171875
2 0.9281045751633987 0.462890625 0.9722222222222222 0.462890625 0.9281045751633987 0.494140625 0.9722222222222222 0.494140625
2 0.6168300653594772 0.466796875 0.6527777777777778 0.466796875 0.6168300653594772 0.4990234375 0.6527777777777778 0.4990234375
2 0.5800653594771242 0.4736328125 0.6127450980392157 0.4736328125 0.5800653594771242 0.50390625 0.6127450980392157 0.50390625
2 0.6151960784313726 0.46875 0.6241830065359477 0.46875 0.6151960784313726 0.48828125 0.6241830065359477 0.48828125
2 0.3946078431372549 0.4892578125 0.5089869281045751 0.4892578125 0.3946078431372549 0.591796875 0.5089869281045751 0.591796875
2 0.45179738562091504 0.4775390625 0.4803921568627451 0.4775390625 0.45179738562091504 0.490234375 0.4803921568627451 0.490234375
2 0.4632352941176471 0.4697265625 0.48856209150326796 0.4697265625 0.4632352941176471 0.4912109375 0.48856209150326796 0.4912109375
2 0.505718954248366 0.4736328125 0.5367647058823529 0.4736328125 0.505718954248366 0.50390625 0.5367647058823529 0.50390625
2 0.4959150326797386 0.4697265625 0.5122549019607843 0.4697265625 0.4959150326797386 0.4873046875 0.5122549019607843 0.4873046875
2 0.49019607843137253 0.4697265625 0.4991830065359477 0.4697265625 0.49019607843137253 0.484375 0.4991830065359477 0.484375
2 0.45098039215686275 0.46875 0.4616013071895425 0.46875 0.45098039215686275 0.4765625 0.4616013071895425 0.4765625
2 0.4452614379084967 0.4638671875 0.45588235294117646 0.4638671875 0.4452614379084967 0.4716796875 0.45588235294117646 0.4716796875
2 0.4133986928104575 0.4599609375 0.42892156862745096 0.4599609375 0.4133986928104575 0.482421875 0.42892156862745096 0.482421875
2 0.3799019607843137 0.44921875 0.3880718954248366 0.44921875 0.3799019607843137 0.4580078125 0.3880718954248366 0.4580078125
2 0.369281045751634 0.451171875 0.375 0.451171875 0.369281045751634 0.45703125 0.375 0.45703125
2 0.3790849673202614 0.462890625 0.3880718954248366 0.462890625 0.3790849673202614 0.4716796875 0.3880718954248366 0.4716796875
2 0.34967320261437906 0.4521484375 0.3562091503267974 0.4521484375 0.34967320261437906 0.45703125 0.3562091503267974 0.45703125
2 0.35784313725490197 0.4736328125 0.380718954248366 0.4736328125 0.35784313725490197 0.4951171875 0.380718954248366 0.4951171875
2 0.3423202614379085 0.47265625 0.35947712418300654 0.47265625 0.3423202614379085 0.4921875 0.35947712418300654 0.4921875
2 0.3243464052287582 0.4755859375 0.352124183006536 0.4755859375 0.3243464052287582 0.501953125 0.352124183006536 0.501953125
2 0.27450980392156865 0.4794921875 0.3366013071895425 0.4794921875 0.27450980392156865 0.525390625 0.3366013071895425 0.525390625
2 0.2181372549019608 0.48046875 0.2761437908496732 0.48046875 0.2181372549019608 0.529296875 0.2761437908496732 0.529296875
2 0.010620915032679739 0.4873046875 0.1380718954248366 0.4873046875 0.010620915032679739 0.572265625 0.1380718954248366 0.572265625
2 0.08006535947712418 0.4794921875 0.10375816993464053 0.4794921875 0.08006535947712418 0.490234375 0.10375816993464053 0.490234375
2 0.0016339869281045752 0.4912109375 0.03839869281045752 0.4912109375 0.0016339869281045752 0.5224609375 0.03839869281045752 0.5224609375
2 0.04084967320261438 0.490234375 0.05310457516339869 0.490234375 0.04084967320261438 0.498046875 0.05310457516339869 0.498046875
2 0.05555555555555555 0.484375 0.07107843137254902 0.484375 0.05555555555555555 0.4931640625 0.07107843137254902 0.4931640625
7 0.5588235294117647 0.470703125 0.5816993464052288 0.470703125 0.5588235294117647 0.5302734375 0.5816993464052288 0.5302734375
7 0.40604575163398693 0.470703125 0.41421568627450983 0.470703125 0.40604575163398693 0.484375 0.41421568627450983 0.484375