4 0.5544444444444444 0.4025 0.5638888888888889 0.4025 0.5544444444444444 0.413125 0.5638888888888889 0.413125
4 0.5588888888888889 0.4225 0.565 0.4225 0.5588888888888889 0.43 0.565 0.43
4 0.4122222222222222 0.40625 0.42277777777777775 0.40625 0.4122222222222222 0.418125 0.42277777777777775 0.418125
4 0.4127777777777778 0.426875 0.42 0.426875 0.4127777777777778 0.435 0.42 0.435
9 0.7611111111111111 0.32875 0.7772222222222223 0.32875 0.7611111111111111 0.3475 0.7772222222222223 0.3475
9 0.5894444444444444 0.400625 0.6044444444444445 0.400625 0.5894444444444444 0.4175 0.6044444444444445 0.4175
9 0.43833333333333335 0.413125 0.4477777777777778 0.413125 0.43833333333333335 0.42375 0.4477777777777778 0.42375
9 0.5155555555555555 0.423125 0.5222222222222223 0.423125 0.5155555555555555 0.42875 0.5222222222222223 0.42875
7 0.7094444444444444 0.41875 0.7222222222222222 0.41875 0.7094444444444444 0.45 0.7222222222222222 0.45
2 0.43555555555555553 0.43125 0.46555555555555556 0.43125 0.43555555555555553 0.4525 0.46555555555555556 0.4525
2 0.3927777777777778 0.43125 0.4166666666666667 0.43125 0.3927777777777778 0.464375 0.4166666666666667 0.464375
2 0.3638888888888889 0.43125 0.40555555555555556 0.43125 0.3638888888888889 0.46875 0.40555555555555556 0.46875
2 0.3 0.435 0.3527777777777778 0.435 0.3 0.483125 0.3527777777777778 0.483125
2 0.275 0.436875 0.32611111111111113 0.436875 0.275 0.49375 0.32611111111111113 0.49375
2 0.19 0.434375 0.3005555555555556 0.434375 0.19 0.519375 0.3005555555555556 0.519375
2 0.16166666666666665 0.45 0.24222222222222223 0.45 0.16166666666666665 0.524375 0.24222222222222223 0.524375
2 0 0.4225 0.19055555555555556 0.4225 0 0.55875 0.19055555555555556 0.55875
2 0 0.48125 0.06166666666666667 0.48125 0 0.58375 0.06166666666666667 0.58375
2 0.8161111111111111 0.3875 0.9994444444444445 0.3875 0.8161111111111111 0.5925 0.9994444444444445 0.5925