4 0.9566993464052288 0.3857421875 0.9656862745098039 0.3857421875 0.9566993464052288 0.4091796875 0.9656862745098039 0.4091796875
4 0.9861111111111112 0.3798828125 0.9926470588235294 0.3798828125 0.9861111111111112 0.4033203125 0.9926470588235294 0.4033203125
4 0.30718954248366015 0.3017578125 0.3235294117647059 0.3017578125 0.30718954248366015 0.357421875 0.3235294117647059 0.357421875
4 0.9485294117647058 0.0947265625 0.9681372549019608 0.0947265625 0.9485294117647058 0.1640625 0.9681372549019608 0.1640625
7 0.9060457516339869 0.423828125 0.9240196078431373 0.423828125 0.9060457516339869 0.4853515625 0.9240196078431373 0.4853515625
7 0.9264705882352942 0.423828125 0.9428104575163399 0.423828125 0.9264705882352942 0.44140625 0.9428104575163399 0.44140625
7 0.9534313725490197 0.4208984375 0.9722222222222222 0.4208984375 0.9534313725490197 0.46875 0.9722222222222222 0.46875
2 0.37745098039215685 0.3056640625 0.8063725490196079 0.3056640625 0.37745098039215685 0.7861328125 0.8063725490196079 0.7861328125
2 0 0.2919921875 0.2761437908496732 0.2919921875 0 0.8642578125 0.2761437908496732 0.8642578125
2 0.20669934640522875 0.3876953125 0.38480392156862747 0.3876953125 0.20669934640522875 0.6376953125 0.38480392156862747 0.6376953125
2 0.8088235294117647 0.421875 0.8684640522875817 0.421875 0.8088235294117647 0.46484375 0.8684640522875817 0.46484375