7 0.34921875 0.4755859375 0.36328125 0.4755859375 0.34921875 0.5341796875 0.36328125 0.5341796875
0 0.3890625 0.5478515625 0.4296875 0.5478515625 0.3890625 0.650390625 0.4296875 0.650390625
2 0 0.498046875 0.15703125 0.498046875 0 0.68359375 0.15703125 0.68359375
2 0.09140625 0.474609375 0.1578125 0.474609375 0.09140625 0.5107421875 0.1578125 0.5107421875
2 0.1640625 0.4638671875 0.2296875 0.4638671875 0.1640625 0.5107421875 0.2296875 0.5107421875
2 0.14140625 0.5166015625 0.21953125 0.5166015625 0.14140625 0.6318359375 0.21953125 0.6318359375
2 0.171875 0.5068359375 0.25859375 0.5068359375 0.171875 0.59765625 0.25859375 0.59765625
2 0.21640625 0.4970703125 0.28984375 0.4970703125 0.21640625 0.576171875 0.28984375 0.576171875
2 0.2453125 0.4677734375 0.32421875 0.4677734375 0.2453125 0.5556640625 0.32421875 0.5556640625
2 0.315625 0.4814453125 0.3515625 0.4814453125 0.315625 0.5322265625 0.3515625 0.5322265625
2 0.33828125 0.4755859375 0.37265625 0.4755859375 0.33828125 0.51171875 0.37265625 0.51171875
2 0.359375 0.4716796875 0.38671875 0.4716796875 0.359375 0.501953125 0.38671875 0.501953125
2 0.41796875 0.46484375 0.44296875 0.46484375 0.41796875 0.4892578125 0.44296875 0.4892578125
2 0.496875 0.4638671875 0.53984375 0.4638671875 0.496875 0.498046875 0.53984375 0.498046875
2 0.540625 0.4677734375 0.6078125 0.4677734375 0.540625 0.486328125 0.6078125 0.486328125
2 0.525 0.482421875 0.5703125 0.482421875 0.525 0.5517578125 0.5703125 0.5517578125
2 0.53828125 0.494140625 0.56484375 0.494140625 0.53828125 0.5654296875 0.56484375 0.5654296875
2 0.546875 0.4833984375 0.6015625 0.4833984375 0.546875 0.587890625 0.6015625 0.587890625
2 0.5671875 0.4775390625 0.684375 0.4775390625 0.5671875 0.6240234375 0.684375 0.6240234375
6 0.678125 0.435546875 0.82421875 0.435546875 0.678125 0.66796875 0.82421875 0.66796875
2 0.67890625 0.5400390625 0.9671875 0.5400390625 0.67890625 0.8095703125 0.9671875 0.8095703125
2 0.64609375 0.4658203125 0.696875 0.4658203125 0.64609375 0.484375 0.696875 0.484375
2 0.5921875 0.4580078125 0.62421875 0.4580078125 0.5921875 0.478515625 0.62421875 0.478515625
7 0.38125 0.470703125 0.43203125 0.470703125 0.38125 0.623046875 0.43203125 0.623046875
7 0.48359375 0.4755859375 0.53203125 0.4755859375 0.48359375 0.642578125 0.53203125 0.642578125
10 0.49375 0.638671875 0.51328125 0.638671875 0.49375 0.6533203125 0.51328125 0.6533203125
2 0.6359375 0.494140625 0.6828125 0.494140625 0.6359375 0.666015625 0.6828125 0.666015625