4 0.8984375 0.3623046875 0.9203125 0.3623046875 0.8984375 0.3896484375 0.9203125 0.3896484375
4 0.90078125 0.3642578125 0.91875 0.3642578125 0.90078125 0.3876953125 0.91875 0.3876953125
4 0.88359375 0.4052734375 0.890625 0.4052734375 0.88359375 0.4228515625 0.890625 0.4228515625
4 0.6203125 0.435546875 0.63125 0.435546875 0.6203125 0.4501953125 0.63125 0.4501953125
4 0.55 0.4453125 0.55546875 0.4453125 0.55 0.453125 0.55546875 0.453125
4 0.51328125 0.439453125 0.521875 0.439453125 0.51328125 0.451171875 0.521875 0.451171875
4 0.5140625 0.458984375 0.51875 0.458984375 0.5140625 0.46484375 0.51875 0.46484375
4 0 0.3349609375 0.009375 0.3349609375 0 0.39453125 0.009375 0.39453125
9 0.89921875 0.48046875 0.9125 0.48046875 0.89921875 0.5048828125 0.9125 0.5048828125
9 0.88203125 0.43359375 0.93203125 0.43359375 0.88203125 0.45703125 0.93203125 0.45703125
9 0.91171875 0.4052734375 0.96015625 0.4052734375 0.91171875 0.4248046875 0.96015625 0.4248046875
9 0.79296875 0.4228515625 0.8046875 0.4228515625 0.79296875 0.431640625 0.8046875 0.431640625
2 0.14453125 0.5166015625 0.50546875 0.5166015625 0.14453125 0.673828125 0.50546875 0.673828125
2 0.59296875 0.4677734375 0.61171875 0.4677734375 0.59296875 0.4892578125 0.61171875 0.4892578125