1 0.33088235294117646 0.478515625 0.41748366013071897 0.478515625 0.33088235294117646 0.5126953125 0.41748366013071897 0.5126953125
4 0.38643790849673204 0.4619140625 0.3929738562091503 0.4619140625 0.38643790849673204 0.478515625 0.3929738562091503 0.478515625
4 0.44689542483660133 0.466796875 0.45179738562091504 0.466796875 0.44689542483660133 0.4814453125 0.45179738562091504 0.4814453125
4 0.6274509803921569 0.4638671875 0.6331699346405228 0.4638671875 0.6274509803921569 0.478515625 0.6331699346405228 0.478515625
4 0.5343137254901961 0.4541015625 0.5408496732026143 0.4541015625 0.5343137254901961 0.47265625 0.5408496732026143 0.47265625
4 0.511437908496732 0.46875 0.5163398692810458 0.46875 0.511437908496732 0.474609375 0.5163398692810458 0.474609375
4 0.5678104575163399 0.474609375 0.5702614379084967 0.474609375 0.5678104575163399 0.4814453125 0.5702614379084967 0.4814453125
9 0.6037581699346405 0.451171875 0.6274509803921569 0.451171875 0.6037581699346405 0.46484375 0.6274509803921569 0.46484375
9 0.6037581699346405 0.46484375 0.6266339869281046 0.46484375 0.6037581699346405 0.482421875 0.6266339869281046 0.482421875
9 0.8382352941176471 0.4169921875 0.8643790849673203 0.4169921875 0.8382352941176471 0.44921875 0.8643790849673203 0.44921875
9 0.8382352941176471 0.4111328125 0.863562091503268 0.4111328125 0.8382352941176471 0.44140625 0.863562091503268 0.44140625
9 0.8382352941176471 0.44140625 0.863562091503268 0.44140625 0.8382352941176471 0.470703125 0.863562091503268 0.470703125
9 0.8390522875816994 0.4716796875 0.8619281045751634 0.4716796875 0.8390522875816994 0.5029296875 0.8619281045751634 0.5029296875
9 0.6004901960784313 0.4130859375 0.6315359477124183 0.4130859375 0.6004901960784313 0.451171875 0.6315359477124183 0.451171875
9 0.5857843137254902 0.5146484375 0.6070261437908496 0.5146484375 0.5857843137254902 0.5283203125 0.6070261437908496 0.5283203125
9 0.625 0.515625 0.6544117647058824 0.515625 0.625 0.529296875 0.6544117647058824 0.529296875
9 0.5947712418300654 0.447265625 0.6004901960784313 0.447265625 0.5947712418300654 0.455078125 0.6004901960784313 0.455078125
7 0.2034313725490196 0.5 0.21405228758169934 0.5 0.2034313725490196 0.552734375 0.21405228758169934 0.552734375
7 0.17892156862745098 0.5048828125 0.1895424836601307 0.5048828125 0.17892156862745098 0.5537109375 0.1895424836601307 0.5537109375
13 0.4681372549019608 0.4765625 0.5073529411764706 0.4765625 0.4681372549019608 0.5390625 0.5073529411764706 0.5390625
5 0.3815359477124183 0.5087890625 0.4019607843137255 0.5087890625 0.3815359477124183 0.529296875 0.4019607843137255 0.529296875
5 0.3709150326797386 0.5068359375 0.3937908496732026 0.5068359375 0.3709150326797386 0.51953125 0.3937908496732026 0.51953125
2 0 0.4970703125 0.17973856209150327 0.4970703125 0 0.6689453125 0.17973856209150327 0.6689453125
2 0.21650326797385622 0.4638671875 0.3276143790849673 0.4638671875 0.21650326797385622 0.59765625 0.3276143790849673 0.59765625
2 0.31209150326797386 0.48828125 0.35947712418300654 0.48828125 0.31209150326797386 0.5791015625 0.35947712418300654 0.5791015625
2 0.3553921568627451 0.5146484375 0.3946078431372549 0.5146484375 0.3553921568627451 0.5576171875 0.3946078431372549 0.5576171875
2 0.5661764705882353 0.49609375 0.5923202614379085 0.49609375 0.5661764705882353 0.509765625 0.5923202614379085 0.509765625
2 0.5383986928104575 0.49609375 0.5522875816993464 0.49609375 0.5383986928104575 0.509765625 0.5522875816993464 0.509765625
2 0.5277777777777778 0.49609375 0.5392156862745098 0.49609375 0.5277777777777778 0.509765625 0.5392156862745098 0.509765625
2 0.5196078431372549 0.4990234375 0.5285947712418301 0.4990234375 0.5196078431372549 0.509765625 0.5285947712418301 0.509765625
2 0.7785947712418301 0.541015625 0.9991830065359477 0.541015625 0.7785947712418301 0.7451171875 0.9991830065359477 0.7451171875
2 0.5040849673202614 0.501953125 0.5155228758169934 0.501953125 0.5040849673202614 0.517578125 0.5155228758169934 0.517578125
2 0.434640522875817 0.494140625 0.4959150326797386 0.494140625 0.434640522875817 0.51953125 0.4959150326797386 0.51953125
2 0.4133986928104575 0.5146484375 0.5171568627450981 0.5146484375 0.4133986928104575 0.61328125 0.5171568627450981 0.61328125
6 0.6723856209150327 0.484375 0.7116013071895425 0.484375 0.6723856209150327 0.517578125 0.7116013071895425 0.517578125