4 0.39794921875 0.5130208333333334 0.408203125 0.5130208333333334 0.39794921875 0.541015625 0.408203125 0.541015625
4 0.63330078125 0.5104166666666666 0.64501953125 0.5104166666666666 0.63330078125 0.5436197916666666 0.64501953125 0.5436197916666666
4 0.7607421875 0.353515625 0.7900390625 0.353515625 0.7607421875 0.4498697916666667 0.7900390625 0.4498697916666667
4 0.75439453125 0.4772135416666667 0.77392578125 0.4772135416666667 0.75439453125 0.515625 0.77392578125 0.515625
9 0.75390625 0.451171875 0.80810546875 0.451171875 0.75390625 0.4772135416666667 0.80810546875 0.4772135416666667
9 0.76123046875 0.5462239583333334 0.775390625 0.5462239583333334 0.76123046875 0.5716145833333334 0.775390625 0.5716145833333334
9 0.19921875 0.4967447916666667 0.2197265625 0.4967447916666667 0.19921875 0.5247395833333334 0.2197265625 0.5247395833333334
7 0.228515625 0.552734375 0.26416015625 0.552734375 0.228515625 0.6901041666666666 0.26416015625 0.6901041666666666
7 0.20166015625 0.544921875 0.251953125 0.544921875 0.20166015625 0.697265625 0.251953125 0.697265625
7 0.34228515625 0.556640625 0.3515625 0.556640625 0.34228515625 0.5846354166666666 0.3515625 0.5846354166666666
7 0.3603515625 0.5579427083333334 0.37158203125 0.5579427083333334 0.3603515625 0.5885416666666666 0.37158203125 0.5885416666666666
2 0.5380859375 0.5625 0.564453125 0.5625 0.5380859375 0.595703125 0.564453125 0.595703125
2 0.59130859375 0.5618489583333334 0.62255859375 0.5618489583333334 0.59130859375 0.591796875 0.62255859375 0.591796875