9 0.7 0.415 0.7161111111111111 0.415 0.7 0.421875 0.7161111111111111 0.421875
9 0.695 0.38875 0.7211111111111111 0.38875 0.695 0.415 0.7211111111111111 0.415
9 0.7066666666666667 0.3525 0.7422222222222222 0.3525 0.7066666666666667 0.39125 0.7422222222222222 0.39125
7 0.6133333333333333 0.443125 0.625 0.443125 0.6133333333333333 0.468125 0.625 0.468125
2 0.7283333333333334 0.436875 0.7572222222222222 0.436875 0.7283333333333334 0.465625 0.7572222222222222 0.465625
2 0.7972222222222223 0.44125 0.8111111111111111 0.44125 0.7972222222222223 0.45875 0.8111111111111111 0.45875
2 0.8211111111111111 0.44625 0.8294444444444444 0.44625 0.8211111111111111 0.455625 0.8294444444444444 0.455625
2 0.5388888888888889 0.445625 0.5911111111111111 0.445625 0.5388888888888889 0.48375 0.5911111111111111 0.48375
2 0.1622222222222222 0.416875 0.37555555555555553 0.416875 0.1622222222222222 0.57625 0.37555555555555553 0.57625
3 0.44555555555555554 0.4625 0.45611111111111113 0.4625 0.44555555555555554 0.48875 0.45611111111111113 0.48875
3 0.7061111111111111 0.45375 0.7111111111111111 0.45375 0.7061111111111111 0.461875 0.7111111111111111 0.461875