9 0.09967320261437909 0.43359375 0.12826797385620914 0.43359375 0.09967320261437909 0.4462890625 0.12826797385620914 0.4462890625
9 0.10130718954248366 0.40234375 0.12826797385620914 0.40234375 0.10130718954248366 0.43359375 0.12826797385620914 0.43359375
9 0.21895424836601307 0.48046875 0.22875816993464052 0.48046875 0.21895424836601307 0.4931640625 0.22875816993464052 0.4931640625
9 0.21895424836601307 0.4697265625 0.22875816993464052 0.4697265625 0.21895424836601307 0.48046875 0.22875816993464052 0.48046875
9 0.2508169934640523 0.4931640625 0.2565359477124183 0.4931640625 0.2508169934640523 0.5 0.2565359477124183 0.5
9 0.2508169934640523 0.5 0.2565359477124183 0.5 0.2508169934640523 0.5078125 0.2565359477124183 0.5078125
9 0.2581699346405229 0.494140625 0.2622549019607843 0.494140625 0.2581699346405229 0.5 0.2622549019607843 0.5
9 0.2581699346405229 0.5 0.2622549019607843 0.5 0.2581699346405229 0.505859375 0.2622549019607843 0.505859375
7 0.44362745098039214 0.5107421875 0.4550653594771242 0.5107421875 0.44362745098039214 0.53125 0.4550653594771242 0.53125
5 0.4411764705882353 0.5537109375 0.4812091503267974 0.5537109375 0.4411764705882353 0.63671875 0.4812091503267974 0.63671875
2 0.29248366013071897 0.51171875 0.29983660130718953 0.51171875 0.29248366013071897 0.5205078125 0.29983660130718953 0.5205078125
2 0.2769607843137255 0.515625 0.28431372549019607 0.515625 0.2769607843137255 0.525390625 0.28431372549019607 0.525390625
2 0.3006535947712418 0.5126953125 0.3047385620915033 0.5126953125 0.3006535947712418 0.521484375 0.3047385620915033 0.521484375
2 0.30392156862745096 0.51171875 0.3104575163398693 0.51171875 0.30392156862745096 0.5244140625 0.3104575163398693 0.5244140625
2 0.30637254901960786 0.5126953125 0.31862745098039214 0.5126953125 0.30637254901960786 0.52734375 0.31862745098039214 0.52734375
2 0.25980392156862747 0.513671875 0.28104575163398693 0.513671875 0.25980392156862747 0.5400390625 0.28104575163398693 0.5400390625
2 0.2589869281045752 0.5185546875 0.27532679738562094 0.5185546875 0.2589869281045752 0.5498046875 0.27532679738562094 0.5498046875
2 0.2181372549019608 0.5078125 0.27124183006535946 0.5078125 0.2181372549019608 0.578125 0.27124183006535946 0.578125
2 0.2173202614379085 0.5146484375 0.2565359477124183 0.5146484375 0.2173202614379085 0.5927734375 0.2565359477124183 0.5927734375
2 0 0.4794921875 0.23284313725490197 0.4794921875 0 0.74609375 0.23284313725490197 0.74609375
2 0 0.5849609375 0.1919934640522876 0.5849609375 0 0.953125 0.1919934640522876 0.953125
2 0.31699346405228757 0.5146484375 0.33169934640522875 0.5146484375 0.31699346405228757 0.5341796875 0.33169934640522875 0.5341796875
2 0.3194444444444444 0.5166015625 0.33088235294117646 0.5166015625 0.3194444444444444 0.5390625 0.33088235294117646 0.5390625
2 0.3227124183006536 0.517578125 0.3374183006535948 0.517578125 0.3227124183006536 0.541015625 0.3374183006535948 0.541015625
2 0.3243464052287582 0.51953125 0.3423202614379085 0.51953125 0.3243464052287582 0.546875 0.3423202614379085 0.546875
2 0.3341503267973856 0.5205078125 0.352124183006536 0.5205078125 0.3341503267973856 0.5498046875 0.352124183006536 0.5498046875
2 0.34395424836601307 0.521484375 0.3660130718954248 0.521484375 0.34395424836601307 0.5595703125 0.3660130718954248 0.5595703125
2 0.35784313725490197 0.5087890625 0.4223856209150327 0.5087890625 0.35784313725490197 0.5791015625 0.4223856209150327 0.5791015625
2 0.3799019607843137 0.5234375 0.4395424836601307 0.5234375 0.3799019607843137 0.591796875 0.4395424836601307 0.591796875
2 0.40032679738562094 0.529296875 0.4452614379084967 0.529296875 0.40032679738562094 0.61328125 0.4452614379084967 0.61328125
2 0.4223856209150327 0.5302734375 0.49019607843137253 0.5302734375 0.4223856209150327 0.62109375 0.49019607843137253 0.62109375
2 0.46405228758169936 0.509765625 0.6666666666666666 0.509765625 0.46405228758169936 0.69140625 0.6666666666666666 0.69140625
2 0.5629084967320261 0.5634765625 0.880718954248366 0.5634765625 0.5629084967320261 0.8076171875 0.880718954248366 0.8076171875
2 0.7418300653594772 0.5771484375 0.9991830065359477 0.5771484375 0.7418300653594772 0.9658203125 0.9991830065359477 0.9658203125