9 0.815359477124183 0.4013671875 0.8741830065359477 0.4013671875 0.815359477124183 0.4638671875 0.8741830065359477 0.4638671875
9 0.8333333333333334 0.4638671875 0.8602941176470589 0.4638671875 0.8333333333333334 0.4833984375 0.8602941176470589 0.4833984375
9 0.5310457516339869 0.455078125 0.5449346405228758 0.455078125 0.5310457516339869 0.462890625 0.5449346405228758 0.462890625
9 0.5490196078431373 0.453125 0.5637254901960784 0.453125 0.5490196078431373 0.4609375 0.5637254901960784 0.4609375
13 0.5939542483660131 0.4482421875 0.6209150326797386 0.4482421875 0.5939542483660131 0.455078125 0.6209150326797386 0.455078125
2 0 0.515625 0.17565359477124182 0.515625 0 0.7880859375 0.17565359477124182 0.7880859375
2 0.3880718954248366 0.482421875 0.41094771241830064 0.482421875 0.3880718954248366 0.51171875 0.41094771241830064 0.51171875
2 0.40032679738562094 0.4814453125 0.45016339869281047 0.4814453125 0.40032679738562094 0.5283203125 0.45016339869281047 0.5283203125
2 0.48284313725490197 0.478515625 0.5187908496732027 0.478515625 0.48284313725490197 0.5107421875 0.5187908496732027 0.5107421875
2 0.5089869281045751 0.4775390625 0.5236928104575164 0.4775390625 0.5089869281045751 0.494140625 0.5236928104575164 0.494140625
2 0.5245098039215687 0.474609375 0.5351307189542484 0.474609375 0.5245098039215687 0.4853515625 0.5351307189542484 0.4853515625
2 0.5465686274509803 0.4755859375 0.5694444444444444 0.4755859375 0.5465686274509803 0.4970703125 0.5694444444444444 0.4970703125
2 0.5473856209150327 0.4736328125 0.5563725490196079 0.4736328125 0.5473856209150327 0.482421875 0.5563725490196079 0.482421875
2 0.5678104575163399 0.47265625 0.579248366013072 0.47265625 0.5678104575163399 0.484375 0.579248366013072 0.484375
2 0.571078431372549 0.4697265625 0.579248366013072 0.4697265625 0.571078431372549 0.4765625 0.579248366013072 0.4765625
2 0.579248366013072 0.47265625 0.5816993464052288 0.47265625 0.579248366013072 0.478515625 0.5816993464052288 0.478515625
2 0.579248366013072 0.46875 0.5849673202614379 0.46875 0.579248366013072 0.4765625 0.5849673202614379 0.4765625
2 0.5882352941176471 0.4697265625 0.5947712418300654 0.4697265625 0.5882352941176471 0.4765625 0.5947712418300654 0.4765625