9 0.8661111111111112 0.331875 0.8866666666666667 0.331875 0.8661111111111112 0.365625 0.8866666666666667 0.365625
9 0.1322222222222222 0.385 0.14333333333333334 0.385 0.1322222222222222 0.41375 0.14333333333333334 0.41375
0 0.5333333333333333 0.443125 0.5411111111111111 0.443125 0.5333333333333333 0.46125 0.5411111111111111 0.46125
0 0.5433333333333333 0.448125 0.5522222222222222 0.448125 0.5433333333333333 0.46625 0.5522222222222222 0.46625
0 0.5638888888888889 0.449375 0.5744444444444444 0.449375 0.5638888888888889 0.46875 0.5744444444444444 0.46875
0 0.5805555555555556 0.450625 0.59 0.450625 0.5805555555555556 0.473125 0.59 0.473125
0 0.5883333333333334 0.451875 0.5988888888888889 0.451875 0.5883333333333334 0.475625 0.5988888888888889 0.475625
0 0.5994444444444444 0.46625 0.6161111111111112 0.46625 0.5994444444444444 0.496875 0.6161111111111112 0.496875
0 0.6183333333333333 0.468125 0.6366666666666667 0.468125 0.6183333333333333 0.504375 0.6366666666666667 0.504375
0 0.6561111111111111 0.47875 0.6722222222222223 0.47875 0.6561111111111111 0.515 0.6722222222222223 0.515
0 0.6361111111111111 0.469375 0.6588888888888889 0.469375 0.6361111111111111 0.52625 0.6588888888888889 0.52625
0 0.6983333333333334 0.47625 0.7311111111111112 0.47625 0.6983333333333334 0.541875 0.7311111111111112 0.541875
0 0.7133333333333334 0.4725 0.7638888888888888 0.4725 0.7133333333333334 0.56625 0.7638888888888888 0.56625
0 0.8527777777777777 0.50625 0.9266666666666666 0.50625 0.8527777777777777 0.620625 0.9266666666666666 0.620625
0 0.37277777777777776 0.45 0.3844444444444444 0.45 0.37277777777777776 0.470625 0.3844444444444444 0.470625
2 0.39611111111111114 0.431875 0.4338888888888889 0.431875 0.39611111111111114 0.47 0.4338888888888889 0.47
2 0.42277777777777775 0.42625 0.4488888888888889 0.42625 0.42277777777777775 0.456875 0.4488888888888889 0.456875
2 0.4444444444444444 0.42625 0.46111111111111114 0.42625 0.4444444444444444 0.45 0.46111111111111114 0.45
2 0.7616666666666667 0.44625 0.8444444444444444 0.44625 0.7616666666666667 0.544375 0.8444444444444444 0.544375
2 0.8088888888888889 0.400625 0.9994444444444445 0.400625 0.8088888888888889 0.580625 0.9994444444444445 0.580625
2 0.6683333333333333 0.444375 0.7044444444444444 0.444375 0.6683333333333333 0.5025 0.7044444444444444 0.5025
2 0.555 0.430625 0.5866666666666667 0.430625 0.555 0.46125 0.5866666666666667 0.46125
2 0.5455555555555556 0.428125 0.5638888888888889 0.428125 0.5455555555555556 0.45 0.5638888888888889 0.45
2 0.5338888888888889 0.425625 0.5533333333333333 0.425625 0.5338888888888889 0.44625 0.5533333333333333 0.44625
7 0.5333333333333333 0.430625 0.5411111111111111 0.430625 0.5333333333333333 0.4575 0.5411111111111111 0.4575
7 0.5433333333333333 0.433125 0.5522222222222222 0.433125 0.5433333333333333 0.461875 0.5522222222222222 0.461875
7 0.5611111111111111 0.430625 0.5744444444444444 0.430625 0.5611111111111111 0.464375 0.5744444444444444 0.464375
7 0.5788888888888889 0.433125 0.5877777777777777 0.433125 0.5788888888888889 0.465 0.5877777777777777 0.465
7 0.5844444444444444 0.429375 0.6 0.429375 0.5844444444444444 0.470625 0.6 0.470625
7 0.5966666666666667 0.44125 0.6161111111111112 0.44125 0.5966666666666667 0.495 0.6161111111111112 0.495
7 0.6177777777777778 0.438125 0.6361111111111111 0.438125 0.6177777777777778 0.499375 0.6361111111111111 0.499375
7 0.6327777777777778 0.42125 0.6588888888888889 0.42125 0.6327777777777778 0.509375 0.6588888888888889 0.509375
7 0.6572222222222223 0.44125 0.6722222222222223 0.44125 0.6572222222222223 0.504375 0.6722222222222223 0.504375
7 0.6911111111111111 0.43125 0.7294444444444445 0.43125 0.6911111111111111 0.5325 0.7294444444444445 0.5325
7 0.7138888888888889 0.406875 0.77 0.406875 0.7138888888888889 0.55625 0.77 0.55625
7 0.8533333333333334 0.415 0.9272222222222222 0.415 0.8533333333333334 0.596875 0.9272222222222222 0.596875