9 0.7977777777777778 0.375625 0.8072222222222222 0.375625 0.7977777777777778 0.390625 0.8072222222222222 0.390625
9 0.05333333333333334 0.335625 0.08277777777777778 0.335625 0.05333333333333334 0.374375 0.08277777777777778 0.374375
9 0.5194444444444445 0.38625 0.5266666666666666 0.38625 0.5194444444444445 0.400625 0.5266666666666666 0.400625
0 0.08611111111111111 0.44875 0.145 0.44875 0.08611111111111111 0.51125 0.145 0.51125
0 0.16111111111111112 0.45 0.20666666666666667 0.45 0.16111111111111112 0.5025 0.20666666666666667 0.5025
0 0.2511111111111111 0.446875 0.29555555555555557 0.446875 0.2511111111111111 0.48875 0.29555555555555557 0.48875
0 0.3327777777777778 0.443125 0.3622222222222222 0.443125 0.3327777777777778 0.4825 0.3622222222222222 0.4825
0 0.4061111111111111 0.436875 0.4288888888888889 0.436875 0.4061111111111111 0.474375 0.4288888888888889 0.474375
0 0.4572222222222222 0.435625 0.48277777777777775 0.435625 0.4572222222222222 0.466875 0.48277777777777775 0.466875
0 0.48444444444444446 0.4375 0.5072222222222222 0.4375 0.48444444444444446 0.465625 0.5072222222222222 0.465625
0 0.5155555555555555 0.438125 0.5311111111111111 0.438125 0.5155555555555555 0.463125 0.5311111111111111 0.463125
0 0.5427777777777778 0.435625 0.5622222222222222 0.435625 0.5427777777777778 0.46 0.5622222222222222 0.46
0 0.565 0.435625 0.585 0.435625 0.565 0.45875 0.585 0.45875
0 0.5861111111111111 0.430625 0.5966666666666667 0.430625 0.5861111111111111 0.45125 0.5966666666666667 0.45125
2 0.7477777777777778 0.400625 0.805 0.400625 0.7477777777777778 0.46 0.805 0.46
2 0.0033333333333333335 0.3925 0.20166666666666666 0.3925 0.0033333333333333335 0.47625 0.20166666666666666 0.47625
7 0.09 0.403125 0.13666666666666666 0.403125 0.09 0.498125 0.13666666666666666 0.498125
7 0.16722222222222222 0.416875 0.20055555555555554 0.416875 0.16722222222222222 0.486875 0.20055555555555554 0.486875
7 0.25555555555555554 0.413125 0.28944444444444445 0.413125 0.25555555555555554 0.485625 0.28944444444444445 0.485625
7 0.3338888888888889 0.419375 0.35833333333333334 0.419375 0.3338888888888889 0.4725 0.35833333333333334 0.4725
7 0.4022222222222222 0.41125 0.42944444444444446 0.41125 0.4022222222222222 0.466875 0.42944444444444446 0.466875
7 0.4583333333333333 0.40625 0.4772222222222222 0.40625 0.4583333333333333 0.450625 0.4772222222222222 0.450625
7 0.48777777777777775 0.41625 0.5011111111111111 0.41625 0.48777777777777775 0.454375 0.5011111111111111 0.454375
7 0.5177777777777778 0.420625 0.5283333333333333 0.420625 0.5177777777777778 0.454375 0.5283333333333333 0.454375
7 0.5433333333333333 0.418125 0.5577777777777778 0.418125 0.5433333333333333 0.45625 0.5577777777777778 0.45625
7 0.5866666666666667 0.413125 0.5972222222222222 0.413125 0.5866666666666667 0.444375 0.5972222222222222 0.444375
7 0.5694444444444444 0.418125 0.5838888888888889 0.418125 0.5694444444444444 0.450625 0.5838888888888889 0.450625
7 0.5577777777777778 0.42 0.5705555555555556 0.42 0.5577777777777778 0.445625 0.5705555555555556 0.445625