4 0.6609375 0.41015625 0.67421875 0.41015625 0.6609375 0.439453125 0.67421875 0.439453125
4 0.5125 0.33203125 0.5265625 0.33203125 0.5125 0.361328125 0.5265625 0.361328125
7 0.17734375 0.48828125 0.1921875 0.48828125 0.17734375 0.5361328125 0.1921875 0.5361328125
7 0.16640625 0.486328125 0.17578125 0.486328125 0.16640625 0.53125 0.17578125 0.53125
2 0.6765625 0.4677734375 0.7671875 0.4677734375 0.6765625 0.5537109375 0.7671875 0.5537109375
2 0.58515625 0.482421875 0.62734375 0.482421875 0.58515625 0.521484375 0.62734375 0.521484375
2 0.38203125 0.4775390625 0.40078125 0.4775390625 0.38203125 0.4970703125 0.40078125 0.4970703125
2 0.36875 0.48046875 0.38515625 0.48046875 0.36875 0.5009765625 0.38515625 0.5009765625
2 0.3453125 0.48828125 0.37109375 0.48828125 0.3453125 0.5078125 0.37109375 0.5078125
2 0.4734375 0.4677734375 0.49921875 0.4677734375 0.4734375 0.4873046875 0.49921875 0.4873046875
3 0.96328125 0.5380859375 0.9828125 0.5380859375 0.96328125 0.587890625 0.9828125 0.587890625
2 0.525 0.4638671875 0.54609375 0.4638671875 0.525 0.4912109375 0.54609375 0.4912109375