9 0.6605555555555556 0.361875 0.6738888888888889 0.361875 0.6605555555555556 0.386875 0.6738888888888889 0.386875
9 0.545 0.3875 0.5511111111111111 0.3875 0.545 0.398125 0.5511111111111111 0.398125
9 0.5216666666666666 0.375 0.5288888888888889 0.375 0.5216666666666666 0.385625 0.5288888888888889 0.385625
9 0.5194444444444445 0.3875 0.5311111111111111 0.3875 0.5194444444444445 0.390625 0.5311111111111111 0.390625
9 0.2811111111111111 0.38875 0.28888888888888886 0.38875 0.2811111111111111 0.401875 0.28888888888888886 0.401875
9 0.3827777777777778 0.401875 0.3877777777777778 0.401875 0.3827777777777778 0.41 0.3877777777777778 0.41
2 0.5711111111111111 0.42125 0.7005555555555556 0.42125 0.5711111111111111 0.53625 0.7005555555555556 0.53625
2 0.535 0.42125 0.5961111111111111 0.42125 0.535 0.485 0.5961111111111111 0.485
2 0.5122222222222222 0.411875 0.5588888888888889 0.411875 0.5122222222222222 0.459375 0.5588888888888889 0.459375
2 0.5044444444444445 0.408125 0.5383333333333333 0.408125 0.5044444444444445 0.4475 0.5383333333333333 0.4475
2 0.4911111111111111 0.413125 0.5105555555555555 0.413125 0.4911111111111111 0.435 0.5105555555555555 0.435
2 0.48388888888888887 0.39625 0.49444444444444446 0.39625 0.48388888888888887 0.4075 0.49444444444444446 0.4075
2 0.4816666666666667 0.385625 0.49166666666666664 0.385625 0.4816666666666667 0.39625 0.49166666666666664 0.39625
2 0.4066666666666667 0.413125 0.425 0.413125 0.4066666666666667 0.43375 0.425 0.43375
2 0.09055555555555556 0.4525 0.21055555555555555 0.4525 0.09055555555555556 0.555625 0.21055555555555555 0.555625