4 0.8300653594771242 0.439453125 0.8578431372549019 0.439453125 0.8300653594771242 0.47265625 0.8578431372549019 0.47265625
4 0.5245098039215687 0.5029296875 0.5285947712418301 0.5029296875 0.5245098039215687 0.5146484375 0.5285947712418301 0.5146484375
4 0.40522875816993464 0.5087890625 0.4084967320261438 0.5087890625 0.40522875816993464 0.5205078125 0.4084967320261438 0.5205078125
9 0.8341503267973857 0.29296875 0.8986928104575164 0.29296875 0.8341503267973857 0.37109375 0.8986928104575164 0.37109375
9 0.8406862745098039 0.37109375 0.8937908496732027 0.37109375 0.8406862745098039 0.3994140625 0.8937908496732027 0.3994140625
9 0.8406862745098039 0.3994140625 0.8946078431372549 0.3994140625 0.8406862745098039 0.4384765625 0.8946078431372549 0.4384765625
9 0.5498366013071896 0.4755859375 0.559640522875817 0.4755859375 0.5498366013071896 0.4873046875 0.559640522875817 0.4873046875
9 0.5498366013071896 0.4873046875 0.5588235294117647 0.4873046875 0.5498366013071896 0.4931640625 0.5588235294117647 0.4931640625
9 0.5506535947712419 0.4931640625 0.5588235294117647 0.4931640625 0.5506535947712419 0.4990234375 0.5588235294117647 0.4990234375
9 0.5285947712418301 0.484375 0.5351307189542484 0.484375 0.5285947712418301 0.4921875 0.5351307189542484 0.4921875
9 0.5294117647058824 0.4921875 0.5351307189542484 0.4921875 0.5294117647058824 0.49609375 0.5351307189542484 0.49609375
9 0.41748366013071897 0.5078125 0.42401960784313725 0.5078125 0.41748366013071897 0.5166015625 0.42401960784313725 0.5166015625
9 0.41830065359477125 0.5166015625 0.42320261437908496 0.5166015625 0.41830065359477125 0.5205078125 0.42320261437908496 0.5205078125
9 0.3488562091503268 0.498046875 0.3553921568627451 0.498046875 0.3488562091503268 0.5078125 0.3553921568627451 0.5078125
9 0.3488562091503268 0.5078125 0.3553921568627451 0.5078125 0.3488562091503268 0.513671875 0.3553921568627451 0.513671875
7 0.7810457516339869 0.5419921875 0.795751633986928 0.5419921875 0.7810457516339869 0.6025390625 0.795751633986928 0.6025390625
7 0.6299019607843137 0.5205078125 0.6380718954248366 0.5205078125 0.6299019607843137 0.548828125 0.6380718954248366 0.548828125
7 0.4215686274509804 0.5283203125 0.4256535947712418 0.5283203125 0.4215686274509804 0.54296875 0.4256535947712418 0.54296875
7 0.2883986928104575 0.52734375 0.2973856209150327 0.52734375 0.2883986928104575 0.5615234375 0.2973856209150327 0.5615234375
7 0.3145424836601307 0.52734375 0.3243464052287582 0.52734375 0.3145424836601307 0.5625 0.3243464052287582 0.5625
7 0.3235294117647059 0.5263671875 0.33169934640522875 0.5263671875 0.3235294117647059 0.560546875 0.33169934640522875 0.560546875
7 0.03104575163398693 0.5205078125 0.049836601307189546 0.5205078125 0.03104575163398693 0.5537109375 0.049836601307189546 0.5537109375
7 0.004084967320261438 0.525390625 0.013888888888888888 0.525390625 0.004084967320261438 0.5615234375 0.013888888888888888 0.5615234375
7 0.5563725490196079 0.515625 0.565359477124183 0.515625 0.5563725490196079 0.54296875 0.565359477124183 0.54296875
7 0.5416666666666666 0.5146484375 0.5514705882352942 0.5146484375 0.5416666666666666 0.5439453125 0.5514705882352942 0.5439453125
0 0.6511437908496732 0.5263671875 0.670751633986928 0.5263671875 0.6511437908496732 0.5595703125 0.670751633986928 0.5595703125
13 0.4991830065359477 0.5185546875 0.505718954248366 0.5185546875 0.4991830065359477 0.5263671875 0.505718954248366 0.5263671875
5 0.397875816993464 0.53515625 0.4166666666666667 0.53515625 0.397875816993464 0.5751953125 0.4166666666666667 0.5751953125
5 0.45669934640522875 0.54296875 0.4738562091503268 0.54296875 0.45669934640522875 0.578125 0.4738562091503268 0.578125
2 0.5130718954248366 0.541015625 0.673202614379085 0.541015625 0.5130718954248366 0.6796875 0.673202614379085 0.6796875
2 0.4910130718954248 0.5234375 0.494281045751634 0.5234375 0.4910130718954248 0.52734375 0.494281045751634 0.52734375
2 0.47875816993464054 0.525390625 0.4852941176470588 0.525390625 0.47875816993464054 0.5302734375 0.4852941176470588 0.5302734375
2 0.4722222222222222 0.5244140625 0.4803921568627451 0.5244140625 0.4722222222222222 0.5341796875 0.4803921568627451 0.5341796875
2 0.4084967320261438 0.529296875 0.4223856209150327 0.529296875 0.4084967320261438 0.5478515625 0.4223856209150327 0.5478515625
2 0.38235294117647056 0.5302734375 0.39950980392156865 0.5302734375 0.38235294117647056 0.548828125 0.39950980392156865 0.548828125
2 0.35866013071895425 0.53125 0.39133986928104575 0.53125 0.35866013071895425 0.5537109375 0.39133986928104575 0.5537109375
2 0 0.541015625 0.20915032679738563 0.541015625 0 0.70703125 0.20915032679738563 0.70703125
7 0.4534313725490196 0.5205078125 0.47630718954248363 0.5205078125 0.4534313725490196 0.5712890625 0.47630718954248363 0.5712890625
7 0.397875816993464 0.521484375 0.4166666666666667 0.521484375 0.397875816993464 0.5654296875 0.4166666666666667 0.5654296875
6 0.7271241830065359 0.556640625 0.7720588235294118 0.556640625 0.7271241830065359 0.6689453125 0.7720588235294118 0.6689453125