7 0.51806640625 0.515625 0.5380859375 0.515625 0.51806640625 0.62109375 0.5380859375 0.62109375
7 0.5537109375 0.5006510416666666 0.58935546875 0.5006510416666666 0.5537109375 0.6184895833333334 0.58935546875 0.6184895833333334
7 0.64013671875 0.5110677083333334 0.69091796875 0.5110677083333334 0.64013671875 0.6263020833333334 0.69091796875 0.6263020833333334
7 0.66259765625 0.5110677083333334 0.712890625 0.5110677083333334 0.66259765625 0.6380208333333334 0.712890625 0.6380208333333334
7 0.7041015625 0.5091145833333334 0.75537109375 0.5091145833333334 0.7041015625 0.623046875 0.75537109375 0.623046875
7 0.7431640625 0.5045572916666666 0.78857421875 0.5045572916666666 0.7431640625 0.626953125 0.78857421875 0.626953125
7 0.77197265625 0.5026041666666666 0.8203125 0.5026041666666666 0.77197265625 0.65234375 0.8203125 0.65234375
7 0.84814453125 0.501953125 0.88720703125 0.501953125 0.84814453125 0.6263020833333334 0.88720703125 0.6263020833333334
0 0.94189453125 0.552734375 0.9697265625 0.552734375 0.94189453125 0.6009114583333334 0.9697265625 0.6009114583333334
9 0.75390625 0.4075520833333333 0.80029296875 0.4075520833333333 0.75390625 0.4583333333333333 0.80029296875 0.4583333333333333
9 0.76513671875 0.4583333333333333 0.79052734375 0.4583333333333333 0.76513671875 0.47265625 0.79052734375 0.47265625