1 0.33544921875 0.4459635416666667 0.5224609375 0.4459635416666667 0.33544921875 0.5950520833333334 0.5224609375 0.5950520833333334
9 0.37744140625 0.44921875 0.40771484375 0.44921875 0.37744140625 0.4889322916666667 0.40771484375 0.4889322916666667
9 0.61669921875 0.46484375 0.62744140625 0.46484375 0.61669921875 0.4811197916666667 0.62744140625 0.4811197916666667
9 0.61962890625 0.4811197916666667 0.62744140625 0.4811197916666667 0.61962890625 0.494140625 0.62744140625 0.494140625
9 0.53466796875 0.4765625 0.544921875 0.4765625 0.53466796875 0.4908854166666667 0.544921875 0.4908854166666667
9 0.53662109375 0.4908854166666667 0.54345703125 0.4908854166666667 0.53662109375 0.501953125 0.54345703125 0.501953125
7 0.49267578125 0.509765625 0.51513671875 0.509765625 0.49267578125 0.6061197916666666 0.51513671875 0.6061197916666666
7 0.453125 0.5084635416666666 0.49365234375 0.5084635416666666 0.453125 0.609375 0.49365234375 0.609375
7 0.73681640625 0.4993489583333333 0.76025390625 0.4993489583333333 0.73681640625 0.5677083333333334 0.76025390625 0.5677083333333334
7 0.7900390625 0.486328125 0.8076171875 0.486328125 0.7900390625 0.5638020833333334 0.8076171875 0.5638020833333334
0 0.8076171875 0.517578125 0.84326171875 0.517578125 0.8076171875 0.5625 0.84326171875 0.5625
2 0.03125 0.5364583333333334 0.25732421875 0.5364583333333334 0.03125 0.69921875 0.25732421875 0.69921875
2 0.25732421875 0.5260416666666666 0.43798828125 0.5260416666666666 0.25732421875 0.650390625 0.43798828125 0.650390625
2 0.5146484375 0.517578125 0.59375 0.517578125 0.5146484375 0.5768229166666666 0.59375 0.5768229166666666
2 0.9169921875 0.4986979166666667 0.96875 0.4986979166666667 0.9169921875 0.552734375 0.96875 0.552734375
7 0.814453125 0.4908854166666667 0.83837890625 0.4908854166666667 0.814453125 0.552734375 0.83837890625 0.552734375
13 0.7333984375 0.4609375 0.8515625 0.4609375 0.7333984375 0.5533854166666666 0.8515625 0.5533854166666666