4 0.5196078431372549 0.400390625 0.5245098039215687 0.400390625 0.5196078431372549 0.4150390625 0.5245098039215687 0.4150390625
9 0.3553921568627451 0.3779296875 0.4076797385620915 0.3779296875 0.3553921568627451 0.4111328125 0.4076797385620915 0.4111328125
9 0.3112745098039216 0.400390625 0.33088235294117646 0.400390625 0.3112745098039216 0.4091796875 0.33088235294117646 0.4091796875
9 0.5196078431372549 0.4150390625 0.5261437908496732 0.4150390625 0.5196078431372549 0.421875 0.5261437908496732 0.421875
9 0.6127450980392157 0.39453125 0.6225490196078431 0.39453125 0.6127450980392157 0.41015625 0.6225490196078431 0.41015625
5 0.5473856209150327 0.4404296875 0.5604575163398693 0.4404296875 0.5473856209150327 0.4619140625 0.5604575163398693 0.4619140625
2 0 0.50390625 0.14705882352941177 0.50390625 0 0.6005859375 0.14705882352941177 0.6005859375
2 0.5849673202614379 0.4296875 0.5955882352941176 0.4296875 0.5849673202614379 0.4375 0.5955882352941176 0.4375
2 0.3684640522875817 0.4951171875 0.3888888888888889 0.4951171875 0.3684640522875817 0.525390625 0.3888888888888889 0.525390625
2 0.3006535947712418 0.431640625 0.3194444444444444 0.431640625 0.3006535947712418 0.4375 0.3194444444444444 0.4375
2 0.11601307189542484 0.4345703125 0.14052287581699346 0.4345703125 0.11601307189542484 0.4384765625 0.14052287581699346 0.4384765625
7 0.5490196078431373 0.431640625 0.559640522875817 0.431640625 0.5490196078431373 0.4541015625 0.559640522875817 0.4541015625