4 0.2822222222222222 0.3275 0.30333333333333334 0.3275 0.2822222222222222 0.375625 0.30333333333333334 0.375625
4 0.29555555555555557 0.329375 0.31 0.329375 0.29555555555555557 0.380625 0.31 0.380625
4 0.5561111111111111 0.198125 0.5794444444444444 0.198125 0.5561111111111111 0.2525 0.5794444444444444 0.2525
4 0.7377777777777778 0.374375 0.7522222222222222 0.374375 0.7377777777777778 0.39125 0.7522222222222222 0.39125
4 0.7355555555555555 0.305 0.755 0.305 0.7355555555555555 0.359375 0.755 0.359375
9 0.6261111111111111 0.41375 0.6344444444444445 0.41375 0.6261111111111111 0.425625 0.6344444444444445 0.425625
7 0.2288888888888889 0.428125 0.24055555555555555 0.428125 0.2288888888888889 0.455 0.24055555555555555 0.455
7 0.2722222222222222 0.4325 0.28555555555555556 0.4325 0.2722222222222222 0.485625 0.28555555555555556 0.485625
7 0.25833333333333336 0.436875 0.27666666666666667 0.436875 0.25833333333333336 0.494375 0.27666666666666667 0.494375
7 0.3377777777777778 0.4375 0.35055555555555556 0.4375 0.3377777777777778 0.47875 0.35055555555555556 0.47875
7 0.7027777777777777 0.4375 0.7116666666666667 0.4375 0.7027777777777777 0.456875 0.7116666666666667 0.456875
7 0.965 0.405 0.9827777777777778 0.405 0.965 0.484375 0.9827777777777778 0.484375
7 0.9372222222222222 0.4175 0.9572222222222222 0.4175 0.9372222222222222 0.486875 0.9572222222222222 0.486875
0 0 0.469375 0.07444444444444444 0.469375 0 0.53375 0.07444444444444444 0.53375
0 0.3061111111111111 0.459375 0.325 0.459375 0.3061111111111111 0.49625 0.325 0.49625
0 0.6244444444444445 0.449375 0.64 0.449375 0.6244444444444445 0.483125 0.64 0.483125
0 0.6488888888888888 0.450625 0.6611111111111111 0.450625 0.6488888888888888 0.4825 0.6611111111111111 0.4825
0 0.7083333333333334 0.444375 0.7266666666666667 0.444375 0.7083333333333334 0.485 0.7266666666666667 0.485
0 0.9294444444444444 0.433125 0.99 0.433125 0.9294444444444444 0.484375 0.99 0.484375
2 0.9111111111111111 0.511875 0.9994444444444445 0.511875 0.9111111111111111 0.769375 0.9994444444444445 0.769375
2 0.3238888888888889 0.446875 0.3388888888888889 0.446875 0.3238888888888889 0.4725 0.3388888888888889 0.4725
2 0.3472222222222222 0.446875 0.36444444444444446 0.446875 0.3472222222222222 0.47375 0.36444444444444446 0.47375
2 0.41444444444444445 0.450625 0.43277777777777776 0.450625 0.41444444444444445 0.488125 0.43277777777777776 0.488125
2 0.35388888888888886 0.435625 0.42 0.435625 0.35388888888888886 0.495625 0.42 0.495625
2 0.51 0.436875 0.5355555555555556 0.436875 0.51 0.47625 0.5355555555555556 0.47625
2 0.465 0.43375 0.5205555555555555 0.43375 0.465 0.485 0.5205555555555555 0.485
2 0.43333333333333335 0.445 0.5183333333333333 0.445 0.43333333333333335 0.501875 0.5183333333333333 0.501875
7 0.014444444444444444 0.438125 0.05555555555555555 0.438125 0.014444444444444444 0.521875 0.05555555555555555 0.521875
7 0.45 0.436875 0.4622222222222222 0.436875 0.45 0.454375 0.4622222222222222 0.454375
7 0.6244444444444445 0.4325 0.64 0.4325 0.6244444444444445 0.47625 0.64 0.47625
7 0.6488888888888888 0.4325 0.6611111111111111 0.4325 0.6488888888888888 0.47875 0.6611111111111111 0.47875