9 0.018790849673202614 0.4609375 0.03104575163398693 0.4609375 0.018790849673202614 0.4775390625 0.03104575163398693 0.4775390625
9 0.0016339869281045752 0.484375 0.012254901960784314 0.484375 0.0016339869281045752 0.5 0.012254901960784314 0.5
9 0.04003267973856209 0.482421875 0.05065359477124183 0.482421875 0.04003267973856209 0.5107421875 0.05065359477124183 0.5107421875
9 0.07434640522875817 0.48046875 0.08251633986928104 0.48046875 0.07434640522875817 0.501953125 0.08251633986928104 0.501953125
9 0.10212418300653595 0.478515625 0.1111111111111111 0.478515625 0.10212418300653595 0.501953125 0.1111111111111111 0.501953125
9 0.13071895424836602 0.4755859375 0.1380718954248366 0.4755859375 0.13071895424836602 0.5009765625 0.1380718954248366 0.5009765625
2 0.798202614379085 0.4462890625 0.8831699346405228 0.4462890625 0.798202614379085 0.4775390625 0.8831699346405228 0.4775390625
2 0.5588235294117647 0.4541015625 0.636437908496732 0.4541015625 0.5588235294117647 0.498046875 0.636437908496732 0.498046875
2 0.5098039215686274 0.4619140625 0.5939542483660131 0.4619140625 0.5098039215686274 0.509765625 0.5939542483660131 0.509765625
2 0.4264705882352941 0.4755859375 0.7246732026143791 0.4755859375 0.4264705882352941 0.6103515625 0.7246732026143791 0.6103515625
2 0.3235294117647059 0.466796875 0.45179738562091504 0.466796875 0.3235294117647059 0.5361328125 0.45179738562091504 0.5361328125
2 0.4297385620915033 0.466796875 0.47794117647058826 0.466796875 0.4297385620915033 0.4873046875 0.47794117647058826 0.4873046875
2 0.03594771241830065 0.501953125 0.1323529411764706 0.501953125 0.03594771241830065 0.5732421875 0.1323529411764706 0.5732421875
2 0 0.5 0.05065359477124183 0.5 0 0.5908203125 0.05065359477124183 0.5908203125