4 0.85390625 0.3369140625 0.86328125 0.3369140625 0.85390625 0.3701171875 0.86328125 0.3701171875
4 0.84375 0.341796875 0.85390625 0.341796875 0.84375 0.3701171875 0.85390625 0.3701171875
4 0.74765625 0.4130859375 0.759375 0.4130859375 0.74765625 0.439453125 0.759375 0.439453125
4 0.65078125 0.3720703125 0.65859375 0.3720703125 0.65078125 0.390625 0.65859375 0.390625
4 0.73359375 0.40234375 0.74296875 0.40234375 0.73359375 0.423828125 0.74296875 0.423828125
4 0.23515625 0.359375 0.24375 0.359375 0.23515625 0.3857421875 0.24375 0.3857421875
4 0.2421875 0.3720703125 0.2515625 0.3720703125 0.2421875 0.3984375 0.2515625 0.3984375
4 0.2546875 0.44140625 0.26484375 0.44140625 0.2546875 0.466796875 0.26484375 0.466796875
4 0.3296875 0.4375 0.3390625 0.4375 0.3296875 0.458984375 0.3390625 0.458984375
9 0.8828125 0.3408203125 0.925 0.3408203125 0.8828125 0.396484375 0.925 0.396484375
9 0.8984375 0.3974609375 0.9125 0.3974609375 0.8984375 0.4248046875 0.9125 0.4248046875
9 0.61640625 0.45703125 0.62421875 0.45703125 0.61640625 0.46875 0.62421875 0.46875
9 0.47265625 0.4599609375 0.48046875 0.4599609375 0.47265625 0.4716796875 0.48046875 0.4716796875