1 0.32944444444444443 0.419375 0.38722222222222225 0.419375 0.32944444444444443 0.445 0.38722222222222225 0.445
4 0.1361111111111111 0.360625 0.14722222222222223 0.360625 0.1361111111111111 0.3925 0.14722222222222223 0.3925
4 0.6333333333333333 0.35 0.6427777777777778 0.35 0.6333333333333333 0.381875 0.6427777777777778 0.381875
9 0.13333333333333333 0.4025 0.15333333333333332 0.4025 0.13333333333333333 0.435 0.15333333333333332 0.435
9 0.6244444444444445 0.38875 0.6466666666666666 0.38875 0.6244444444444445 0.4275 0.6466666666666666 0.4275
7 0.0005555555555555556 0.441875 0.016666666666666666 0.441875 0.0005555555555555556 0.46875 0.016666666666666666 0.46875
7 0.03777777777777778 0.446875 0.05277777777777778 0.446875 0.03777777777777778 0.460625 0.05277777777777778 0.460625
7 0.6472222222222223 0.43 0.6744444444444444 0.43 0.6472222222222223 0.5075 0.6744444444444444 0.5075
7 0.6733333333333333 0.438125 0.685 0.438125 0.6733333333333333 0.456875 0.685 0.456875
7 0.6855555555555556 0.439375 0.6977777777777778 0.439375 0.6855555555555556 0.479375 0.6977777777777778 0.479375
7 0.36666666666666664 0.436875 0.4088888888888889 0.436875 0.36666666666666664 0.525 0.4088888888888889 0.525
7 0.3883333333333333 0.45 0.41333333333333333 0.45 0.3883333333333333 0.52375 0.41333333333333333 0.52375
7 0.1811111111111111 0.44375 0.19 0.44375 0.1811111111111111 0.479375 0.19 0.479375
7 0.18944444444444444 0.45125 0.20166666666666666 0.45125 0.18944444444444444 0.479375 0.20166666666666666 0.479375
7 0.20555555555555555 0.449375 0.21611111111111111 0.449375 0.20555555555555555 0.481875 0.21611111111111111 0.481875
0 0.4855555555555556 0.453125 0.49 0.453125 0.4855555555555556 0.4625 0.49 0.4625
2 0 0.455 0.305 0.455 0 0.59 0.305 0.59
2 0.9027777777777778 0.438125 0.9994444444444445 0.438125 0.9027777777777778 0.561875 0.9994444444444445 0.561875
2 0.8383333333333334 0.47 0.9322222222222222 0.47 0.8383333333333334 0.531875 0.9322222222222222 0.531875
2 0.315 0.438125 0.38722222222222225 0.438125 0.315 0.515 0.38722222222222225 0.515
2 0.4011111111111111 0.45375 0.4211111111111111 0.45375 0.4011111111111111 0.49625 0.4211111111111111 0.49625
2 0.4633333333333333 0.446875 0.48444444444444446 0.446875 0.4633333333333333 0.4675 0.48444444444444446 0.4675
2 0.42388888888888887 0.45 0.44222222222222224 0.45 0.42388888888888887 0.4675 0.44222222222222224 0.4675
2 0.44055555555555553 0.45125 0.4477777777777778 0.45125 0.44055555555555553 0.46375 0.4477777777777778 0.46375
2 0.44 0.4475 0.45111111111111113 0.4475 0.44 0.46 0.45111111111111113 0.46
2 0.45 0.45125 0.4538888888888889 0.45125 0.45 0.45875 0.4538888888888889 0.45875
2 0.4533333333333333 0.450625 0.4588888888888889 0.450625 0.4533333333333333 0.45875 0.4588888888888889 0.45875
7 0.4855555555555556 0.4475 0.49 0.4475 0.4855555555555556 0.46 0.49 0.46