4 0.6977777777777778 0.40125 0.7022222222222222 0.40125 0.6977777777777778 0.418125 0.7022222222222222 0.418125
4 0.5605555555555556 0.406875 0.5677777777777778 0.406875 0.5605555555555556 0.42625 0.5677777777777778 0.42625
4 0.3111111111111111 0.406875 0.3194444444444444 0.406875 0.3111111111111111 0.42875 0.3194444444444444 0.42875
4 0.17277777777777778 0.4275 0.18055555555555555 0.4275 0.17277777777777778 0.436875 0.18055555555555555 0.436875
4 0.07333333333333333 0.420625 0.085 0.420625 0.07333333333333333 0.43625 0.085 0.43625
9 0.9227777777777778 0.360625 0.9494444444444444 0.360625 0.9227777777777778 0.3825 0.9494444444444444 0.3825
9 0.9211111111111111 0.303125 0.9483333333333334 0.303125 0.9211111111111111 0.358125 0.9483333333333334 0.358125
9 0.665 0.38875 0.6727777777777778 0.38875 0.665 0.398125 0.6727777777777778 0.398125
9 0.665 0.368125 0.6822222222222222 0.368125 0.665 0.40375 0.6822222222222222 0.40375
9 0.5733333333333334 0.4175 0.5805555555555556 0.4175 0.5733333333333334 0.429375 0.5805555555555556 0.429375
9 0.5572222222222222 0.4275 0.5672222222222222 0.4275 0.5572222222222222 0.443125 0.5672222222222222 0.443125
9 0.23722222222222222 0.369375 0.2561111111111111 0.369375 0.23722222222222222 0.40625 0.2561111111111111 0.40625
9 0.3138888888888889 0.428125 0.3238888888888889 0.428125 0.3138888888888889 0.445 0.3238888888888889 0.445
7 0.9188888888888889 0.42 0.9344444444444444 0.42 0.9188888888888889 0.44875 0.9344444444444444 0.44875
7 0.8038888888888889 0.434375 0.8161111111111111 0.434375 0.8038888888888889 0.463125 0.8161111111111111 0.463125
7 0.7861111111111111 0.4325 0.8044444444444444 0.4325 0.7861111111111111 0.50375 0.8044444444444444 0.50375
7 0.7338888888888889 0.451875 0.745 0.451875 0.7338888888888889 0.475 0.745 0.475
7 0.7138888888888889 0.445625 0.7255555555555555 0.445625 0.7138888888888889 0.464375 0.7255555555555555 0.464375
7 0.6994444444444444 0.445625 0.7122222222222222 0.445625 0.6994444444444444 0.4625 0.7122222222222222 0.4625
7 0.6922222222222222 0.448125 0.7011111111111111 0.448125 0.6922222222222222 0.470625 0.7011111111111111 0.470625
7 0.6688888888888889 0.4425 0.68 0.4425 0.6688888888888889 0.4625 0.68 0.4625
7 0.6561111111111111 0.444375 0.6644444444444444 0.444375 0.6561111111111111 0.474375 0.6644444444444444 0.474375
7 0.6416666666666667 0.44625 0.655 0.44625 0.6416666666666667 0.48625 0.655 0.48625
7 0.6144444444444445 0.445 0.6227777777777778 0.445 0.6144444444444445 0.476875 0.6227777777777778 0.476875
7 0.6027777777777777 0.446875 0.6111111111111112 0.446875 0.6027777777777777 0.475625 0.6111111111111112 0.475625
7 0.5888888888888889 0.448125 0.6 0.448125 0.5888888888888889 0.476875 0.6 0.476875
7 0.5722222222222222 0.461875 0.5938888888888889 0.461875 0.5722222222222222 0.481875 0.5938888888888889 0.481875
7 0.13166666666666665 0.451875 0.14333333333333334 0.451875 0.13166666666666665 0.46875 0.14333333333333334 0.46875
7 0.28555555555555556 0.44625 0.29833333333333334 0.44625 0.28555555555555556 0.479375 0.29833333333333334 0.479375
7 0.7616666666666667 0.45875 0.7755555555555556 0.45875 0.7616666666666667 0.4775 0.7755555555555556 0.4775
2 0.45 0.42875 0.5472222222222223 0.42875 0.45 0.52625 0.5472222222222223 0.52625
2 0.43944444444444447 0.450625 0.4533333333333333 0.450625 0.43944444444444447 0.479375 0.4533333333333333 0.479375
2 0.4127777777777778 0.44125 0.445 0.44125 0.4127777777777778 0.48375 0.445 0.48375
2 0.36444444444444446 0.440625 0.4222222222222222 0.440625 0.36444444444444446 0.49375 0.4222222222222222 0.49375
2 0.3527777777777778 0.458125 0.36777777777777776 0.458125 0.3527777777777778 0.484375 0.36777777777777776 0.484375