4 0.10111111111111111 0.105 0.14833333333333334 0.105 0.10111111111111111 0.18375 0.14833333333333334 0.18375
4 0.07555555555555556 0.371875 0.09111111111111111 0.371875 0.07555555555555556 0.389375 0.09111111111111111 0.389375
4 0.3811111111111111 0.255625 0.39944444444444444 0.255625 0.3811111111111111 0.306875 0.39944444444444444 0.306875
4 0.46944444444444444 0.263125 0.4866666666666667 0.263125 0.46944444444444444 0.30625 0.4866666666666667 0.30625
4 0.6105555555555555 0.3475 0.6244444444444445 0.3475 0.6105555555555555 0.38375 0.6244444444444445 0.38375
4 0.7166666666666667 0.268125 0.7383333333333333 0.268125 0.7166666666666667 0.32375 0.7383333333333333 0.32375
4 0.6166666666666667 0.39625 0.6277777777777778 0.39625 0.6166666666666667 0.41125 0.6277777777777778 0.41125
4 0.7116666666666667 0.34375 0.7211111111111111 0.34375 0.7116666666666667 0.37625 0.7211111111111111 0.37625
4 0.8055555555555556 0.294375 0.8238888888888889 0.294375 0.8055555555555556 0.3425 0.8238888888888889 0.3425
4 0.7611111111111111 0.236875 0.7794444444444445 0.236875 0.7611111111111111 0.2775 0.7794444444444445 0.2775
4 0.07777777777777778 0.4225 0.08888888888888889 0.4225 0.07777777777777778 0.434375 0.08888888888888889 0.434375
9 0.0661111111111111 0.1225 0.095 0.1225 0.0661111111111111 0.165 0.095 0.165
9 0.5944444444444444 0.31125 0.6272222222222222 0.31125 0.5944444444444444 0.32375 0.6272222222222222 0.32375
9 0.5361111111111111 0.404375 0.5516666666666666 0.404375 0.5361111111111111 0.42 0.5516666666666666 0.42
9 0.8355555555555556 0.23625 0.8638888888888889 0.23625 0.8355555555555556 0.275 0.8638888888888889 0.275
9 0.5516666666666666 0.39625 0.5672222222222222 0.39625 0.5516666666666666 0.413125 0.5672222222222222 0.413125
9 0.5527777777777778 0.41375 0.5677777777777778 0.41375 0.5527777777777778 0.4225 0.5677777777777778 0.4225
9 0.40166666666666667 0.270625 0.41888888888888887 0.270625 0.40166666666666667 0.294375 0.41888888888888887 0.294375
2 0.32055555555555554 0.435 0.36277777777777775 0.435 0.32055555555555554 0.46875 0.36277777777777775 0.46875
2 0.4488888888888889 0.440625 0.4761111111111111 0.440625 0.4488888888888889 0.46125 0.4761111111111111 0.46125
2 0.38166666666666665 0.44 0.4122222222222222 0.44 0.38166666666666665 0.4625 0.4122222222222222 0.4625