9 0.40859375 0.4140625 0.42578125 0.4140625 0.40859375 0.4345703125 0.42578125 0.4345703125
9 0.4109375 0.4345703125 0.42265625 0.4345703125 0.4109375 0.44140625 0.42265625 0.44140625
9 0.6890625 0.3896484375 0.7125 0.3896484375 0.6890625 0.419921875 0.7125 0.419921875
9 0.69375 0.419921875 0.709375 0.419921875 0.69375 0.4267578125 0.709375 0.4267578125
7 0.51875 0.46875 0.52890625 0.46875 0.51875 0.5107421875 0.52890625 0.5107421875
7 0.37734375 0.474609375 0.4046875 0.474609375 0.37734375 0.58984375 0.4046875 0.58984375
7 0.403125 0.4765625 0.42890625 0.4765625 0.403125 0.5859375 0.42890625 0.5859375
7 0.44375 0.47265625 0.4734375 0.47265625 0.44375 0.5859375 0.4734375 0.5859375
7 0.75859375 0.48046875 0.7734375 0.48046875 0.75859375 0.5546875 0.7734375 0.5546875
0 0.54296875 0.5791015625 0.6171875 0.5791015625 0.54296875 0.794921875 0.6171875 0.794921875
2 0.48515625 0.4658203125 0.49921875 0.4658203125 0.48515625 0.4833984375 0.49921875 0.4833984375
2 0.46953125 0.46875 0.48984375 0.46875 0.46953125 0.494140625 0.48984375 0.494140625
2 0.45859375 0.4716796875 0.478125 0.4716796875 0.45859375 0.4990234375 0.478125 0.4990234375
2 0.425 0.4755859375 0.4515625 0.4755859375 0.425 0.5166015625 0.4515625 0.5166015625
2 0.34453125 0.4990234375 0.403125 0.4990234375 0.34453125 0.572265625 0.403125 0.572265625
2 0.26484375 0.5 0.37421875 0.5 0.26484375 0.6083984375 0.37421875 0.6083984375
2 0.0703125 0.5498046875 0.26015625 0.5498046875 0.0703125 0.7724609375 0.26015625 0.7724609375
2 0 0.55859375 0.15078125 0.55859375 0 0.9462890625 0.15078125 0.9462890625
2 0.775 0.5302734375 0.95859375 0.5302734375 0.775 0.669921875 0.95859375 0.669921875
2 0.7046875 0.5615234375 0.9515625 0.5615234375 0.7046875 0.830078125 0.9515625 0.830078125
2 0.5390625 0.462890625 0.54765625 0.462890625 0.5390625 0.474609375 0.54765625 0.474609375
2 0.54375 0.4638671875 0.5546875 0.4638671875 0.54375 0.4794921875 0.5546875 0.4794921875
2 0.5484375 0.4638671875 0.56015625 0.4638671875 0.5484375 0.482421875 0.56015625 0.482421875
2 0.553125 0.46484375 0.56484375 0.46484375 0.553125 0.4892578125 0.56484375 0.4892578125
2 0.5609375 0.4697265625 0.5796875 0.4697265625 0.5609375 0.49609375 0.5796875 0.49609375
2 0.56953125 0.4677734375 0.60390625 0.4677734375 0.56953125 0.5029296875 0.60390625 0.5029296875
2 0.69375 0.4638671875 0.76875 0.4638671875 0.69375 0.48046875 0.76875 0.48046875
2 0.6890625 0.470703125 0.765625 0.470703125 0.6890625 0.5166015625 0.765625 0.5166015625
2 0.73671875 0.4775390625 0.81796875 0.4775390625 0.73671875 0.5322265625 0.81796875 0.5322265625
2 0.784375 0.4775390625 0.86796875 0.4775390625 0.784375 0.5439453125 0.86796875 0.5439453125
2 0.82421875 0.484375 0.86796875 0.484375 0.82421875 0.5341796875 0.86796875 0.5341796875
2 0.90625 0.4853515625 0.99921875 0.4853515625 0.90625 0.59375 0.99921875 0.59375
7 0.54453125 0.50390625 0.61875 0.50390625 0.54453125 0.767578125 0.61875 0.767578125