1 0.5155228758169934 0.345703125 0.6021241830065359 0.345703125 0.5155228758169934 0.44921875 0.6021241830065359 0.44921875
1 0.40032679738562094 0.3876953125 0.4223856209150327 0.3876953125 0.40032679738562094 0.412109375 0.4223856209150327 0.412109375
1 0.3815359477124183 0.388671875 0.4019607843137255 0.388671875 0.3815359477124183 0.412109375 0.4019607843137255 0.412109375
9 0.6045751633986928 0.38671875 0.6151960784313726 0.38671875 0.6045751633986928 0.4013671875 0.6151960784313726 0.4013671875
9 0.826797385620915 0.40234375 0.8374183006535948 0.40234375 0.826797385620915 0.416015625 0.8374183006535948 0.416015625
13 0.6952614379084967 0.39453125 0.7508169934640523 0.39453125 0.6952614379084967 0.431640625 0.7508169934640523 0.431640625
13 0.4803921568627451 0.390625 0.5130718954248366 0.390625 0.4803921568627451 0.41796875 0.5130718954248366 0.41796875
2 0.9730392156862745 0.4208984375 0.9991830065359477 0.4208984375 0.9730392156862745 0.458984375 0.9991830065359477 0.458984375
2 0.690359477124183 0.41796875 0.9803921568627451 0.41796875 0.690359477124183 0.603515625 0.9803921568627451 0.603515625
2 0.7303921568627451 0.4130859375 0.7630718954248366 0.4130859375 0.7303921568627451 0.4326171875 0.7630718954248366 0.4326171875
2 0.6413398692810458 0.4013671875 0.6699346405228758 0.4013671875 0.6413398692810458 0.427734375 0.6699346405228758 0.427734375
2 0.6119281045751634 0.404296875 0.6388888888888888 0.404296875 0.6119281045751634 0.4267578125 0.6388888888888888 0.4267578125
2 0.6004901960784313 0.40234375 0.6102941176470589 0.40234375 0.6004901960784313 0.419921875 0.6102941176470589 0.419921875
2 0.4673202614379085 0.4033203125 0.4820261437908497 0.4033203125 0.4673202614379085 0.419921875 0.4820261437908497 0.419921875
2 0.44362745098039214 0.40234375 0.47549019607843135 0.40234375 0.44362745098039214 0.43359375 0.47549019607843135 0.43359375
2 0.8986928104575164 0.41796875 0.9575163398692811 0.41796875 0.8986928104575164 0.455078125 0.9575163398692811 0.455078125
2 0.4395424836601307 0.40234375 0.45179738562091504 0.40234375 0.4395424836601307 0.4140625 0.45179738562091504 0.4140625
2 0.43218954248366015 0.40234375 0.44362745098039214 0.40234375 0.43218954248366015 0.412109375 0.44362745098039214 0.412109375