9 0.30722222222222223 0.4025 0.3238888888888889 0.4025 0.30722222222222223 0.411875 0.3238888888888889 0.411875
9 0.305 0.379375 0.325 0.379375 0.305 0.401875 0.325 0.401875
9 0.875 0.31625 0.9127777777777778 0.31625 0.875 0.34 0.9127777777777778 0.34
9 0.8844444444444445 0.281875 0.9138888888888889 0.281875 0.8844444444444445 0.31625 0.9138888888888889 0.31625
9 0.6688888888888889 0.25125 0.7177777777777777 0.25125 0.6688888888888889 0.28 0.7177777777777777 0.28
9 0.6616666666666666 0.174375 0.725 0.174375 0.6616666666666666 0.246875 0.725 0.246875
9 0.23277777777777778 0.40125 0.24166666666666667 0.40125 0.23277777777777778 0.4175 0.24166666666666667 0.4175
9 0.6966666666666667 0.375625 0.7077777777777777 0.375625 0.6966666666666667 0.395625 0.7077777777777777 0.395625
9 0.895 0.35375 0.905 0.35375 0.895 0.375 0.905 0.375
7 0.8538888888888889 0.423125 0.8938888888888888 0.423125 0.8538888888888889 0.5325 0.8938888888888888 0.5325
7 0.9022222222222223 0.42125 0.9366666666666666 0.42125 0.9022222222222223 0.524375 0.9366666666666666 0.524375
0 0.4772222222222222 0.451875 0.49 0.451875 0.4772222222222222 0.476875 0.49 0.476875
2 0 0.41875 0.20333333333333334 0.41875 0 0.52125 0.20333333333333334 0.52125
2 0.18777777777777777 0.4275 0.2511111111111111 0.4275 0.18777777777777777 0.476875 0.2511111111111111 0.476875
2 0.35777777777777775 0.438125 0.41888888888888887 0.438125 0.35777777777777775 0.478125 0.41888888888888887 0.478125
2 0.48777777777777775 0.414375 0.69 0.414375 0.48777777777777775 0.498125 0.69 0.498125
2 0.6977777777777778 0.4475 0.7255555555555555 0.4475 0.6977777777777778 0.4725 0.7255555555555555 0.4725
2 0.7222222222222222 0.416875 0.9494444444444444 0.416875 0.7222222222222222 0.511875 0.9494444444444444 0.511875
2 0.9355555555555556 0.44375 0.9583333333333334 0.44375 0.9355555555555556 0.459375 0.9583333333333334 0.459375
2 0.6888888888888889 0.43875 0.7255555555555555 0.43875 0.6888888888888889 0.46375 0.7255555555555555 0.46375
7 0.4761111111111111 0.434375 0.49166666666666664 0.434375 0.4761111111111111 0.468125 0.49166666666666664 0.468125