1 0.41748366013071897 0.2890625 0.5359477124183006 0.2890625 0.41748366013071897 0.412109375 0.5359477124183006 0.412109375
4 0.41421568627450983 0.34765625 0.41748366013071897 0.34765625 0.41421568627450983 0.357421875 0.41748366013071897 0.357421875
7 0.8063725490196079 0.416015625 0.8243464052287581 0.416015625 0.8063725490196079 0.453125 0.8243464052287581 0.453125
7 0.7532679738562091 0.41015625 0.7638888888888888 0.41015625 0.7532679738562091 0.427734375 0.7638888888888888 0.427734375
7 0.7851307189542484 0.4130859375 0.798202614379085 0.4130859375 0.7851307189542484 0.4541015625 0.798202614379085 0.4541015625
7 0.6462418300653595 0.3935546875 0.6552287581699346 0.3935546875 0.6462418300653595 0.419921875 0.6552287581699346 0.419921875
7 0.6584967320261438 0.396484375 0.6650326797385621 0.396484375 0.6584967320261438 0.4169921875 0.6650326797385621 0.4169921875
7 0.8995098039215687 0.3984375 0.9158496732026143 0.3984375 0.8995098039215687 0.4296875 0.9158496732026143 0.4296875
2 0.40522875816993464 0.365234375 0.41830065359477125 0.365234375 0.40522875816993464 0.4013671875 0.41830065359477125 0.4013671875
2 0.35049019607843135 0.3603515625 0.4158496732026144 0.3603515625 0.35049019607843135 0.44140625 0.4158496732026144 0.44140625
2 0.5531045751633987 0.3876953125 0.5645424836601307 0.3876953125 0.5531045751633987 0.40625 0.5645424836601307 0.40625
2 0.5784313725490197 0.3896484375 0.6037581699346405 0.3896484375 0.5784313725490197 0.4052734375 0.6037581699346405 0.4052734375
2 0.5637254901960784 0.4033203125 0.6429738562091504 0.4033203125 0.5637254901960784 0.490234375 0.6429738562091504 0.490234375
2 0.6584967320261438 0.400390625 0.7050653594771242 0.400390625 0.6584967320261438 0.443359375 0.7050653594771242 0.443359375
2 0.7099673202614379 0.40625 0.7508169934640523 0.40625 0.7099673202614379 0.4208984375 0.7508169934640523 0.4208984375
2 0.6830065359477124 0.4140625 0.7875816993464052 0.4140625 0.6830065359477124 0.490234375 0.7875816993464052 0.490234375
2 0.1715686274509804 0.3291015625 0.3602941176470588 0.3291015625 0.1715686274509804 0.5341796875 0.3602941176470588 0.5341796875
2 0.7107843137254902 0.4267578125 0.9991830065359477 0.4267578125 0.7107843137254902 0.77734375 0.9991830065359477 0.77734375
2 0.4068627450980392 0.37109375 0.576797385620915 0.37109375 0.4068627450980392 0.5517578125 0.576797385620915 0.5517578125