4 0.5288888888888889 0.41 0.5355555555555556 0.41 0.5288888888888889 0.4175 0.5355555555555556 0.4175
9 0.5183333333333333 0.421875 0.525 0.421875 0.5183333333333333 0.430625 0.525 0.430625
9 0.5272222222222223 0.420625 0.5377777777777778 0.420625 0.5272222222222223 0.435 0.5377777777777778 0.435
9 0.5672222222222222 0.4075 0.5777777777777777 0.4075 0.5672222222222222 0.425 0.5777777777777777 0.425
9 0.9411111111111111 0.244375 0.9816666666666667 0.244375 0.9411111111111111 0.3275 0.9816666666666667 0.3275
2 0 0.434375 0.07833333333333334 0.434375 0 0.595625 0.07833333333333334 0.595625
2 0.05611111111111111 0.435625 0.19166666666666668 0.435625 0.05611111111111111 0.575 0.19166666666666668 0.575
2 0.19 0.455625 0.28833333333333333 0.455625 0.19 0.535625 0.28833333333333333 0.535625
2 0.25666666666666665 0.4475 0.3211111111111111 0.4475 0.25666666666666665 0.514375 0.3211111111111111 0.514375
2 0.30777777777777776 0.444375 0.3561111111111111 0.444375 0.30777777777777776 0.496875 0.3561111111111111 0.496875
2 0.355 0.45375 0.38 0.45375 0.355 0.48875 0.38 0.48875
2 0.3566666666666667 0.44 0.39944444444444444 0.44 0.3566666666666667 0.48375 0.39944444444444444 0.48375
2 0.4088888888888889 0.449375 0.4305555555555556 0.449375 0.4088888888888889 0.469375 0.4305555555555556 0.469375
2 0.4488888888888889 0.449375 0.4627777777777778 0.449375 0.4488888888888889 0.463125 0.4627777777777778 0.463125
2 0.42833333333333334 0.45 0.43944444444444447 0.45 0.42833333333333334 0.464375 0.43944444444444447 0.464375
2 0.5277777777777778 0.44375 0.5472222222222223 0.44375 0.5277777777777778 0.489375 0.5472222222222223 0.489375
2 0.5344444444444445 0.43125 0.6122222222222222 0.43125 0.5344444444444445 0.503125 0.6122222222222222 0.503125
2 0.5894444444444444 0.435625 0.695 0.435625 0.5894444444444444 0.52875 0.695 0.52875
2 0.6716666666666666 0.395 0.9994444444444445 0.395 0.6716666666666666 0.61875 0.9994444444444445 0.61875
2 0.8616666666666667 0.46125 0.9994444444444445 0.46125 0.8616666666666667 0.699375 0.9994444444444445 0.699375