9 0.57421875 0.4267578125 0.58046875 0.4267578125 0.57421875 0.4345703125 0.58046875 0.4345703125
9 0.57578125 0.4345703125 0.5796875 0.4345703125 0.57578125 0.4365234375 0.5796875 0.4365234375
7 0.8578125 0.5341796875 0.9390625 0.5341796875 0.8578125 0.8232421875 0.9390625 0.8232421875
7 0.7875 0.5009765625 0.8671875 0.5009765625 0.7875 0.806640625 0.8671875 0.806640625
7 0.86875 0.498046875 0.9421875 0.498046875 0.86875 0.6181640625 0.9421875 0.6181640625
0 0.5140625 0.462890625 0.51796875 0.462890625 0.5140625 0.4765625 0.51796875 0.4765625
0 0.52890625 0.4619140625 0.53359375 0.4619140625 0.52890625 0.4755859375 0.53359375 0.4755859375
2 0 0.453125 0.0984375 0.453125 0 0.498046875 0.0984375 0.498046875
2 0 0.4833984375 0.146875 0.4833984375 0 0.564453125 0.146875 0.564453125
2 0.09609375 0.4541015625 0.19609375 0.4541015625 0.09609375 0.5146484375 0.19609375 0.5146484375
2 0.08828125 0.4482421875 0.125 0.4482421875 0.08828125 0.4765625 0.125 0.4765625
2 0.14609375 0.4716796875 0.26875 0.4716796875 0.14609375 0.5283203125 0.26875 0.5283203125
2 0 0.5537109375 0.1765625 0.5537109375 0 0.80078125 0.1765625 0.80078125
2 0.10390625 0.509765625 0.26484375 0.509765625 0.10390625 0.6943359375 0.26484375 0.6943359375
2 0.2 0.4794921875 0.3453125 0.4794921875 0.2 0.6396484375 0.3453125 0.6396484375
2 0.24609375 0.4599609375 0.30625 0.4599609375 0.24609375 0.4814453125 0.30625 0.4814453125
2 0.34609375 0.4775390625 0.42265625 0.4775390625 0.34609375 0.5498046875 0.42265625 0.5498046875
2 0.409375 0.4609375 0.4546875 0.4609375 0.409375 0.5146484375 0.4546875 0.5146484375
2 0.4453125 0.46484375 0.47578125 0.46484375 0.4453125 0.5009765625 0.47578125 0.5009765625
2 0.45625 0.4609375 0.48359375 0.4609375 0.45625 0.4931640625 0.48359375 0.4931640625
2 0.4578125 0.4560546875 0.4875 0.4560546875 0.4578125 0.4892578125 0.4875 0.4892578125
2 0.48359375 0.458984375 0.49296875 0.458984375 0.48359375 0.4853515625 0.49296875 0.4853515625
2 0.48203125 0.4501953125 0.5046875 0.4501953125 0.48203125 0.4765625 0.5046875 0.4765625
2 0.4984375 0.451171875 0.5078125 0.451171875 0.4984375 0.4697265625 0.5078125 0.4697265625
2 0.49609375 0.4462890625 0.5140625 0.4462890625 0.49609375 0.46484375 0.5140625 0.46484375
2 0.509375 0.4443359375 0.5203125 0.4443359375 0.509375 0.45703125 0.5203125 0.45703125
2 0.53359375 0.4453125 0.540625 0.4453125 0.53359375 0.4541015625 0.540625 0.4541015625
2 0.540625 0.4443359375 0.5515625 0.4443359375 0.540625 0.4560546875 0.5515625 0.4560546875
2 0.56328125 0.447265625 0.58125 0.447265625 0.56328125 0.46875 0.58125 0.46875
2 0.56796875 0.451171875 0.584375 0.451171875 0.56796875 0.4736328125 0.584375 0.4736328125
2 0.56953125 0.455078125 0.5828125 0.455078125 0.56953125 0.474609375 0.5828125 0.474609375
2 0.57421875 0.4580078125 0.584375 0.4580078125 0.57421875 0.48046875 0.584375 0.48046875
2 0.57734375 0.4541015625 0.603125 0.4541015625 0.57734375 0.484375 0.603125 0.484375
2 0.58125 0.4599609375 0.6 0.4599609375 0.58125 0.48828125 0.6 0.48828125
2 0.5890625 0.4560546875 0.63125 0.4560546875 0.5890625 0.501953125 0.63125 0.501953125
2 0.60703125 0.4677734375 0.625 0.4677734375 0.60703125 0.5107421875 0.625 0.5107421875
2 0.61484375 0.4638671875 0.66953125 0.4638671875 0.61484375 0.5234375 0.66953125 0.5234375
2 0.534375 0.45703125 0.5640625 0.45703125 0.534375 0.4892578125 0.5640625 0.4892578125
2 0.55546875 0.447265625 0.56796875 0.447265625 0.55546875 0.462890625 0.56796875 0.462890625
2 0.7328125 0.5078125 0.86640625 0.5078125 0.7328125 0.634765625 0.86640625 0.634765625
2 0.7890625 0.525390625 0.9703125 0.525390625 0.7890625 0.697265625 0.9703125 0.697265625
2 0.92734375 0.548828125 0.99921875 0.548828125 0.92734375 0.8095703125 0.99921875 0.8095703125
7 0.5125 0.451171875 0.51953125 0.451171875 0.5125 0.4736328125 0.51953125 0.4736328125
7 0.528125 0.4501953125 0.53515625 0.4501953125 0.528125 0.470703125 0.53515625 0.470703125