9 0.47555555555555556 0.42625 0.485 0.42625 0.47555555555555556 0.438125 0.485 0.438125
9 0.4772222222222222 0.44 0.48333333333333334 0.44 0.4772222222222222 0.44375 0.48333333333333334 0.44375
9 0.49277777777777776 0.42375 0.5 0.42375 0.49277777777777776 0.43375 0.5 0.43375
9 0.51 0.43 0.5144444444444445 0.43 0.51 0.4375 0.5144444444444445 0.4375
9 0.5105555555555555 0.438125 0.5144444444444445 0.438125 0.5105555555555555 0.44125 0.5144444444444445 0.44125
9 0.5294444444444445 0.405625 0.5394444444444444 0.405625 0.5294444444444445 0.420625 0.5394444444444444 0.420625
9 0.5311111111111111 0.4225 0.5372222222222223 0.4225 0.5311111111111111 0.4325 0.5372222222222223 0.4325
9 0.5672222222222222 0.4175 0.575 0.4175 0.5672222222222222 0.430625 0.575 0.430625
9 0.675 0.38125 0.6883333333333334 0.38125 0.675 0.405 0.6883333333333334 0.405
9 0.29944444444444446 0.4325 0.3088888888888889 0.4325 0.29944444444444446 0.44375 0.3088888888888889 0.44375
9 0.3011111111111111 0.445625 0.30722222222222223 0.445625 0.3011111111111111 0.449375 0.30722222222222223 0.449375
9 0.18166666666666667 0.4425 0.18944444444444444 0.4425 0.18166666666666667 0.45125 0.18944444444444444 0.45125
7 0.9422222222222222 0.429375 0.9616666666666667 0.429375 0.9422222222222222 0.47 0.9616666666666667 0.47
2 0.8533333333333334 0.390625 0.9994444444444445 0.390625 0.8533333333333334 0.656875 0.9994444444444445 0.656875
2 0.6438888888888888 0.4425 0.8605555555555555 0.4425 0.6438888888888888 0.58125 0.8605555555555555 0.58125
2 0.5811111111111111 0.430625 0.6972222222222222 0.430625 0.5811111111111111 0.53375 0.6972222222222222 0.53375
2 0.5422222222222223 0.446875 0.6027777777777777 0.446875 0.5422222222222223 0.508125 0.6027777777777777 0.508125
2 0.52 0.45125 0.5577777777777778 0.45125 0.52 0.49875 0.5577777777777778 0.49875
2 0.5116666666666667 0.453125 0.53 0.453125 0.5116666666666667 0.49125 0.53 0.49125
2 0.49722222222222223 0.451875 0.5205555555555555 0.451875 0.49722222222222223 0.4875 0.5205555555555555 0.4875
2 0.4816666666666667 0.44625 0.5172222222222222 0.44625 0.4816666666666667 0.48125 0.5172222222222222 0.48125
2 0.475 0.454375 0.4861111111111111 0.454375 0.475 0.475625 0.4861111111111111 0.475625
2 0.455 0.454375 0.4683333333333333 0.454375 0.455 0.466875 0.4683333333333333 0.466875
2 0.43833333333333335 0.45625 0.455 0.45625 0.43833333333333335 0.47 0.455 0.47
2 0.43277777777777776 0.454375 0.4438888888888889 0.454375 0.43277777777777776 0.4675 0.4438888888888889 0.4675
2 0.3938888888888889 0.455 0.4272222222222222 0.455 0.3938888888888889 0.4725 0.4272222222222222 0.4725
2 0.38222222222222224 0.4575 0.39444444444444443 0.4575 0.38222222222222224 0.468125 0.39444444444444443 0.468125
2 0.3611111111111111 0.454375 0.38222222222222224 0.454375 0.3611111111111111 0.471875 0.38222222222222224 0.471875
2 0.3477777777777778 0.458125 0.3611111111111111 0.458125 0.3477777777777778 0.469375 0.3611111111111111 0.469375
2 0.8077777777777778 0.43875 0.8694444444444445 0.43875 0.8077777777777778 0.4625 0.8694444444444445 0.4625
2 0.8866666666666667 0.44125 0.9088888888888889 0.44125 0.8866666666666667 0.4625 0.9088888888888889 0.4625
2 0 0.451875 0.07666666666666666 0.451875 0 0.518125 0.07666666666666666 0.518125
2 0.07277777777777777 0.461875 0.1338888888888889 0.461875 0.07277777777777777 0.506875 0.1338888888888889 0.506875
2 0.7922222222222223 0.439375 0.8211111111111111 0.439375 0.7922222222222223 0.453125 0.8211111111111111 0.453125
2 0.8705555555555555 0.445 0.8883333333333333 0.445 0.8705555555555555 0.4575 0.8883333333333333 0.4575