1 0.439453125 0.4680989583333333 0.59423828125 0.4680989583333333 0.439453125 0.5611979166666666 0.59423828125 0.5611979166666666
7 0.56982421875 0.5110677083333334 0.587890625 0.5110677083333334 0.56982421875 0.5963541666666666 0.587890625 0.5963541666666666
7 0.544921875 0.5143229166666666 0.56591796875 0.5143229166666666 0.544921875 0.599609375 0.56591796875 0.599609375
7 0.80712890625 0.49609375 0.82177734375 0.49609375 0.80712890625 0.5598958333333334 0.82177734375 0.5598958333333334
0 0.82177734375 0.5208333333333334 0.84912109375 0.5208333333333334 0.82177734375 0.5618489583333334 0.84912109375 0.5618489583333334
2 0.06787109375 0.5403645833333334 0.2509765625 0.5403645833333334 0.06787109375 0.6725260416666666 0.2509765625 0.6725260416666666
2 0.24365234375 0.533203125 0.3984375 0.533203125 0.24365234375 0.64453125 0.3984375 0.64453125
2 0.39794921875 0.52734375 0.533203125 0.52734375 0.39794921875 0.6197916666666666 0.533203125 0.6197916666666666
2 0.59423828125 0.5208333333333334 0.6435546875 0.5208333333333334 0.59423828125 0.5709635416666666 0.6435546875 0.5709635416666666
7 0.826171875 0.5 0.84716796875 0.5 0.826171875 0.55078125 0.84716796875 0.55078125
7 0.759765625 0.5 0.78466796875 0.5 0.759765625 0.5638020833333334 0.78466796875 0.5638020833333334
13 0.78515625 0.4713541666666667 0.8935546875 0.4713541666666667 0.78515625 0.5462239583333334 0.8935546875 0.5462239583333334