0 0.9255555555555556 0.50625 0.9994444444444445 0.50625 0.9255555555555556 0.600625 0.9994444444444445 0.600625
0 0.6188888888888889 0.47625 0.7833333333333333 0.47625 0.6188888888888889 0.593125 0.7833333333333333 0.593125
0 0.3211111111111111 0.485 0.3877777777777778 0.485 0.3211111111111111 0.570625 0.3877777777777778 0.570625
0 0.21611111111111111 0.478125 0.25722222222222224 0.478125 0.21611111111111111 0.560625 0.25722222222222224 0.560625
2 0.5361111111111111 0.440625 0.6072222222222222 0.440625 0.5361111111111111 0.50625 0.6072222222222222 0.50625
2 0.5311111111111111 0.4525 0.5466666666666666 0.4525 0.5311111111111111 0.495625 0.5466666666666666 0.495625
2 0.5216666666666666 0.454375 0.5361111111111111 0.454375 0.5216666666666666 0.489375 0.5361111111111111 0.489375
2 0.5122222222222222 0.455 0.5261111111111111 0.455 0.5122222222222222 0.4875 0.5261111111111111 0.4875
2 0.4922222222222222 0.468125 0.5005555555555555 0.468125 0.4922222222222222 0.47625 0.5005555555555555 0.47625
2 0 0.449375 0.1638888888888889 0.449375 0 0.549375 0.1638888888888889 0.549375
2 0.20833333333333334 0.43875 0.2861111111111111 0.43875 0.20833333333333334 0.510625 0.2861111111111111 0.510625
2 0.30444444444444446 0.453125 0.38166666666666665 0.453125 0.30444444444444446 0.513125 0.38166666666666665 0.513125
2 0.36277777777777775 0.446875 0.4077777777777778 0.446875 0.36277777777777775 0.495625 0.4077777777777778 0.495625
2 0.4011111111111111 0.450625 0.42388888888888887 0.450625 0.4011111111111111 0.486875 0.42388888888888887 0.486875
2 0.4488888888888889 0.47125 0.45611111111111113 0.47125 0.4488888888888889 0.475 0.45611111111111113 0.475
2 0.4666666666666667 0.47 0.4722222222222222 0.47 0.4666666666666667 0.475625 0.4722222222222222 0.475625
2 0.4711111111111111 0.47 0.47555555555555556 0.47 0.4711111111111111 0.475 0.47555555555555556 0.475
7 0.9527777777777777 0.405625 0.9994444444444445 0.405625 0.9527777777777777 0.59 0.9994444444444445 0.59
7 0.6516666666666666 0.39 0.7372222222222222 0.39 0.6516666666666666 0.575 0.7372222222222222 0.575
7 0.32611111111111113 0.425 0.38055555555555554 0.425 0.32611111111111113 0.55375 0.38055555555555554 0.55375
7 0.21444444444444444 0.42625 0.25722222222222224 0.42625 0.21444444444444444 0.5475 0.25722222222222224 0.5475
7 0.4483333333333333 0.46125 0.4533333333333333 0.46125 0.4483333333333333 0.4725 0.4533333333333333 0.4725