1 0.3741830065359477 0.474609375 0.4297385620915033 0.474609375 0.3741830065359477 0.5 0.4297385620915033 0.5
4 0.5874183006535948 0.4697265625 0.5915032679738562 0.4697265625 0.5874183006535948 0.4814453125 0.5915032679738562 0.4814453125
4 0.5220588235294118 0.462890625 0.5269607843137255 0.462890625 0.5220588235294118 0.4765625 0.5269607843137255 0.4765625
4 0.4166666666666667 0.4658203125 0.4207516339869281 0.4658203125 0.4166666666666667 0.4765625 0.4207516339869281 0.4765625
9 0.6584967320261438 0.45703125 0.670751633986928 0.45703125 0.6584967320261438 0.4736328125 0.670751633986928 0.4736328125
9 0.6584967320261438 0.45703125 0.6691176470588235 0.45703125 0.6584967320261438 0.4736328125 0.6691176470588235 0.4736328125
9 0.6584967320261438 0.4716796875 0.6683006535947712 0.4716796875 0.6584967320261438 0.4853515625 0.6683006535947712 0.4853515625
9 0.6576797385620915 0.484375 0.6691176470588235 0.484375 0.6576797385620915 0.5009765625 0.6691176470588235 0.5009765625
9 0.5776143790849673 0.5068359375 0.5980392156862745 0.5068359375 0.5776143790849673 0.5166015625 0.5980392156862745 0.5166015625
9 0.5514705882352942 0.50390625 0.5669934640522876 0.50390625 0.5514705882352942 0.515625 0.5669934640522876 0.515625
9 0.5424836601307189 0.458984375 0.5563725490196079 0.458984375 0.5424836601307189 0.474609375 0.5563725490196079 0.474609375
9 0.5433006535947712 0.474609375 0.5547385620915033 0.474609375 0.5433006535947712 0.48046875 0.5547385620915033 0.48046875
9 0.17565359477124182 0.431640625 0.20261437908496732 0.431640625 0.17565359477124182 0.46484375 0.20261437908496732 0.46484375
7 0.630718954248366 0.494140625 0.6413398692810458 0.494140625 0.630718954248366 0.5234375 0.6413398692810458 0.5234375
2 0 0.5068359375 0.14052287581699346 0.5068359375 0 0.71484375 0.14052287581699346 0.71484375
2 0 0.498046875 0.07761437908496732 0.498046875 0 0.5322265625 0.07761437908496732 0.5322265625
2 0.08415032679738563 0.4970703125 0.25163398692810457 0.4970703125 0.08415032679738563 0.638671875 0.25163398692810457 0.638671875
2 0.21160130718954248 0.4970703125 0.3104575163398693 0.4970703125 0.21160130718954248 0.6005859375 0.3104575163398693 0.6005859375
2 0.29248366013071897 0.4921875 0.37826797385620914 0.4921875 0.29248366013071897 0.548828125 0.37826797385620914 0.548828125
2 0.369281045751634 0.4794921875 0.4133986928104575 0.4794921875 0.369281045751634 0.537109375 0.4133986928104575 0.537109375
2 0.39950980392156865 0.5068359375 0.5 0.5068359375 0.39950980392156865 0.603515625 0.5 0.603515625
2 0.45179738562091504 0.48828125 0.5073529411764706 0.48828125 0.45179738562091504 0.556640625 0.5073529411764706 0.556640625
2 0.7238562091503268 0.5166015625 0.9820261437908496 0.5166015625 0.7238562091503268 0.6884765625 0.9820261437908496 0.6884765625
2 0.6723856209150327 0.4658203125 0.7892156862745098 0.4658203125 0.6723856209150327 0.58203125 0.7892156862745098 0.58203125
2 0.5514705882352942 0.490234375 0.5743464052287581 0.490234375 0.5514705882352942 0.50390625 0.5743464052287581 0.50390625