9 0.915625 0.2353515625 0.975 0.2353515625 0.915625 0.2490234375 0.975 0.2490234375
9 0.93203125 0.25 0.9578125 0.25 0.93203125 0.267578125 0.9578125 0.267578125
9 0.93984375 0.2685546875 0.96015625 0.2685546875 0.93984375 0.3388671875 0.96015625 0.3388671875
7 0.9828125 0.451171875 0.99921875 0.451171875 0.9828125 0.5830078125 0.99921875 0.5830078125
7 0.6859375 0.4375 0.7453125 0.4375 0.6859375 0.5927734375 0.7453125 0.5927734375
7 0.78515625 0.298828125 0.80703125 0.298828125 0.78515625 0.337890625 0.80703125 0.337890625
7 0.20078125 0.4130859375 0.209375 0.4130859375 0.20078125 0.443359375 0.209375 0.443359375
7 0.2484375 0.40625 0.25390625 0.40625 0.2484375 0.431640625 0.25390625 0.431640625
7 0.26171875 0.40625 0.26953125 0.40625 0.26171875 0.4326171875 0.26953125 0.4326171875
7 0.26953125 0.4111328125 0.27734375 0.4111328125 0.26953125 0.4248046875 0.27734375 0.4248046875
7 0.2453125 0.404296875 0.24921875 0.404296875 0.2453125 0.4189453125 0.24921875 0.4189453125
7 0.77265625 0.2900390625 0.78515625 0.2900390625 0.77265625 0.33984375 0.78515625 0.33984375
0 0.259375 0.4609375 0.2875 0.4609375 0.259375 0.5283203125 0.2875 0.5283203125
0 0.15234375 0.4736328125 0.18359375 0.4736328125 0.15234375 0.53515625 0.18359375 0.53515625
0 0.09765625 0.4677734375 0.125 0.4677734375 0.09765625 0.53125 0.125 0.53125
0 0.06328125 0.46875 0.09765625 0.46875 0.06328125 0.5498046875 0.09765625 0.5498046875
0 0.23359375 0.4130859375 0.23671875 0.4130859375 0.23359375 0.4208984375 0.23671875 0.4208984375
2 0.3640625 0.4404296875 0.4703125 0.4404296875 0.3640625 0.5419921875 0.4703125 0.5419921875
2 0.34453125 0.41796875 0.43515625 0.41796875 0.34453125 0.517578125 0.43515625 0.517578125
2 0.33046875 0.4296875 0.36171875 0.4296875 0.33046875 0.5009765625 0.36171875 0.5009765625
2 0.321875 0.427734375 0.34921875 0.427734375 0.321875 0.4814453125 0.34921875 0.4814453125
2 0.30234375 0.4208984375 0.3375 0.4208984375 0.30234375 0.4658203125 0.3375 0.4658203125
2 0.2890625 0.4140625 0.32109375 0.4140625 0.2890625 0.4501953125 0.32109375 0.4501953125
2 0.284375 0.4111328125 0.31328125 0.4111328125 0.284375 0.4423828125 0.31328125 0.4423828125
2 0.278125 0.4072265625 0.303125 0.4072265625 0.278125 0.4267578125 0.303125 0.4267578125
2 0.2703125 0.40625 0.284375 0.40625 0.2703125 0.4228515625 0.284375 0.4228515625
2 0.225 0.404296875 0.23046875 0.404296875 0.225 0.4130859375 0.23046875 0.4130859375
2 0.2203125 0.40625 0.228125 0.40625 0.2203125 0.4169921875 0.228125 0.4169921875
2 0.21328125 0.4072265625 0.225 0.4072265625 0.21328125 0.4208984375 0.225 0.4208984375
2 0.2046875 0.408203125 0.2140625 0.408203125 0.2046875 0.4248046875 0.2140625 0.4248046875
2 0.18828125 0.4072265625 0.20859375 0.4072265625 0.18828125 0.431640625 0.20859375 0.431640625
2 0.18984375 0.4111328125 0.20390625 0.4111328125 0.18984375 0.43359375 0.20390625 0.43359375
2 0.171875 0.4111328125 0.1953125 0.4111328125 0.171875 0.4404296875 0.1953125 0.4404296875
2 0.17421875 0.41796875 0.1890625 0.41796875 0.17421875 0.4462890625 0.1890625 0.4462890625
2 0.14609375 0.412109375 0.18046875 0.412109375 0.14609375 0.44921875 0.18046875 0.44921875
2 0.146875 0.4208984375 0.16953125 0.4208984375 0.146875 0.4541015625 0.16953125 0.4541015625
2 0.10078125 0.4091796875 0.15234375 0.4091796875 0.10078125 0.4755859375 0.15234375 0.4755859375
2 0.05546875 0.4248046875 0.12265625 0.4248046875 0.05546875 0.484375 0.12265625 0.484375
2 0.034375 0.4384765625 0.103125 0.4384765625 0.034375 0.5107421875 0.103125 0.5107421875
2 0 0.455078125 0.05390625 0.455078125 0 0.5517578125 0.05390625 0.5517578125
2 0.01171875 0.4130859375 0.03359375 0.4130859375 0.01171875 0.427734375 0.03359375 0.427734375
2 0.03203125 0.412109375 0.06484375 0.412109375 0.03203125 0.4287109375 0.06484375 0.4287109375
2 0.0640625 0.412109375 0.08359375 0.412109375 0.0640625 0.42578125 0.08359375 0.42578125
2 0.084375 0.408203125 0.1078125 0.408203125 0.084375 0.42578125 0.1078125 0.42578125
2 0.0703125 0.40625 0.084375 0.40625 0.0703125 0.412109375 0.084375 0.412109375
2 0.13359375 0.40625 0.153125 0.40625 0.13359375 0.4140625 0.153125 0.4140625
7 0.06484375 0.4365234375 0.09921875 0.4365234375 0.06484375 0.5283203125 0.09921875 0.5283203125
7 0.096875 0.4326171875 0.1265625 0.4326171875 0.096875 0.5126953125 0.1265625 0.5126953125
7 0.15234375 0.4267578125 0.1828125 0.4267578125 0.15234375 0.5224609375 0.1828125 0.5224609375
7 0.26015625 0.423828125 0.28515625 0.423828125 0.26015625 0.5205078125 0.28515625 0.5205078125
7 0.2328125 0.40625 0.23671875 0.40625 0.2328125 0.419921875 0.23671875 0.419921875