4 0.25326797385620914 0.3447265625 0.272875816993464 0.3447265625 0.25326797385620914 0.4052734375 0.272875816993464 0.4052734375
4 0.26715686274509803 0.5 0.27532679738562094 0.5 0.26715686274509803 0.5263671875 0.27532679738562094 0.5263671875
4 0.636437908496732 0.3828125 0.6413398692810458 0.3828125 0.636437908496732 0.3974609375 0.6413398692810458 0.3974609375
9 0.17973856209150327 0.431640625 0.22630718954248366 0.431640625 0.17973856209150327 0.4794921875 0.22630718954248366 0.4794921875
9 0.4166666666666667 0.4287109375 0.4395424836601307 0.4287109375 0.4166666666666667 0.4560546875 0.4395424836601307 0.4560546875
9 0.4166666666666667 0.40625 0.4395424836601307 0.40625 0.4166666666666667 0.4287109375 0.4395424836601307 0.4287109375
9 0.41421568627450983 0.3798828125 0.43709150326797386 0.3798828125 0.41421568627450983 0.40625 0.43709150326797386 0.40625
9 0.012254901960784314 0.4873046875 0.028594771241830064 0.4873046875 0.012254901960784314 0.509765625 0.028594771241830064 0.509765625
9 0 0.4580078125 0.04411764705882353 0.4580078125 0 0.4765625 0.04411764705882353 0.4765625
9 0.7630718954248366 0.3701171875 0.8014705882352942 0.3701171875 0.7630718954248366 0.4287109375 0.8014705882352942 0.4287109375
5 0.6527777777777778 0.466796875 0.6650326797385621 0.466796875 0.6527777777777778 0.4892578125 0.6650326797385621 0.4892578125
2 0 0.5517578125 0.26633986928104575 0.5517578125 0 0.947265625 0.26633986928104575 0.947265625
2 0.119281045751634 0.5 0.1650326797385621 0.5 0.119281045751634 0.5322265625 0.1650326797385621 0.5322265625
2 0.24918300653594772 0.4833984375 0.3227124183006536 0.4833984375 0.24918300653594772 0.5419921875 0.3227124183006536 0.5419921875
2 0.3480392156862745 0.4697265625 0.48937908496732024 0.4697265625 0.3480392156862745 0.6015625 0.48937908496732024 0.6015625
2 0.5138888888888888 0.455078125 0.5637254901960784 0.455078125 0.5138888888888888 0.5126953125 0.5637254901960784 0.5126953125
2 0.565359477124183 0.45703125 0.5849673202614379 0.45703125 0.565359477124183 0.4794921875 0.5849673202614379 0.4794921875
2 0.5473856209150327 0.470703125 0.6625816993464052 0.470703125 0.5473856209150327 0.5927734375 0.6625816993464052 0.5927734375
2 0.6781045751633987 0.4541015625 0.7524509803921569 0.4541015625 0.6781045751633987 0.529296875 0.7524509803921569 0.529296875
2 0.670751633986928 0.4541015625 0.6928104575163399 0.4541015625 0.670751633986928 0.4794921875 0.6928104575163399 0.4794921875
2 0.7287581699346405 0.4404296875 0.9697712418300654 0.4404296875 0.7287581699346405 0.6591796875 0.9697712418300654 0.6591796875
2 0.9656862745098039 0.4833984375 0.9991830065359477 0.4833984375 0.9656862745098039 0.5966796875 0.9991830065359477 0.5966796875
2 0.6323529411764706 0.4580078125 0.6527777777777778 0.4580078125 0.6323529411764706 0.4775390625 0.6527777777777778 0.4775390625
2 0.920751633986928 0.4404296875 0.9575163398692811 0.4404296875 0.920751633986928 0.46875 0.9575163398692811 0.46875
2 0.5849673202614379 0.455078125 0.6013071895424836 0.455078125 0.5849673202614379 0.47265625 0.6013071895424836 0.47265625
2 0.6013071895424836 0.4560546875 0.6200980392156863 0.4560546875 0.6013071895424836 0.470703125 0.6200980392156863 0.470703125
2 0.49836601307189543 0.4609375 0.5138888888888888 0.4609375 0.49836601307189543 0.4755859375 0.5138888888888888 0.4755859375
7 0.6527777777777778 0.455078125 0.6650326797385621 0.455078125 0.6527777777777778 0.48046875 0.6650326797385621 0.48046875