9 0.61328125 0.431640625 0.62578125 0.431640625 0.61328125 0.443359375 0.62578125 0.443359375
9 0.51875 0.4423828125 0.52578125 0.4423828125 0.51875 0.4541015625 0.52578125 0.4541015625
9 0.37890625 0.4375 0.38671875 0.4375 0.37890625 0.44921875 0.38671875 0.44921875
9 0.15625 0.4189453125 0.18984375 0.4189453125 0.15625 0.4296875 0.18984375 0.4296875
7 0.671875 0.4677734375 0.6953125 0.4677734375 0.671875 0.54296875 0.6953125 0.54296875
7 0.353125 0.46484375 0.359375 0.46484375 0.353125 0.484375 0.359375 0.484375
7 0.35625 0.4638671875 0.36015625 0.4638671875 0.35625 0.484375 0.36015625 0.484375
7 0.3234375 0.46484375 0.340625 0.46484375 0.3234375 0.5283203125 0.340625 0.5283203125
7 0.271875 0.4716796875 0.28984375 0.4716796875 0.271875 0.5302734375 0.28984375 0.5302734375
7 0.259375 0.47265625 0.27421875 0.47265625 0.259375 0.53125 0.27421875 0.53125
7 0.24296875 0.474609375 0.2609375 0.474609375 0.24296875 0.5302734375 0.2609375 0.5302734375
7 0.4390625 0.4619140625 0.44375 0.4619140625 0.4390625 0.4765625 0.44375 0.4765625
7 0.434375 0.462890625 0.4390625 0.462890625 0.434375 0.478515625 0.4390625 0.478515625
2 0.9375 0.6044921875 0.99921875 0.6044921875 0.9375 0.8271484375 0.99921875 0.8271484375
2 0.8203125 0.4912109375 0.99921875 0.4912109375 0.8203125 0.59375 0.99921875 0.59375
2 0.48671875 0.4599609375 0.4953125 0.4599609375 0.48671875 0.47265625 0.4953125 0.47265625
2 0.484375 0.462890625 0.48984375 0.462890625 0.484375 0.4716796875 0.48984375 0.4716796875
2 0.4796875 0.4638671875 0.48515625 0.4638671875 0.4796875 0.4716796875 0.48515625 0.4716796875
2 0.4921875 0.4609375 0.503125 0.4609375 0.4921875 0.4765625 0.503125 0.4765625
2 0.4984375 0.4619140625 0.50859375 0.4619140625 0.4984375 0.482421875 0.50859375 0.482421875
2 0.503125 0.462890625 0.51640625 0.462890625 0.503125 0.482421875 0.51640625 0.482421875
2 0.51171875 0.4638671875 0.53515625 0.4638671875 0.51171875 0.48828125 0.53515625 0.48828125
2 0.5296875 0.4677734375 0.55234375 0.4677734375 0.5296875 0.5009765625 0.55234375 0.5009765625
2 0.54140625 0.4697265625 0.55625 0.4697265625 0.54140625 0.505859375 0.55625 0.505859375
2 0.55 0.4697265625 0.59140625 0.4697265625 0.55 0.51953125 0.59140625 0.51953125
2 0.559375 0.474609375 0.5984375 0.474609375 0.559375 0.5224609375 0.5984375 0.5224609375
2 0.58046875 0.4794921875 0.64921875 0.4794921875 0.58046875 0.5478515625 0.64921875 0.5478515625
2 0.36171875 0.462890625 0.41796875 0.462890625 0.36171875 0.501953125 0.41796875 0.501953125
2 0.45859375 0.4638671875 0.4828125 0.4638671875 0.45859375 0.4873046875 0.4828125 0.4873046875
10 0.3296875 0.5263671875 0.334375 0.5263671875 0.3296875 0.529296875 0.334375 0.529296875
1 0.43828125 0.458984375 0.4546875 0.458984375 0.43828125 0.4736328125 0.4546875 0.4736328125