4 0.23777777777777778 0.363125 0.24666666666666667 0.363125 0.23777777777777778 0.39375 0.24666666666666667 0.39375
4 0.255 0.380625 0.26222222222222225 0.380625 0.255 0.399375 0.26222222222222225 0.399375
4 0.7816666666666666 0.3825 0.7983333333333333 0.3825 0.7816666666666666 0.39875 0.7983333333333333 0.39875
4 0.7666666666666667 0.353125 0.7744444444444445 0.353125 0.7666666666666667 0.380625 0.7744444444444445 0.380625
4 0.7505555555555555 0.355 0.7594444444444445 0.355 0.7505555555555555 0.38125 0.7594444444444445 0.38125
4 0.011111111111111112 0.36 0.021111111111111112 0.36 0.011111111111111112 0.39 0.021111111111111112 0.39
4 0 0.404375 0.006666666666666667 0.404375 0 0.423125 0.006666666666666667 0.423125
9 0.6305555555555555 0.39 0.6372222222222222 0.39 0.6305555555555555 0.40125 0.6372222222222222 0.40125
9 0.7805555555555556 0.3725 0.8072222222222222 0.3725 0.7805555555555556 0.38125 0.8072222222222222 0.38125
7 0 0.42625 0.021111111111111112 0.42625 0 0.611875 0.021111111111111112 0.611875
7 0.15722222222222224 0.50375 0.19944444444444445 0.50375 0.15722222222222224 0.60375 0.19944444444444445 0.60375
7 0.2 0.430625 0.25722222222222224 0.430625 0.2 0.600625 0.25722222222222224 0.600625
7 0.013333333333333334 0.439375 0.03666666666666667 0.439375 0.013333333333333334 0.509375 0.03666666666666667 0.509375
7 0.3877777777777778 0.43 0.4083333333333333 0.43 0.3877777777777778 0.495625 0.4083333333333333 0.495625
7 0.7033333333333334 0.416875 0.715 0.416875 0.7033333333333334 0.431875 0.715 0.431875
7 0.6794444444444444 0.416875 0.6927777777777778 0.416875 0.6794444444444444 0.43125 0.6927777777777778 0.43125
0 0.07 0.471875 0.13555555555555557 0.471875 0.07 0.514375 0.13555555555555557 0.514375
0 0.3288888888888889 0.459375 0.3983333333333333 0.459375 0.3288888888888889 0.508125 0.3983333333333333 0.508125
2 0.4727777777777778 0.43 0.8611111111111112 0.43 0.4727777777777778 0.7 0.8611111111111112 0.7
2 0.8083333333333333 0.384375 0.9994444444444445 0.384375 0.8083333333333333 0.6775 0.9994444444444445 0.6775
2 0.75 0.415 0.8533333333333334 0.415 0.75 0.5 0.8533333333333334 0.5
2 0.31333333333333335 0.4275 0.36833333333333335 0.4275 0.31333333333333335 0.47875 0.36833333333333335 0.47875
2 0.3411111111111111 0.42625 0.4172222222222222 0.42625 0.3411111111111111 0.490625 0.4172222222222222 0.490625
2 0.4122222222222222 0.434375 0.4477777777777778 0.434375 0.4122222222222222 0.47375 0.4477777777777778 0.47375
2 0.44555555555555554 0.438125 0.46055555555555555 0.438125 0.44555555555555554 0.455 0.46055555555555555 0.455
2 0.46555555555555556 0.438125 0.48444444444444446 0.438125 0.46555555555555556 0.455 0.48444444444444446 0.455
2 0.45944444444444443 0.438125 0.4672222222222222 0.438125 0.45944444444444443 0.453125 0.4672222222222222 0.453125
2 0.5388888888888889 0.43 0.5744444444444444 0.43 0.5388888888888889 0.4575 0.5744444444444444 0.4575
2 0.5311111111111111 0.429375 0.5466666666666666 0.429375 0.5311111111111111 0.46 0.5466666666666666 0.46
2 0.5227777777777778 0.4375 0.535 0.4375 0.5227777777777778 0.455 0.535 0.455
2 0.515 0.4375 0.5277777777777778 0.4375 0.515 0.454375 0.5277777777777778 0.454375
2 0.4988888888888889 0.439375 0.5077777777777778 0.439375 0.4988888888888889 0.44875 0.5077777777777778 0.44875
7 0.08388888888888889 0.435625 0.12055555555555555 0.435625 0.08388888888888889 0.50125 0.12055555555555555 0.50125
7 0.34944444444444445 0.43125 0.38 0.43125 0.34944444444444445 0.501875 0.38 0.501875
2 0.5083333333333333 0.431875 0.5233333333333333 0.431875 0.5083333333333333 0.451875 0.5233333333333333 0.451875