4 0.7703125 0.193359375 0.8078125 0.193359375 0.7703125 0.25390625 0.8078125 0.25390625
4 0.01171875 0.3740234375 0.03515625 0.3740234375 0.01171875 0.416015625 0.03515625 0.416015625
4 0.01328125 0.4560546875 0.02890625 0.4560546875 0.01328125 0.4775390625 0.02890625 0.4775390625
4 0.92265625 0.4541015625 0.92890625 0.4541015625 0.92265625 0.4697265625 0.92890625 0.4697265625
9 0.41171875 0.427734375 0.4296875 0.427734375 0.41171875 0.4501953125 0.4296875 0.4501953125
9 0.41640625 0.4501953125 0.4265625 0.4501953125 0.41640625 0.455078125 0.4265625 0.455078125
9 0.91640625 0.4228515625 0.92578125 0.4228515625 0.91640625 0.439453125 0.92578125 0.439453125
9 0.68359375 0.4228515625 0.70078125 0.4228515625 0.68359375 0.443359375 0.70078125 0.443359375
9 0.1609375 0.455078125 0.1671875 0.455078125 0.1609375 0.47265625 0.1671875 0.47265625
2 0.46015625 0.4658203125 0.4953125 0.4658203125 0.46015625 0.5009765625 0.4953125 0.5009765625
3 0.05625 0.5302734375 0.06875 0.5302734375 0.05625 0.5654296875 0.06875 0.5654296875