4 0.553921568627451 0.4814453125 0.5604575163398693 0.4814453125 0.553921568627451 0.5048828125 0.5604575163398693 0.5048828125
4 0.39705882352941174 0.4765625 0.4035947712418301 0.4765625 0.39705882352941174 0.498046875 0.4035947712418301 0.498046875
9 0.8406862745098039 0.3349609375 0.8921568627450981 0.3349609375 0.8406862745098039 0.3935546875 0.8921568627450981 0.3935546875
9 0.8472222222222222 0.3935546875 0.8872549019607843 0.3935546875 0.8472222222222222 0.4091796875 0.8872549019607843 0.4091796875
9 0.8472222222222222 0.4091796875 0.8880718954248366 0.4091796875 0.8472222222222222 0.44140625 0.8880718954248366 0.44140625
9 0.6797385620915033 0.435546875 0.7099673202614379 0.435546875 0.6797385620915033 0.4716796875 0.7099673202614379 0.4716796875
9 0.6797385620915033 0.4716796875 0.7099673202614379 0.4716796875 0.6797385620915033 0.4853515625 0.7099673202614379 0.4853515625
9 0.6797385620915033 0.4853515625 0.7107843137254902 0.4853515625 0.6797385620915033 0.498046875 0.7107843137254902 0.498046875
9 0.5204248366013072 0.50390625 0.5310457516339869 0.50390625 0.5204248366013072 0.5166015625 0.5310457516339869 0.5166015625
9 0.5212418300653595 0.5166015625 0.5302287581699346 0.5166015625 0.5212418300653595 0.521484375 0.5302287581699346 0.521484375
9 0.5228758169934641 0.521484375 0.5285947712418301 0.521484375 0.5228758169934641 0.529296875 0.5285947712418301 0.529296875
9 0.5065359477124183 0.49609375 0.5163398692810458 0.49609375 0.5065359477124183 0.5078125 0.5163398692810458 0.5078125
9 0.5065359477124183 0.5078125 0.5171568627450981 0.5078125 0.5065359477124183 0.517578125 0.5171568627450981 0.517578125
9 0.10620915032679738 0.494140625 0.12009803921568628 0.494140625 0.10620915032679738 0.51171875 0.12009803921568628 0.51171875
9 0 0.400390625 0.032679738562091505 0.400390625 0 0.4775390625 0.032679738562091505 0.4775390625
9 0.5318627450980392 0.4853515625 0.548202614379085 0.4853515625 0.5318627450980392 0.525390625 0.548202614379085 0.525390625
5 0.7769607843137255 0.552734375 0.8970588235294118 0.552734375 0.7769607843137255 0.6748046875 0.8970588235294118 0.6748046875
5 0.6495098039215687 0.544921875 0.75 0.544921875 0.6495098039215687 0.6318359375 0.75 0.6318359375
5 0.6323529411764706 0.5498046875 0.7263071895424836 0.5498046875 0.6323529411764706 0.6201171875 0.7263071895424836 0.6201171875
5 0.6004901960784313 0.5517578125 0.6429738562091504 0.5517578125 0.6004901960784313 0.5986328125 0.6429738562091504 0.5986328125
5 0.5735294117647058 0.5390625 0.6217320261437909 0.5390625 0.5735294117647058 0.5908203125 0.6217320261437909 0.5908203125
2 0.44281045751633985 0.55078125 0.553921568627451 0.55078125 0.44281045751633985 0.6591796875 0.553921568627451 0.6591796875
2 0.33251633986928103 0.5419921875 0.4256535947712418 0.5419921875 0.33251633986928103 0.62890625 0.4256535947712418 0.62890625
2 0.14787581699346405 0.537109375 0.24836601307189543 0.537109375 0.14787581699346405 0.609375 0.24836601307189543 0.609375
2 0.2834967320261438 0.53125 0.3382352941176471 0.53125 0.2834967320261438 0.5751953125 0.3382352941176471 0.5751953125
2 0.44362745098039214 0.5361328125 0.47630718954248363 0.5361328125 0.44362745098039214 0.5625 0.47630718954248363 0.5625
2 0.47794117647058826 0.541015625 0.5130718954248366 0.541015625 0.47794117647058826 0.5537109375 0.5130718954248366 0.5537109375
2 0.018790849673202614 0.54296875 0.10784313725490197 0.54296875 0.018790849673202614 0.6044921875 0.10784313725490197 0.6044921875
2 0 0.533203125 0.031862745098039214 0.533203125 0 0.5712890625 0.031862745098039214 0.5712890625
2 0.15196078431372548 0.5322265625 0.17320261437908496 0.5322265625 0.15196078431372548 0.546875 0.17320261437908496 0.546875
6 0.08823529411764706 0.5107421875 0.13970588235294118 0.5107421875 0.08823529411764706 0.548828125 0.13970588235294118 0.548828125